0 0.249740 0.566667 0.118229 0.077778 0.269792 0.527778 0.268229 0.530556 0.267708 0.530556 0.244271 0.572222 0.243750 0.572222 0.242188 0.575000 0.233333 0.575000 0.232292 0.573148 0.229167 0.573148 0.228646 0.572222 0.223958 0.572222 0.210417 0.548148 0.210417 0.547222 0.201563 0.531481 0.201042 0.531481 0.200521 0.530556 0.197917 0.530556 0.197396 0.529630 0.192188 0.529630 0.191667 0.530556 0.191146 0.530556 0.191146 0.531481 0.190625 0.532407 0.190625 0.536111 0.191146 0.537037 0.191146 0.537963 0.196354 0.547222 0.196354 0.548148 0.228125 0.604630 0.228646 0.604630 0.229167 0.605556 0.253125 0.605556 0.253646 0.604630 0.297396 0.604630 0.307812 0.586111 0.307812 0.585185 0.308854 0.583333 0.308854 0.580556 0.299479 0.563889 0.299479 0.562963 0.286979 0.540741 0.286979 0.539815 0.285417 0.537037 0.285417 0.531481 0.284896 0.531481 0.284375 0.530556 0.281771 0.530556 0.281250 0.529630 0.278646 0.529630 0.278125 0.528704 0.275521 0.528704 0.275000 0.527778
0 0.228125 0.531944 0.087500 0.080556 0.264583 0.491667 0.264062 0.492593 0.263542 0.492593 0.261979 0.495370 0.261458 0.495370 0.239063 0.535185 0.238542 0.535185 0.234896 0.541667 0.234375 0.541667 0.232813 0.544444 0.231771 0.544444 0.231250 0.543519 0.229167 0.543519 0.228646 0.542593 0.228125 0.542593 0.214583 0.518519 0.214583 0.517593 0.203646 0.498148 0.203125 0.498148 0.202604 0.497222 0.200000 0.497222 0.199479 0.496296 0.196354 0.496296 0.195833 0.495370 0.193229 0.495370 0.192708 0.494444 0.189583 0.494444 0.189062 0.493519 0.185938 0.493519 0.184896 0.495370 0.184896 0.496296 0.184375 0.497222 0.184896 0.498148 0.184896 0.500000 0.185938 0.501852 0.185938 0.502778 0.195833 0.520370 0.195833 0.521296 0.210938 0.548148 0.210938 0.549074 0.223438 0.571296 0.223958 0.571296 0.224479 0.572222 0.231250 0.572222 0.231250 0.571296 0.230729 0.570370 0.230729 0.568519 0.231771 0.566667 0.231771 0.565741 0.256771 0.521296 0.256771 0.520370 0.269271 0.498148 0.269792 0.498148 0.271875 0.494444 0.270833 0.494444 0.270313 0.493519 0.268229 0.493519 0.267708 0.492593 0.265625 0.492593 0.265104 0.491667
0 0.214323 0.505556 0.047396 0.075926 0.191667 0.467593 0.190625 0.469444 0.190625 0.471296 0.191146 0.472222 0.191146 0.473148 0.191667 0.474074 0.191667 0.475000 0.198958 0.487963 0.198958 0.488889 0.215104 0.517593 0.215104 0.518519 0.228125 0.541667 0.228646 0.541667 0.229167 0.542593 0.231250 0.542593 0.231771 0.543519 0.232813 0.543519 0.234375 0.540741 0.234896 0.540741 0.238021 0.535185 0.236979 0.535185 0.236458 0.534259 0.233854 0.534259 0.231771 0.530556 0.231771 0.529630 0.231250 0.528704 0.231250 0.527778 0.231771 0.526852 0.231771 0.525926 0.233333 0.523148 0.233333 0.522222 0.236458 0.516667 0.233333 0.516667 0.232813 0.515741 0.229687 0.515741 0.229167 0.514815 0.225521 0.514815 0.225000 0.513889 0.221875 0.513889 0.221354 0.512963 0.218229 0.512963 0.217708 0.512037 0.216667 0.512037 0.216146 0.511111 0.215625 0.511111 0.202604 0.487963 0.202604 0.487037
0 0.221094 0.474074 0.086979 0.083333 0.255729 0.432407 0.239063 0.462037 0.238542 0.462037 0.230208 0.476852 0.229687 0.476852 0.226042 0.483333 0.225521 0.483333 0.223958 0.486111 0.222396 0.486111 0.221875 0.485185 0.219792 0.485185 0.219271 0.484259 0.216667 0.484259 0.216146 0.483333 0.214062 0.483333 0.213542 0.482407 0.210938 0.482407 0.210417 0.481481 0.209896 0.481481 0.209375 0.480556 0.208854 0.480556 0.195833 0.457407 0.195833 0.456481 0.184375 0.436111 0.183854 0.436111 0.183333 0.435185 0.181771 0.435185 0.181250 0.434259 0.179167 0.434259 0.177604 0.437037 0.177604 0.439815 0.178646 0.441667 0.178646 0.442593 0.185938 0.455556 0.185938 0.456481 0.203125 0.487037 0.203125 0.487963 0.215625 0.510185 0.216146 0.510185 0.216667 0.511111 0.217708 0.511111 0.218229 0.512037 0.221354 0.512037 0.221875 0.512963 0.225000 0.512963 0.225521 0.513889 0.229167 0.513889 0.229687 0.514815 0.232813 0.514815 0.233333 0.515741 0.236979 0.515741 0.247396 0.497222 0.245833 0.497222 0.245312 0.496296 0.242708 0.496296 0.242188 0.495370 0.240104 0.495370 0.239583 0.494444 0.239063 0.494444 0.238542 0.493519 0.238021 0.493519 0.237500 0.492593 0.237500 0.491667 0.236979 0.490741 0.236979 0.487963 0.237500 0.487037 0.237500 0.486111 0.240625 0.480556 0.240625 0.479630 0.264583 0.437037 0.264583 0.436111 0.263021 0.436111 0.262500 0.435185 0.261458 0.435185 0.260937 0.434259 0.259896 0.434259 0.259375 0.433333 0.257812 0.433333 0.257292 0.432407
0 0.216927 0.443519 0.092188 0.083333 0.248958 0.401852 0.231771 0.432407 0.230729 0.432407 0.230208 0.431481 0.229167 0.431481 0.228646 0.430556 0.227083 0.430556 0.226562 0.429630 0.225000 0.429630 0.224479 0.428704 0.223438 0.428704 0.222917 0.427778 0.221354 0.427778 0.220833 0.426852 0.219792 0.426852 0.219271 0.425926 0.217708 0.425926 0.217188 0.425000 0.215625 0.425000 0.215104 0.424074 0.214062 0.424074 0.213542 0.423148 0.211979 0.423148 0.211458 0.422222 0.210417 0.422222 0.209896 0.421296 0.208333 0.421296 0.207813 0.420370 0.206771 0.420370 0.206250 0.419444 0.204687 0.419444 0.204167 0.418519 0.202604 0.418519 0.202083 0.417593 0.201042 0.417593 0.200521 0.416667 0.198958 0.416667 0.198437 0.415741 0.197396 0.415741 0.196875 0.414815 0.195312 0.414815 0.194792 0.413889 0.193750 0.413889 0.193229 0.412963 0.191667 0.412963 0.191146 0.412037 0.189583 0.412037 0.189062 0.411111 0.188021 0.411111 0.187500 0.410185 0.185938 0.410185 0.185417 0.409259 0.184375 0.409259 0.183854 0.408333 0.182292 0.408333 0.181771 0.407407 0.180208 0.407407 0.179688 0.406481 0.178646 0.406481 0.178125 0.405556 0.176563 0.405556 0.176042 0.404630 0.175000 0.404630 0.174479 0.403704 0.172396 0.403704 0.171875 0.404630 0.171354 0.404630 0.171354 0.405556 0.170833 0.406481 0.170833 0.409259 0.171875 0.411111 0.171875 0.412037 0.177604 0.422222 0.177604 0.423148 0.196354 0.456481 0.196354 0.457407 0.208854 0.479630 0.209375 0.479630 0.209896 0.480556 0.210417 0.480556 0.210938 0.481481 0.213542 0.481481 0.214062 0.482407 0.216146 0.482407 0.216667 0.483333 0.219271 0.483333 0.219792 0.484259 0.221875 0.484259 0.222396 0.485185 0.223958 0.485185 0.225521 0.482407 0.226042 0.482407 0.229687 0.475926 0.230208 0.475926 0.238542 0.461111 0.239063 0.461111 0.242188 0.455556 0.242188 0.454630 0.241667 0.453704 0.241667 0.452778 0.241146 0.451852 0.241146 0.450000 0.241667 0.449074 0.241667 0.448148 0.244792 0.442593 0.244792 0.441667 0.263021 0.409259 0.261979 0.409259 0.261458 0.408333 0.260417 0.408333 0.259896 0.407407 0.258854 0.407407 0.258333 0.406481 0.257812 0.406481 0.257292 0.405556 0.256250 0.405556 0.255729 0.404630 0.254688 0.404630 0.254167 0.403704 0.253125 0.403704 0.252604 0.402778 0.251563 0.402778 0.251042 0.401852
0 0.331510 0.403704 0.092188 0.077778 0.363542 0.364815 0.362500 0.366667 0.361979 0.366667 0.340104 0.405556 0.339583 0.405556 0.337500 0.409259 0.336979 0.408333 0.336458 0.408333 0.335938 0.407407 0.335417 0.407407 0.334896 0.406481 0.334375 0.406481 0.333854 0.405556 0.333333 0.405556 0.332813 0.404630 0.332292 0.404630 0.331771 0.403704 0.331250 0.403704 0.330729 0.402778 0.329688 0.402778 0.329167 0.401852 0.328646 0.401852 0.328125 0.400926 0.327604 0.400926 0.327083 0.400000 0.326562 0.400000 0.326042 0.399074 0.325521 0.399074 0.325000 0.398148 0.324479 0.398148 0.323958 0.397222 0.323437 0.397222 0.322917 0.396296 0.322396 0.396296 0.321875 0.395370 0.321354 0.395370 0.320833 0.394444 0.320312 0.394444 0.319792 0.393519 0.318750 0.393519 0.318229 0.392593 0.317708 0.392593 0.317188 0.391667 0.316667 0.391667 0.316146 0.390741 0.315625 0.390741 0.315104 0.389815 0.314583 0.389815 0.314063 0.388889 0.313542 0.388889 0.313021 0.387963 0.312500 0.387963 0.311979 0.387037 0.311458 0.387037 0.310937 0.386111 0.310417 0.386111 0.309896 0.385185 0.309375 0.385185 0.308854 0.384259 0.308333 0.384259 0.307812 0.383333 0.306771 0.383333 0.306250 0.382407 0.305729 0.382407 0.305208 0.381481 0.304688 0.381481 0.304167 0.380556 0.303646 0.380556 0.303125 0.379630 0.302604 0.379630 0.302083 0.378704 0.301563 0.378704 0.301042 0.377778 0.300521 0.377778 0.300000 0.376852 0.299479 0.376852 0.298958 0.375926 0.298438 0.375926 0.297917 0.375000 0.297396 0.375000 0.296875 0.374074 0.296354 0.374074 0.295833 0.373148 0.294792 0.373148 0.294271 0.372222 0.293750 0.372222 0.293229 0.371296 0.292708 0.371296 0.292187 0.370370 0.291667 0.370370 0.291146 0.369444 0.290625 0.369444 0.290104 0.368519 0.289583 0.368519 0.289062 0.367593 0.288021 0.367593 0.287500 0.366667 0.286979 0.367593 0.286458 0.367593 0.285417 0.369444 0.285417 0.373148 0.286458 0.375000 0.286458 0.375926 0.307292 0.412963 0.307292 0.413889 0.322917 0.441667 0.323437 0.441667 0.323958 0.442593 0.324479 0.442593 0.362500 0.375000 0.363021 0.375000 0.363542 0.374074 0.365104 0.374074 0.366146 0.375926 0.366667 0.375926 0.367188 0.376852 0.367708 0.376852 0.368750 0.378704 0.369271 0.378704 0.370312 0.380556 0.370833 0.380556 0.371875 0.382407 0.372396 0.382407 0.373437 0.384259 0.373958 0.384259 0.375000 0.386111 0.375521 0.386111 0.376563 0.387963 0.377083 0.387963 0.377604 0.388889 0.371354 0.377778 0.371354 0.376852 0.370833 0.375926 0.370833 0.372222 0.370312 0.372222 0.369271 0.370370 0.368750 0.370370 0.367708 0.368519 0.367188 0.368519 0.366146 0.366667 0.365625 0.366667 0.364583 0.364815
0 0.415104 0.409722 0.087500 0.082407 0.450000 0.368519 0.433854 0.397222 0.433333 0.397222 0.425000 0.412037 0.424479 0.412037 0.420833 0.418519 0.420312 0.418519 0.418750 0.421296 0.418229 0.421296 0.417187 0.423148 0.416146 0.423148 0.413542 0.418519 0.413021 0.418519 0.411458 0.415741 0.410938 0.415741 0.409896 0.413889 0.409375 0.413889 0.408333 0.412037 0.407813 0.412037 0.406250 0.409259 0.405729 0.409259 0.404687 0.407407 0.404167 0.407407 0.403125 0.405556 0.402604 0.405556 0.401042 0.402778 0.400521 0.402778 0.399479 0.400926 0.398958 0.400926 0.397917 0.399074 0.397396 0.399074 0.395833 0.396296 0.395313 0.396296 0.394271 0.394444 0.393750 0.394444 0.392708 0.392593 0.392188 0.392593 0.390625 0.389815 0.390104 0.389815 0.389062 0.387963 0.388542 0.387963 0.387500 0.386111 0.386979 0.386111 0.385417 0.383333 0.384896 0.383333 0.383854 0.381481 0.383333 0.381481 0.382292 0.379630 0.381771 0.379630 0.380208 0.376852 0.379688 0.376852 0.378646 0.375000 0.378125 0.375000 0.377083 0.373148 0.376563 0.373148 0.375521 0.371296 0.375000 0.371296 0.374479 0.370370 0.372396 0.370370 0.371354 0.372222 0.371354 0.375926 0.371875 0.376852 0.371875 0.377778 0.410417 0.446296 0.410938 0.446296 0.411979 0.448148 0.412500 0.448148 0.413021 0.449074 0.413542 0.449074 0.414062 0.450000 0.414583 0.450000 0.415104 0.450926 0.415625 0.450926 0.416146 0.450000 0.416146 0.449074 0.454167 0.381481 0.454688 0.381481 0.455208 0.380556 0.455729 0.380556 0.456250 0.379630 0.456771 0.379630 0.457292 0.380556 0.457813 0.380556 0.458854 0.382407 0.456771 0.378704 0.456771 0.377778 0.454167 0.373148 0.454167 0.372222 0.452083 0.368519
0 0.499740 0.414352 0.084896 0.100926 0.538542 0.363889 0.538021 0.364815 0.537500 0.364815 0.518750 0.398148 0.518229 0.398148 0.511458 0.410185 0.510938 0.410185 0.507812 0.415741 0.507292 0.415741 0.505729 0.418519 0.505208 0.418519 0.504167 0.420370 0.503646 0.420370 0.502604 0.422222 0.501563 0.422222 0.501042 0.423148 0.496875 0.423148 0.496354 0.422222 0.495833 0.422222 0.495312 0.421296 0.494792 0.421296 0.494271 0.420370 0.493750 0.420370 0.492188 0.417593 0.491667 0.417593 0.489583 0.413889 0.489063 0.413889 0.485417 0.407407 0.484896 0.407407 0.475521 0.390741 0.475000 0.390741 0.461979 0.367593 0.461458 0.367593 0.460938 0.366667 0.458333 0.366667 0.457292 0.368519 0.457292 0.372222 0.458333 0.374074 0.458333 0.375000 0.460417 0.378704 0.460417 0.379630 0.462500 0.383333 0.462500 0.384259 0.465104 0.388889 0.465104 0.389815 0.467187 0.393519 0.467187 0.394444 0.469271 0.398148 0.469271 0.399074 0.471875 0.403704 0.471875 0.404630 0.497396 0.450000 0.497396 0.450926 0.498958 0.453704 0.498958 0.454630 0.500521 0.457407 0.500521 0.458333 0.504167 0.464815 0.504687 0.464815 0.505729 0.462963 0.506250 0.462963 0.506771 0.462037 0.505208 0.459259 0.505208 0.458333 0.503646 0.455556 0.503646 0.454630 0.502083 0.451852 0.502083 0.450926 0.501563 0.450000 0.501563 0.448148 0.502083 0.447222 0.502083 0.446296 0.505208 0.440741 0.505208 0.439815 0.541667 0.375000 0.542188 0.375000 0.542188 0.374074 0.541667 0.373148 0.541667 0.368519 0.541146 0.367593 0.541146 0.366667 0.540104 0.364815 0.539583 0.364815 0.539062 0.363889
0 0.589063 0.406481 0.086458 0.103704 0.629167 0.354630 0.628646 0.355556 0.628125 0.355556 0.615104 0.378704 0.614583 0.378704 0.603125 0.399074 0.602604 0.399074 0.598958 0.405556 0.598437 0.405556 0.596354 0.409259 0.595833 0.409259 0.594271 0.412037 0.593750 0.412037 0.593229 0.412963 0.592708 0.412963 0.592187 0.413889 0.591667 0.413889 0.591146 0.414815 0.589583 0.414815 0.589063 0.415741 0.588542 0.415741 0.588021 0.414815 0.586458 0.414815 0.585938 0.413889 0.584896 0.413889 0.583854 0.412037 0.583333 0.412037 0.582292 0.410185 0.581771 0.410185 0.580208 0.407407 0.579688 0.407407 0.576562 0.401852 0.576042 0.401852 0.571354 0.393519 0.570833 0.393519 0.557292 0.369444 0.556771 0.369444 0.550521 0.358333 0.550000 0.358333 0.549479 0.357407 0.546875 0.357407 0.545833 0.359259 0.545833 0.368519 0.546354 0.369444 0.546354 0.373148 0.546875 0.374074 0.547396 0.374074 0.560937 0.398148 0.561458 0.398148 0.587500 0.444444 0.587500 0.445370 0.588021 0.446296 0.588021 0.447222 0.588542 0.448148 0.588021 0.449074 0.588021 0.450926 0.587500 0.451852 0.587500 0.454630 0.586979 0.455556 0.586979 0.457407 0.586458 0.458333 0.589063 0.458333 0.589063 0.456481 0.589583 0.455556 0.589583 0.454630 0.590104 0.453704 0.590104 0.451852 0.590625 0.450926 0.590625 0.449074 0.591146 0.448148 0.591146 0.447222 0.591667 0.446296 0.591667 0.444444 0.592187 0.443519 0.592187 0.441667 0.592708 0.440741 0.592708 0.439815 0.593229 0.438889 0.593229 0.437963 0.627083 0.377778 0.627083 0.376852 0.627604 0.375926 0.627604 0.375000 0.628125 0.374074 0.628125 0.373148 0.629167 0.371296 0.629167 0.370370 0.629687 0.369444 0.629687 0.368519 0.630208 0.367593 0.630208 0.366667 0.630729 0.365741 0.630729 0.364815 0.631771 0.362963 0.631771 0.362037 0.632292 0.361111 0.632292 0.359259 0.631771 0.358333 0.631771 0.357407 0.630729 0.355556 0.630208 0.355556 0.629687 0.354630
0 0.338021 0.567130 0.105208 0.075000 0.364063 0.529630 0.363542 0.530556 0.363021 0.530556 0.357292 0.540741 0.356771 0.540741 0.341146 0.568519 0.340625 0.568519 0.336458 0.575926 0.335938 0.575926 0.334375 0.578704 0.327604 0.578704 0.326042 0.575926 0.323958 0.575926 0.323437 0.575000 0.313021 0.575000 0.312500 0.574074 0.310937 0.574074 0.288542 0.534259 0.288021 0.534259 0.286458 0.531481 0.285938 0.531481 0.285417 0.532407 0.285417 0.537037 0.287500 0.540741 0.287500 0.541667 0.300000 0.563889 0.300000 0.564815 0.316667 0.594444 0.316667 0.595370 0.321875 0.604630 0.371354 0.604630 0.390625 0.570370 0.373437 0.539815 0.373437 0.538889 0.372396 0.537037 0.372396 0.536111 0.371875 0.535185 0.371875 0.534259 0.372396 0.533333 0.371875 0.533333 0.371354 0.532407 0.369271 0.532407 0.368750 0.531481 0.367188 0.531481 0.366667 0.530556 0.365104 0.530556 0.364583 0.529630
0 0.421354 0.567130 0.097917 0.075000 0.451042 0.529630 0.450521 0.530556 0.450000 0.530556 0.428646 0.568519 0.428125 0.568519 0.423438 0.576852 0.422917 0.576852 0.420833 0.580556 0.415104 0.580556 0.414583 0.579630 0.413021 0.579630 0.412500 0.578704 0.411458 0.578704 0.410938 0.577778 0.405208 0.577778 0.404687 0.576852 0.404167 0.576852 0.402604 0.574074 0.402083 0.574074 0.379167 0.533333 0.378646 0.533333 0.377604 0.531481 0.376563 0.531481 0.376042 0.530556 0.373958 0.530556 0.372917 0.532407 0.372917 0.533333 0.372396 0.534259 0.372396 0.535185 0.372917 0.536111 0.372917 0.537037 0.373958 0.538889 0.373958 0.539815 0.398438 0.583333 0.398438 0.584259 0.409896 0.604630 0.444792 0.604630 0.470313 0.559259 0.470313 0.558333 0.461458 0.542593 0.461458 0.541667 0.458854 0.537037 0.458854 0.536111 0.458333 0.535185 0.458333 0.533333 0.457813 0.533333 0.457292 0.532407 0.456250 0.532407 0.455729 0.531481 0.455208 0.531481 0.454688 0.530556 0.453646 0.530556 0.453125 0.529630
0 0.502344 0.567130 0.086979 0.076852 0.539062 0.528704 0.538542 0.529630 0.538021 0.529630 0.519792 0.562037 0.519271 0.562037 0.512500 0.574074 0.511979 0.574074 0.508854 0.579630 0.508333 0.579630 0.506771 0.582407 0.506250 0.582407 0.505729 0.583333 0.505208 0.583333 0.504687 0.582407 0.503125 0.582407 0.502604 0.581481 0.500000 0.581481 0.499479 0.580556 0.496875 0.580556 0.496354 0.579630 0.494271 0.579630 0.493750 0.578704 0.492708 0.578704 0.492188 0.577778 0.491667 0.577778 0.490104 0.575000 0.489583 0.575000 0.468229 0.537037 0.467708 0.537037 0.465104 0.532407 0.464583 0.532407 0.464062 0.531481 0.463542 0.531481 0.463021 0.530556 0.461979 0.530556 0.461458 0.529630 0.460938 0.529630 0.460417 0.530556 0.459896 0.530556 0.458854 0.532407 0.458854 0.535185 0.459375 0.536111 0.459375 0.537037 0.461979 0.541667 0.461979 0.542593 0.497396 0.605556 0.503125 0.605556 0.503646 0.604630 0.514583 0.604630 0.517188 0.600000 0.517708 0.600000 0.519792 0.596296 0.519792 0.595370 0.545312 0.550000 0.545312 0.549074 0.545833 0.548148 0.545833 0.546296 0.545312 0.545370 0.545312 0.544444 0.544792 0.543519 0.544792 0.542593 0.544271 0.541667 0.544271 0.540741 0.543750 0.539815 0.543750 0.538889 0.543229 0.537963 0.543229 0.536111 0.542708 0.535185 0.542708 0.534259 0.542188 0.533333 0.542188 0.532407 0.540104 0.528704
0 0.588802 0.564352 0.084896 0.080556 0.628125 0.524074 0.627604 0.525000 0.627083 0.525000 0.626563 0.525926 0.626042 0.525926 0.625521 0.526852 0.625000 0.526852 0.624479 0.527778 0.623958 0.527778 0.623437 0.528704 0.622917 0.528704 0.622396 0.529630 0.621875 0.529630 0.621354 0.530556 0.620833 0.530556 0.610417 0.549074 0.609896 0.549074 0.596354 0.573148 0.595313 0.573148 0.594792 0.574074 0.593229 0.574074 0.592708 0.575000 0.591667 0.575000 0.589583 0.578704 0.589063 0.578704 0.587500 0.581481 0.586979 0.581481 0.586458 0.582407 0.585417 0.582407 0.584375 0.580556 0.583854 0.580556 0.583333 0.579630 0.582812 0.579630 0.581250 0.576852 0.580729 0.576852 0.578125 0.572222 0.577604 0.572222 0.572917 0.563889 0.572396 0.563889 0.554167 0.531481 0.553646 0.531481 0.550521 0.525926 0.550000 0.525926 0.549479 0.525000 0.547917 0.525000 0.546354 0.527778 0.546354 0.531481 0.546875 0.532407 0.546875 0.533333 0.547396 0.534259 0.547396 0.535185 0.547917 0.536111 0.547917 0.537037 0.548438 0.537963 0.548438 0.539815 0.548958 0.540741 0.548958 0.541667 0.549479 0.542593 0.549479 0.543519 0.581250 0.600000 0.581771 0.600000 0.582292 0.600926 0.582812 0.600926 0.583333 0.601852 0.584375 0.601852 0.584896 0.602778 0.585938 0.602778 0.586458 0.603704 0.586979 0.603704 0.587500 0.604630 0.590104 0.604630 0.592187 0.600926 0.592708 0.600926 0.626042 0.541667 0.626042 0.540741 0.631250 0.531481 0.631250 0.526852 0.629687 0.524074
0 0.674740 0.566204 0.101562 0.078704 0.721875 0.526852 0.721354 0.527778 0.720833 0.527778 0.694792 0.574074 0.694271 0.574074 0.693750 0.575000 0.691146 0.575000 0.690625 0.575926 0.685417 0.575926 0.684896 0.576852 0.679167 0.576852 0.678646 0.577778 0.673438 0.577778 0.671875 0.575000 0.671354 0.575000 0.667188 0.567593 0.666667 0.567593 0.658333 0.552778 0.657813 0.552778 0.645833 0.531481 0.645312 0.531481 0.643750 0.528704 0.642708 0.528704 0.642188 0.527778 0.641667 0.528704 0.640625 0.528704 0.640104 0.529630 0.639583 0.529630 0.639062 0.530556 0.638542 0.530556 0.638021 0.531481 0.637500 0.531481 0.636979 0.532407 0.636458 0.532407 0.635417 0.534259 0.634896 0.534259 0.634375 0.535185 0.633854 0.535185 0.633333 0.536111 0.632812 0.536111 0.632292 0.537037 0.631771 0.537037 0.631250 0.537963 0.630729 0.537963 0.630208 0.538889 0.629687 0.538889 0.629167 0.539815 0.628646 0.539815 0.628125 0.540741 0.627604 0.540741 0.627083 0.541667 0.626563 0.541667 0.623958 0.546296 0.623958 0.548148 0.624479 0.549074 0.624479 0.550000 0.638542 0.575000 0.639062 0.575000 0.655729 0.604630 0.677604 0.604630 0.678125 0.605556 0.685417 0.605556 0.724479 0.536111 0.724479 0.535185 0.725521 0.533333 0.725521 0.530556 0.723437 0.526852
0 0.279427 0.534722 0.096354 0.080556 0.272396 0.494444 0.269792 0.499074 0.269271 0.499074 0.257292 0.520370 0.257292 0.521296 0.232292 0.565741 0.232292 0.566667 0.231250 0.568519 0.231250 0.570370 0.231771 0.571296 0.231771 0.572222 0.232813 0.574074 0.233333 0.574074 0.233854 0.575000 0.242188 0.575000 0.244271 0.571296 0.244792 0.571296 0.268229 0.529630 0.268750 0.529630 0.270313 0.526852 0.272917 0.526852 0.273438 0.527778 0.276042 0.527778 0.276562 0.528704 0.279167 0.528704 0.279687 0.529630 0.282292 0.529630 0.282813 0.530556 0.286458 0.530556 0.288021 0.533333 0.288542 0.533333 0.310937 0.573148 0.312500 0.573148 0.313021 0.574074 0.323437 0.574074 0.323958 0.575000 0.325521 0.575000 0.325521 0.574074 0.325000 0.573148 0.325000 0.572222 0.325521 0.571296 0.325521 0.570370 0.327083 0.567593 0.327083 0.566667 0.327604 0.565741 0.325521 0.565741 0.325000 0.564815 0.321354 0.564815 0.320833 0.563889 0.320312 0.563889 0.292187 0.513889 0.292187 0.512963 0.283333 0.497222 0.281771 0.497222 0.281250 0.496296 0.279167 0.496296 0.278646 0.495370 0.276562 0.495370 0.276042 0.494444
0 0.369010 0.538426 0.086979 0.078704 0.366146 0.499074 0.365625 0.500000 0.365104 0.500000 0.327604 0.566667 0.327604 0.567593 0.326042 0.570370 0.326042 0.571296 0.325521 0.572222 0.325521 0.573148 0.326042 0.574074 0.326042 0.575000 0.327604 0.577778 0.334375 0.577778 0.335938 0.575000 0.336458 0.575000 0.340625 0.567593 0.341146 0.567593 0.356771 0.539815 0.357292 0.539815 0.363021 0.529630 0.363542 0.529630 0.364063 0.528704 0.364583 0.528704 0.365104 0.529630 0.366667 0.529630 0.367188 0.530556 0.368750 0.530556 0.369271 0.531481 0.371354 0.531481 0.371875 0.532407 0.372396 0.532407 0.373958 0.529630 0.376042 0.529630 0.376563 0.530556 0.377604 0.530556 0.378646 0.532407 0.379167 0.532407 0.402083 0.573148 0.402604 0.573148 0.404167 0.575926 0.404687 0.575926 0.405208 0.576852 0.410938 0.576852 0.411458 0.577778 0.411458 0.576852 0.410938 0.575926 0.410938 0.575000 0.410417 0.574074 0.410938 0.573148 0.410938 0.571296 0.412500 0.568519 0.410417 0.568519 0.409896 0.567593 0.409375 0.567593 0.406250 0.562037 0.405729 0.562037 0.403646 0.558333 0.403646 0.557407 0.371875 0.500926 0.371354 0.500926 0.370833 0.500000 0.369271 0.500000 0.368750 0.499074
0 0.459375 0.540278 0.096875 0.084259 0.453125 0.498148 0.452604 0.499074 0.452083 0.499074 0.450000 0.502778 0.449479 0.502778 0.427604 0.541667 0.427604 0.542593 0.411458 0.571296 0.411458 0.573148 0.410938 0.574074 0.411458 0.575000 0.411458 0.575926 0.411979 0.576852 0.411979 0.577778 0.412500 0.577778 0.413021 0.578704 0.414583 0.578704 0.415104 0.579630 0.420833 0.579630 0.422917 0.575926 0.423438 0.575926 0.428125 0.567593 0.428646 0.567593 0.450000 0.529630 0.450521 0.529630 0.451042 0.528704 0.453125 0.528704 0.453646 0.529630 0.454688 0.529630 0.455208 0.530556 0.455729 0.530556 0.456250 0.531481 0.457292 0.531481 0.457813 0.532407 0.458333 0.532407 0.459896 0.529630 0.460417 0.529630 0.460938 0.528704 0.461458 0.528704 0.461979 0.529630 0.463021 0.529630 0.463542 0.530556 0.464062 0.530556 0.464583 0.531481 0.465104 0.531481 0.467708 0.536111 0.468229 0.536111 0.489583 0.574074 0.490104 0.574074 0.491667 0.576852 0.492188 0.576852 0.492708 0.577778 0.493750 0.577778 0.494271 0.578704 0.496354 0.578704 0.496875 0.579630 0.499479 0.579630 0.500000 0.580556 0.502604 0.580556 0.503125 0.581481 0.505208 0.581481 0.505729 0.582407 0.506250 0.581481 0.506771 0.581481 0.507812 0.579630 0.506771 0.579630 0.506250 0.578704 0.504687 0.578704 0.504167 0.577778 0.503646 0.577778 0.502604 0.575926 0.502604 0.575000 0.502083 0.574074 0.502083 0.571296 0.502604 0.570370 0.502083 0.569444 0.501042 0.569444 0.500521 0.568519 0.498958 0.568519 0.498437 0.567593 0.497396 0.567593 0.496354 0.565741 0.495833 0.565741 0.461458 0.504630 0.460938 0.504630 0.460417 0.503704 0.459896 0.503704 0.459375 0.502778 0.458854 0.502778 0.458333 0.501852 0.457813 0.501852 0.457292 0.500926 0.456771 0.500926 0.455729 0.499074 0.455208 0.499074 0.454688 0.498148
0 0.545052 0.537963 0.084896 0.081481 0.544271 0.497222 0.543750 0.498148 0.543229 0.498148 0.503646 0.568519 0.503646 0.569444 0.502604 0.571296 0.502604 0.574074 0.503125 0.575000 0.503125 0.575926 0.503646 0.576852 0.504167 0.576852 0.504687 0.577778 0.506250 0.577778 0.506771 0.578704 0.508854 0.578704 0.511979 0.573148 0.512500 0.573148 0.519271 0.561111 0.519792 0.561111 0.538021 0.528704 0.538542 0.528704 0.539062 0.527778 0.540104 0.527778 0.542708 0.532407 0.542708 0.533333 0.543229 0.534259 0.543229 0.535185 0.543750 0.536111 0.543750 0.537963 0.544792 0.536111 0.545312 0.536111 0.545833 0.535185 0.546354 0.535185 0.546875 0.534259 0.546354 0.533333 0.546354 0.532407 0.545833 0.531481 0.545833 0.527778 0.547917 0.524074 0.549479 0.524074 0.550000 0.525000 0.550521 0.525000 0.553646 0.530556 0.554167 0.530556 0.572396 0.562963 0.572917 0.562963 0.577604 0.571296 0.578125 0.571296 0.580729 0.575926 0.581250 0.575926 0.582812 0.578704 0.583854 0.578704 0.584375 0.577778 0.584896 0.577778 0.585417 0.576852 0.586458 0.576852 0.587500 0.575000 0.587500 0.571296 0.586979 0.570370 0.586979 0.569444 0.582812 0.562037 0.582812 0.561111 0.581771 0.559259 0.581250 0.559259 0.547917 0.500000 0.547396 0.500000 0.546354 0.498148 0.545833 0.498148 0.545312 0.497222
0 0.632031 0.534259 0.090104 0.083333 0.634375 0.492593 0.633854 0.493519 0.633333 0.493519 0.632812 0.494444 0.632292 0.494444 0.630729 0.497222 0.630208 0.497222 0.628646 0.500000 0.628125 0.500000 0.627083 0.501852 0.626563 0.501852 0.625000 0.504630 0.624479 0.504630 0.622917 0.507407 0.622396 0.507407 0.593229 0.559259 0.592708 0.559259 0.590625 0.562963 0.590104 0.562963 0.586979 0.568519 0.587500 0.569444 0.587500 0.570370 0.588021 0.571296 0.588021 0.575926 0.588542 0.575926 0.589063 0.575000 0.590625 0.575000 0.591146 0.574074 0.592708 0.574074 0.593229 0.573148 0.594792 0.573148 0.595313 0.572222 0.596354 0.572222 0.609896 0.548148 0.610417 0.548148 0.620833 0.529630 0.621354 0.529630 0.621875 0.528704 0.622396 0.528704 0.622917 0.527778 0.623437 0.527778 0.623958 0.526852 0.624479 0.526852 0.625000 0.525926 0.625521 0.525926 0.626042 0.525000 0.626563 0.525000 0.627083 0.524074 0.627604 0.524074 0.628125 0.523148 0.629687 0.523148 0.631771 0.526852 0.631771 0.531481 0.628125 0.537963 0.628646 0.538889 0.629167 0.538889 0.629687 0.537963 0.630208 0.537963 0.630729 0.537037 0.631250 0.537037 0.631771 0.536111 0.632292 0.536111 0.632812 0.535185 0.633333 0.535185 0.633854 0.534259 0.634375 0.534259 0.634896 0.533333 0.635417 0.533333 0.636458 0.531481 0.636979 0.531481 0.637500 0.530556 0.638021 0.530556 0.638542 0.529630 0.639062 0.529630 0.639583 0.528704 0.640104 0.528704 0.640625 0.527778 0.641667 0.527778 0.642188 0.526852 0.642708 0.527778 0.643750 0.527778 0.645312 0.530556 0.645833 0.530556 0.657813 0.551852 0.658333 0.551852 0.666667 0.566667 0.667188 0.566667 0.670312 0.572222 0.672917 0.572222 0.673438 0.571296 0.676042 0.571296 0.677083 0.569444 0.677083 0.565741 0.676562 0.564815 0.676562 0.563889 0.656250 0.527778 0.655729 0.527778 0.637500 0.495370 0.636979 0.495370 0.635938 0.493519 0.635417 0.493519 0.634896 0.492593
0 0.326302 0.524537 0.090104 0.080556 0.360417 0.484259 0.358854 0.487037 0.358333 0.487037 0.335938 0.526852 0.335417 0.526852 0.331771 0.533333 0.331250 0.533333 0.329167 0.537037 0.328646 0.537037 0.328125 0.537963 0.326042 0.537963 0.325521 0.537037 0.325000 0.537037 0.324479 0.536111 0.323437 0.536111 0.322917 0.535185 0.319792 0.535185 0.319271 0.534259 0.316146 0.534259 0.315625 0.533333 0.312500 0.533333 0.311979 0.532407 0.311458 0.532407 0.310417 0.530556 0.309896 0.530556 0.285938 0.487963 0.285417 0.487963 0.284375 0.486111 0.282292 0.486111 0.281250 0.487963 0.281250 0.491667 0.282292 0.493519 0.282292 0.494444 0.292708 0.512963 0.292708 0.513889 0.320312 0.562963 0.320833 0.562963 0.321354 0.563889 0.325000 0.563889 0.325521 0.564815 0.328125 0.564815 0.365104 0.499074 0.365625 0.499074 0.366146 0.498148 0.368750 0.498148 0.369271 0.499074 0.370833 0.499074 0.371354 0.500000 0.371354 0.499074 0.369271 0.495370 0.369271 0.491667 0.370312 0.489815 0.370312 0.488889 0.368750 0.488889 0.368229 0.487963 0.367188 0.487963 0.366667 0.487037 0.365625 0.487037 0.365104 0.486111 0.364063 0.486111 0.363542 0.485185 0.362500 0.485185 0.361979 0.484259
0 0.415365 0.527778 0.091146 0.079630 0.449479 0.487963 0.448958 0.488889 0.448437 0.488889 0.427604 0.525926 0.427083 0.525926 0.421875 0.535185 0.421354 0.535185 0.418750 0.539815 0.418229 0.539815 0.417187 0.541667 0.416146 0.541667 0.415625 0.540741 0.414062 0.540741 0.413542 0.539815 0.411979 0.539815 0.411458 0.538889 0.409375 0.538889 0.408854 0.537963 0.407292 0.537963 0.406771 0.537037 0.404687 0.537037 0.404167 0.536111 0.403125 0.536111 0.402604 0.535185 0.402083 0.535185 0.385417 0.505556 0.384896 0.505556 0.377083 0.491667 0.376042 0.491667 0.375521 0.490741 0.374479 0.490741 0.373958 0.489815 0.372917 0.489815 0.372396 0.488889 0.371354 0.488889 0.369792 0.491667 0.369792 0.495370 0.371875 0.499074 0.371875 0.500000 0.404167 0.557407 0.404167 0.558333 0.405729 0.561111 0.406250 0.561111 0.409375 0.566667 0.409896 0.566667 0.410417 0.567593 0.413021 0.567593 0.427083 0.542593 0.427083 0.541667 0.449479 0.501852 0.450000 0.501852 0.452083 0.498148 0.452604 0.498148 0.453125 0.497222 0.454688 0.497222 0.455208 0.498148 0.455729 0.498148 0.456771 0.500000 0.457292 0.500000 0.457813 0.500926 0.458333 0.500926 0.458854 0.501852 0.459375 0.501852 0.459896 0.502778 0.460417 0.502778 0.460938 0.503704 0.456771 0.496296 0.456771 0.495370 0.454688 0.491667 0.454167 0.491667 0.453125 0.489815 0.452604 0.489815 0.452083 0.488889 0.451562 0.488889 0.451042 0.487963
0 0.499219 0.527315 0.086979 0.084259 0.538021 0.485185 0.537500 0.486111 0.536979 0.486111 0.517188 0.521296 0.516667 0.521296 0.510417 0.532407 0.509896 0.532407 0.506771 0.537963 0.506250 0.537963 0.504687 0.540741 0.504167 0.540741 0.503125 0.542593 0.502604 0.542593 0.502083 0.543519 0.501563 0.543519 0.501042 0.544444 0.500000 0.544444 0.499479 0.543519 0.498958 0.543519 0.498437 0.542593 0.497917 0.542593 0.497396 0.541667 0.496875 0.541667 0.496354 0.540741 0.495833 0.540741 0.495312 0.539815 0.494792 0.539815 0.493750 0.537963 0.493229 0.537963 0.492708 0.537037 0.492188 0.537037 0.474479 0.505556 0.473958 0.505556 0.469792 0.498148 0.469271 0.498148 0.468229 0.496296 0.467708 0.496296 0.467187 0.495370 0.466667 0.495370 0.465625 0.493519 0.465104 0.493519 0.464062 0.491667 0.463542 0.491667 0.463021 0.490741 0.462500 0.490741 0.461458 0.488889 0.460938 0.488889 0.459896 0.487037 0.459375 0.487037 0.458854 0.486111 0.457813 0.486111 0.457292 0.487037 0.456771 0.487037 0.455729 0.488889 0.455729 0.492593 0.457292 0.495370 0.457292 0.496296 0.495833 0.564815 0.496354 0.564815 0.497396 0.566667 0.498437 0.566667 0.498958 0.567593 0.500521 0.567593 0.501042 0.568519 0.502083 0.568519 0.502604 0.569444 0.503125 0.569444 0.503125 0.568519 0.542708 0.498148 0.542708 0.496296 0.542188 0.495370 0.542188 0.492593 0.541667 0.491667 0.541667 0.489815 0.541146 0.488889 0.541146 0.487963 0.539583 0.485185
0 0.589063 0.523148 0.086458 0.085185 0.629167 0.480556 0.628646 0.481481 0.628125 0.481481 0.624479 0.487963 0.623958 0.487963 0.619271 0.496296 0.618750 0.496296 0.613542 0.505556 0.613021 0.505556 0.595833 0.536111 0.595313 0.536111 0.594271 0.537963 0.593750 0.537963 0.593229 0.538889 0.592708 0.538889 0.592187 0.539815 0.591667 0.539815 0.591146 0.540741 0.586979 0.540741 0.586458 0.539815 0.585417 0.539815 0.584375 0.537963 0.583854 0.537963 0.583333 0.537037 0.582812 0.537037 0.581250 0.534259 0.580729 0.534259 0.578125 0.529630 0.577604 0.529630 0.572917 0.521296 0.572396 0.521296 0.555729 0.491667 0.555208 0.491667 0.550521 0.483333 0.550000 0.483333 0.549479 0.482407 0.547396 0.482407 0.545833 0.485185 0.545833 0.487963 0.546354 0.488889 0.546354 0.491667 0.546875 0.492593 0.546875 0.495370 0.547396 0.496296 0.547396 0.499074 0.547917 0.499074 0.581250 0.558333 0.581771 0.558333 0.583333 0.561111 0.583333 0.562037 0.585417 0.565741 0.586458 0.565741 0.586979 0.564815 0.587500 0.564815 0.588021 0.563889 0.588542 0.563889 0.589063 0.562963 0.589583 0.562963 0.590104 0.562037 0.590625 0.562037 0.592708 0.558333 0.593229 0.558333 0.627604 0.497222 0.627604 0.496296 0.631771 0.488889 0.631771 0.487963 0.632292 0.487037 0.632292 0.484259 0.630729 0.481481 0.630208 0.481481 0.629687 0.480556
0 0.689323 0.534259 0.094271 0.085185 0.732292 0.491667 0.731771 0.492593 0.730729 0.492593 0.730208 0.493519 0.729167 0.493519 0.728646 0.494444 0.727604 0.494444 0.727083 0.495370 0.726042 0.495370 0.725521 0.496296 0.724479 0.496296 0.723958 0.497222 0.722917 0.497222 0.722396 0.498148 0.721354 0.498148 0.696875 0.541667 0.696354 0.541667 0.694271 0.545370 0.692708 0.545370 0.692187 0.546296 0.690625 0.546296 0.690104 0.547222 0.688021 0.547222 0.687500 0.548148 0.686458 0.548148 0.685417 0.546296 0.684896 0.546296 0.682813 0.542593 0.682292 0.542593 0.679167 0.537037 0.678646 0.537037 0.672917 0.526852 0.672396 0.526852 0.657292 0.500000 0.656771 0.500000 0.653646 0.494444 0.653125 0.494444 0.652083 0.492593 0.650000 0.492593 0.648958 0.494444 0.648438 0.494444 0.647396 0.496296 0.646875 0.496296 0.645833 0.498148 0.645312 0.498148 0.644792 0.499074 0.644271 0.499074 0.643229 0.500926 0.642708 0.500926 0.642188 0.501852 0.642188 0.502778 0.655729 0.526852 0.656250 0.526852 0.677083 0.563889 0.677083 0.564815 0.677604 0.565741 0.677604 0.569444 0.676042 0.572222 0.673438 0.572222 0.672917 0.573148 0.670833 0.573148 0.671354 0.574074 0.671875 0.574074 0.673438 0.576852 0.678646 0.576852 0.679167 0.575926 0.684896 0.575926 0.685417 0.575000 0.690625 0.575000 0.691146 0.574074 0.693750 0.574074 0.694271 0.573148 0.694792 0.573148 0.735938 0.500000 0.735938 0.499074 0.736458 0.498148 0.736458 0.494444 0.734896 0.491667
0 0.278385 0.493981 0.093229 0.082407 0.273438 0.452778 0.272396 0.454630 0.271875 0.454630 0.233854 0.522222 0.233854 0.523148 0.232292 0.525926 0.232292 0.526852 0.231771 0.527778 0.231771 0.528704 0.232292 0.529630 0.232292 0.530556 0.233854 0.533333 0.236458 0.533333 0.236979 0.534259 0.239063 0.534259 0.261458 0.494444 0.261979 0.494444 0.263542 0.491667 0.264062 0.491667 0.264583 0.490741 0.265104 0.490741 0.265625 0.491667 0.267708 0.491667 0.268229 0.492593 0.270313 0.492593 0.270833 0.493519 0.276042 0.493519 0.276562 0.494444 0.278646 0.494444 0.279167 0.495370 0.281250 0.495370 0.281771 0.496296 0.282813 0.496296 0.281771 0.494444 0.281771 0.493519 0.280729 0.491667 0.280729 0.487963 0.282292 0.485185 0.284375 0.485185 0.285417 0.487037 0.285938 0.487037 0.309896 0.529630 0.310417 0.529630 0.311458 0.531481 0.311979 0.531481 0.312500 0.532407 0.315625 0.532407 0.316146 0.533333 0.319271 0.533333 0.319792 0.534259 0.322917 0.534259 0.323437 0.535185 0.323958 0.535185 0.322917 0.533333 0.322917 0.529630 0.323958 0.527778 0.323958 0.526852 0.325000 0.525000 0.323958 0.525000 0.323437 0.524074 0.322396 0.524074 0.321354 0.522222 0.320833 0.522222 0.307812 0.499074 0.307812 0.498148 0.285417 0.458333 0.284375 0.458333 0.283854 0.457407 0.282292 0.457407 0.281771 0.456481 0.280729 0.456481 0.280208 0.455556 0.278646 0.455556 0.278125 0.454630 0.277083 0.454630 0.276562 0.453704 0.275000 0.453704 0.274479 0.452778
0 0.370312 0.498611 0.093750 0.084259 0.365104 0.456481 0.364583 0.457407 0.364063 0.457407 0.363542 0.458333 0.363021 0.458333 0.324479 0.526852 0.324479 0.527778 0.323437 0.529630 0.323437 0.533333 0.325000 0.536111 0.325521 0.536111 0.326042 0.537037 0.328125 0.537037 0.328646 0.536111 0.329167 0.536111 0.331250 0.532407 0.331771 0.532407 0.335417 0.525926 0.335938 0.525926 0.358333 0.486111 0.358854 0.486111 0.360417 0.483333 0.361979 0.483333 0.362500 0.484259 0.363542 0.484259 0.364063 0.485185 0.365104 0.485185 0.365625 0.486111 0.366667 0.486111 0.367188 0.487037 0.368229 0.487037 0.368750 0.487963 0.370312 0.487963 0.370833 0.488889 0.371354 0.487963 0.372396 0.487963 0.372917 0.488889 0.373958 0.488889 0.374479 0.489815 0.375521 0.489815 0.376042 0.490741 0.377083 0.490741 0.384896 0.504630 0.385417 0.504630 0.402083 0.534259 0.402604 0.534259 0.403125 0.535185 0.404167 0.535185 0.404687 0.536111 0.406771 0.536111 0.407292 0.537037 0.408854 0.537037 0.409375 0.537963 0.411458 0.537963 0.411979 0.538889 0.413542 0.538889 0.414062 0.539815 0.415625 0.539815 0.416146 0.540741 0.417187 0.540741 0.416667 0.539815 0.415625 0.539815 0.415104 0.538889 0.414583 0.538889 0.413542 0.537037 0.413542 0.536111 0.413021 0.535185 0.413021 0.533333 0.413542 0.532407 0.413542 0.531481 0.414583 0.529630 0.413542 0.529630 0.413021 0.528704 0.412500 0.528704 0.411979 0.527778 0.411458 0.527778 0.375521 0.463889 0.374479 0.463889 0.373958 0.462963 0.373437 0.462963 0.372917 0.462037 0.372396 0.462037 0.371875 0.461111 0.370833 0.461111 0.370312 0.460185 0.369792 0.460185 0.369271 0.459259 0.368229 0.459259 0.367708 0.458333 0.367188 0.458333 0.366667 0.457407 0.365625 0.457407
0 0.459375 0.501389 0.091667 0.084259 0.454688 0.459259 0.453646 0.461111 0.453125 0.461111 0.415625 0.527778 0.415625 0.528704 0.414062 0.531481 0.414062 0.532407 0.413542 0.533333 0.413542 0.535185 0.414062 0.536111 0.414062 0.537037 0.414583 0.537963 0.415104 0.537963 0.415625 0.538889 0.416667 0.538889 0.417187 0.539815 0.417708 0.539815 0.418229 0.538889 0.418750 0.538889 0.421354 0.534259 0.421875 0.534259 0.427083 0.525000 0.427604 0.525000 0.448437 0.487963 0.448958 0.487963 0.449479 0.487037 0.451042 0.487037 0.451562 0.487963 0.452083 0.487963 0.452604 0.488889 0.453125 0.488889 0.454167 0.490741 0.454688 0.490741 0.455208 0.491667 0.455208 0.488889 0.456771 0.486111 0.457292 0.486111 0.457813 0.485185 0.458854 0.485185 0.459375 0.486111 0.459896 0.486111 0.460938 0.487963 0.461458 0.487963 0.462500 0.489815 0.463021 0.489815 0.463542 0.490741 0.464062 0.490741 0.465104 0.492593 0.465625 0.492593 0.466667 0.494444 0.467187 0.494444 0.467708 0.495370 0.468229 0.495370 0.469271 0.497222 0.469792 0.497222 0.473958 0.504630 0.474479 0.504630 0.492188 0.536111 0.492708 0.536111 0.493229 0.537037 0.493750 0.537037 0.494792 0.538889 0.495312 0.538889 0.495833 0.539815 0.496354 0.539815 0.496875 0.540741 0.497396 0.540741 0.497917 0.541667 0.498437 0.541667 0.498958 0.542593 0.499479 0.542593 0.500000 0.543519 0.501042 0.543519 0.501563 0.542593 0.502083 0.542593 0.502604 0.541667 0.503125 0.541667 0.504167 0.539815 0.504687 0.539815 0.505208 0.538889 0.505208 0.537963 0.503125 0.534259 0.503125 0.532407 0.502604 0.531481 0.502083 0.531481 0.501563 0.530556 0.501042 0.530556 0.500000 0.528704 0.499479 0.528704 0.497396 0.525000 0.496875 0.525000 0.470833 0.478704 0.470313 0.478704 0.468750 0.475926 0.468229 0.475926 0.466667 0.473148 0.466146 0.473148 0.464062 0.469444 0.463542 0.469444 0.461979 0.466667 0.461458 0.466667 0.459896 0.463889 0.459375 0.463889 0.457813 0.461111 0.457292 0.461111 0.456250 0.459259
0 0.545573 0.498611 0.083854 0.080556 0.544271 0.458333 0.543229 0.460185 0.542708 0.460185 0.505729 0.525926 0.505729 0.526852 0.503646 0.530556 0.503646 0.534259 0.505729 0.537963 0.506250 0.537037 0.506771 0.537037 0.509896 0.531481 0.510417 0.531481 0.516667 0.520370 0.517188 0.520370 0.536979 0.485185 0.537500 0.485185 0.538021 0.484259 0.539583 0.484259 0.541667 0.487963 0.541667 0.488889 0.542188 0.489815 0.542188 0.491667 0.542708 0.492593 0.542708 0.495370 0.543229 0.496296 0.543229 0.497222 0.543750 0.497222 0.544271 0.496296 0.545312 0.496296 0.545833 0.497222 0.546354 0.497222 0.546875 0.498148 0.546875 0.496296 0.546354 0.495370 0.546354 0.492593 0.545833 0.491667 0.545833 0.488889 0.545312 0.487963 0.545312 0.485185 0.547396 0.481481 0.549479 0.481481 0.550000 0.482407 0.550521 0.482407 0.555208 0.490741 0.555729 0.490741 0.572396 0.520370 0.572917 0.520370 0.577604 0.528704 0.578125 0.528704 0.580729 0.533333 0.581250 0.533333 0.582812 0.536111 0.583333 0.536111 0.583854 0.537037 0.584375 0.537037 0.585417 0.538889 0.585417 0.537963 0.586979 0.535185 0.586979 0.534259 0.587500 0.533333 0.587500 0.531481 0.586979 0.530556 0.586979 0.529630 0.585938 0.527778 0.585938 0.526852 0.570312 0.499074 0.569792 0.499074 0.547917 0.460185 0.547396 0.460185 0.546354 0.458333
0 0.633333 0.493981 0.093750 0.091667 0.635417 0.448148 0.634375 0.450000 0.633854 0.450000 0.594792 0.519444 0.594792 0.520370 0.591667 0.525926 0.591667 0.526852 0.588542 0.532407 0.588542 0.533333 0.586979 0.536111 0.586979 0.537037 0.586458 0.537963 0.586458 0.538889 0.586979 0.539815 0.591146 0.539815 0.597396 0.528704 0.597917 0.528704 0.613021 0.501852 0.613542 0.501852 0.615625 0.498148 0.616146 0.498148 0.616667 0.497222 0.617188 0.497222 0.618229 0.495370 0.619271 0.495370 0.623958 0.487037 0.624479 0.487037 0.628125 0.480556 0.628646 0.480556 0.629167 0.479630 0.629687 0.479630 0.630208 0.480556 0.630729 0.480556 0.632812 0.484259 0.632812 0.487037 0.632292 0.487963 0.632292 0.488889 0.628125 0.496296 0.628125 0.497222 0.627083 0.499074 0.627083 0.500000 0.627604 0.500000 0.628125 0.499074 0.628646 0.499074 0.630208 0.496296 0.630729 0.496296 0.632292 0.493519 0.632812 0.493519 0.633333 0.492593 0.633854 0.492593 0.634375 0.491667 0.634896 0.491667 0.635417 0.492593 0.635938 0.492593 0.636979 0.494444 0.637500 0.494444 0.641667 0.501852 0.642708 0.500000 0.643229 0.500000 0.644271 0.498148 0.644792 0.498148 0.645312 0.497222 0.645833 0.497222 0.646875 0.495370 0.647396 0.495370 0.648438 0.493519 0.648958 0.493519 0.650000 0.491667 0.652083 0.491667 0.653125 0.493519 0.653646 0.493519 0.656771 0.499074 0.657292 0.499074 0.672396 0.525926 0.672917 0.525926 0.675000 0.529630 0.676562 0.529630 0.677083 0.528704 0.678125 0.528704 0.678646 0.527778 0.679167 0.527778 0.679688 0.526852 0.679688 0.525926 0.680208 0.525000 0.680208 0.523148 0.679688 0.522222 0.679688 0.521296 0.658854 0.484259 0.658333 0.484259 0.640104 0.451852 0.639583 0.451852 0.638021 0.449074 0.637500 0.449074 0.636979 0.448148
0 0.329167 0.484259 0.091667 0.079630 0.361979 0.444444 0.361458 0.445370 0.360938 0.445370 0.340104 0.482407 0.339583 0.482407 0.334375 0.491667 0.333854 0.491667 0.331250 0.496296 0.330729 0.496296 0.329167 0.499074 0.328646 0.498148 0.326562 0.498148 0.326042 0.497222 0.324479 0.497222 0.323958 0.496296 0.322396 0.496296 0.321875 0.495370 0.320312 0.495370 0.319792 0.494444 0.318229 0.494444 0.317708 0.493519 0.316146 0.493519 0.315625 0.492593 0.315104 0.492593 0.295312 0.457407 0.294792 0.457407 0.289583 0.448148 0.289062 0.448148 0.288542 0.447222 0.286979 0.447222 0.286458 0.446296 0.284375 0.446296 0.283333 0.448148 0.283333 0.452778 0.285417 0.456481 0.285417 0.457407 0.308333 0.498148 0.308333 0.499074 0.320833 0.521296 0.321354 0.521296 0.322396 0.523148 0.323437 0.523148 0.323958 0.524074 0.325521 0.524074 0.363021 0.457407 0.363542 0.457407 0.364063 0.456481 0.364583 0.456481 0.365104 0.455556 0.365625 0.456481 0.366667 0.456481 0.367188 0.457407 0.367708 0.457407 0.368229 0.458333 0.369271 0.458333 0.369792 0.459259 0.370312 0.459259 0.370833 0.460185 0.371875 0.460185 0.372396 0.461111 0.372917 0.461111 0.373437 0.462037 0.373958 0.462037 0.374479 0.462963 0.375000 0.462963 0.375000 0.462037 0.372917 0.458333 0.372917 0.457407 0.372396 0.456481 0.372396 0.454630 0.372917 0.453704 0.372917 0.452778 0.372396 0.451852 0.371875 0.451852 0.371354 0.450926 0.370833 0.450926 0.370312 0.450000 0.369271 0.450000 0.368750 0.449074 0.368229 0.449074 0.367708 0.448148 0.367188 0.448148 0.366667 0.447222 0.366146 0.447222 0.365625 0.446296 0.364583 0.446296 0.364063 0.445370 0.363542 0.445370 0.363021 0.444444
0 0.421615 0.489352 0.097396 0.078704 0.451562 0.450000 0.451042 0.450926 0.450521 0.450926 0.431250 0.485185 0.430729 0.485185 0.425000 0.495370 0.424479 0.495370 0.421354 0.500926 0.420833 0.500926 0.419271 0.503704 0.418750 0.503704 0.418229 0.504630 0.416667 0.504630 0.416146 0.503704 0.415625 0.503704 0.415104 0.502778 0.414062 0.502778 0.413542 0.501852 0.412500 0.501852 0.411979 0.500926 0.411458 0.500926 0.410938 0.500000 0.409896 0.500000 0.409375 0.499074 0.408333 0.499074 0.407813 0.498148 0.407292 0.498148 0.406771 0.497222 0.405729 0.497222 0.405208 0.496296 0.404167 0.496296 0.403646 0.495370 0.403125 0.495370 0.402604 0.494444 0.401562 0.494444 0.400000 0.491667 0.399479 0.491667 0.378125 0.453704 0.377604 0.453704 0.376563 0.451852 0.373958 0.451852 0.373437 0.452778 0.373437 0.453704 0.372917 0.454630 0.372917 0.456481 0.373437 0.457407 0.373437 0.458333 0.375521 0.462037 0.375521 0.462963 0.411458 0.526852 0.411979 0.526852 0.412500 0.527778 0.413021 0.527778 0.413542 0.528704 0.415104 0.528704 0.415104 0.527778 0.453125 0.460185 0.453646 0.460185 0.454688 0.458333 0.456250 0.458333 0.457292 0.460185 0.457813 0.460185 0.459375 0.462963 0.459896 0.462963 0.461458 0.465741 0.461979 0.465741 0.463542 0.468519 0.464062 0.468519 0.466146 0.472222 0.466667 0.472222 0.468229 0.475000 0.468750 0.475000 0.470313 0.477778 0.460938 0.461111 0.460417 0.461111 0.458333 0.457407 0.457813 0.457407 0.455729 0.453704 0.455208 0.453704 0.453646 0.450926 0.453125 0.450926 0.452604 0.450000
0 0.501042 0.490278 0.083333 0.082407 0.538542 0.449074 0.535417 0.454630 0.534896 0.454630 0.514062 0.491667 0.513542 0.491667 0.509896 0.498148 0.509375 0.498148 0.507292 0.501852 0.506771 0.501852 0.505729 0.503704 0.505208 0.503704 0.504167 0.505556 0.503125 0.505556 0.502604 0.506481 0.501563 0.506481 0.501042 0.507407 0.500000 0.507407 0.499479 0.506481 0.497917 0.506481 0.496354 0.503704 0.495833 0.503704 0.482292 0.479630 0.481771 0.479630 0.478646 0.474074 0.478125 0.474074 0.475000 0.468519 0.474479 0.468519 0.471354 0.462963 0.470833 0.462963 0.467708 0.457407 0.467187 0.457407 0.464583 0.452778 0.464062 0.452778 0.463021 0.450926 0.460417 0.450926 0.459375 0.452778 0.459375 0.456481 0.460938 0.459259 0.460938 0.460185 0.496875 0.524074 0.497396 0.524074 0.499479 0.527778 0.500000 0.527778 0.501042 0.529630 0.501563 0.529630 0.502083 0.530556 0.502604 0.530556 0.503125 0.531481 0.503125 0.530556 0.505208 0.526852 0.505208 0.525926 0.542708 0.459259 0.542708 0.457407 0.542188 0.456481 0.542188 0.452778 0.541146 0.450926 0.541146 0.450000 0.540625 0.450000 0.540104 0.449074
0 0.588021 0.487037 0.083333 0.085185 0.626042 0.444444 0.625000 0.446296 0.624479 0.446296 0.603125 0.484259 0.602604 0.484259 0.598437 0.491667 0.597917 0.491667 0.595313 0.496296 0.594792 0.496296 0.593229 0.499074 0.592708 0.499074 0.592187 0.500000 0.591667 0.500000 0.591146 0.500926 0.590625 0.500926 0.590104 0.501852 0.588542 0.501852 0.588021 0.502778 0.587500 0.501852 0.585417 0.501852 0.584896 0.500926 0.584375 0.500926 0.583854 0.500000 0.583333 0.500000 0.582292 0.498148 0.581771 0.498148 0.580208 0.495370 0.579688 0.495370 0.577083 0.490741 0.576562 0.490741 0.571875 0.482407 0.571354 0.482407 0.555208 0.453704 0.554688 0.453704 0.551042 0.447222 0.550521 0.447222 0.550000 0.446296 0.549479 0.446296 0.548958 0.445370 0.547917 0.445370 0.546354 0.448148 0.546354 0.452778 0.546875 0.453704 0.546875 0.457407 0.547396 0.458333 0.547396 0.459259 0.547917 0.459259 0.569792 0.498148 0.570312 0.498148 0.586458 0.526852 0.586458 0.527778 0.587500 0.529630 0.616146 0.478704 0.616146 0.477778 0.619792 0.471296 0.619792 0.470370 0.622917 0.464815 0.622917 0.463889 0.626563 0.457407 0.626563 0.456481 0.629167 0.451852 0.629167 0.450926 0.629687 0.450000 0.629687 0.448148 0.629167 0.447222 0.629167 0.446296 0.628125 0.444444
0 0.692708 0.506019 0.084375 0.082407 0.731771 0.464815 0.731250 0.465741 0.730729 0.465741 0.730208 0.466667 0.729688 0.466667 0.729167 0.467593 0.728125 0.467593 0.727604 0.468519 0.727083 0.468519 0.703125 0.511111 0.702604 0.511111 0.701042 0.513889 0.700521 0.513889 0.700000 0.514815 0.699479 0.514815 0.698958 0.515741 0.697917 0.515741 0.697396 0.516667 0.696354 0.516667 0.695833 0.517593 0.694792 0.517593 0.694271 0.518519 0.692708 0.518519 0.692187 0.519444 0.691146 0.519444 0.690625 0.520370 0.689583 0.520370 0.689063 0.521296 0.688542 0.521296 0.688021 0.520370 0.687500 0.520370 0.686458 0.518519 0.685937 0.518519 0.684375 0.515741 0.683854 0.515741 0.680729 0.510185 0.680208 0.510185 0.675521 0.501852 0.675000 0.501852 0.663542 0.481481 0.663021 0.481481 0.655729 0.468519 0.655208 0.468519 0.654167 0.466667 0.652083 0.466667 0.651563 0.467593 0.651042 0.467593 0.650521 0.468519 0.650521 0.469444 0.658333 0.483333 0.658854 0.483333 0.680208 0.521296 0.680208 0.522222 0.680729 0.523148 0.680729 0.525000 0.680208 0.525926 0.680208 0.526852 0.679167 0.528704 0.678646 0.528704 0.678125 0.529630 0.677083 0.529630 0.676562 0.530556 0.675521 0.530556 0.678646 0.536111 0.679167 0.536111 0.682292 0.541667 0.682813 0.541667 0.684896 0.545370 0.685417 0.545370 0.686458 0.547222 0.687500 0.547222 0.688021 0.546296 0.690104 0.546296 0.690625 0.545370 0.692187 0.545370 0.692708 0.544444 0.694271 0.544444 0.696354 0.540741 0.696875 0.540741 0.731250 0.479630 0.731250 0.478704 0.734896 0.472222 0.734896 0.468519 0.734375 0.467593 0.734375 0.466667 0.733854 0.466667 0.732812 0.464815
0 0.283333 0.456481 0.091667 0.083333 0.278646 0.414815 0.278125 0.415741 0.277604 0.415741 0.277083 0.416667 0.276562 0.416667 0.241146 0.479630 0.241146 0.480556 0.238021 0.486111 0.238021 0.487037 0.237500 0.487963 0.237500 0.490741 0.238021 0.491667 0.238021 0.492593 0.238542 0.492593 0.239063 0.493519 0.239583 0.493519 0.240104 0.494444 0.242188 0.494444 0.242708 0.495370 0.245312 0.495370 0.245833 0.496296 0.247917 0.496296 0.271875 0.453704 0.272396 0.453704 0.273438 0.451852 0.274479 0.451852 0.275000 0.452778 0.276562 0.452778 0.277083 0.453704 0.278125 0.453704 0.278646 0.454630 0.280208 0.454630 0.280729 0.455556 0.281771 0.455556 0.282292 0.456481 0.283854 0.456481 0.284375 0.457407 0.284896 0.457407 0.284896 0.456481 0.282813 0.452778 0.282813 0.448148 0.284375 0.445370 0.286458 0.445370 0.286979 0.446296 0.288542 0.446296 0.289062 0.447222 0.289583 0.447222 0.294792 0.456481 0.295312 0.456481 0.315104 0.491667 0.315625 0.491667 0.316146 0.492593 0.317708 0.492593 0.318229 0.493519 0.319792 0.493519 0.320312 0.494444 0.321875 0.494444 0.322396 0.495370 0.323437 0.495370 0.322917 0.495370 0.321875 0.493519 0.321875 0.492593 0.321354 0.491667 0.321354 0.488889 0.321875 0.487963 0.321875 0.487037 0.323958 0.483333 0.323958 0.482407 0.300000 0.439815 0.300000 0.438889 0.290625 0.422222 0.289583 0.422222 0.289062 0.421296 0.288021 0.421296 0.287500 0.420370 0.286979 0.420370 0.286458 0.419444 0.285417 0.419444 0.284896 0.418519 0.283854 0.418519 0.283333 0.417593 0.282813 0.417593 0.282292 0.416667 0.281250 0.416667 0.280729 0.415741 0.279687 0.415741 0.279167 0.414815
0 0.370833 0.459259 0.097917 0.088889 0.363542 0.414815 0.363021 0.415741 0.362500 0.415741 0.360417 0.419444 0.359896 0.419444 0.340625 0.453704 0.340625 0.454630 0.322396 0.487037 0.322396 0.487963 0.321875 0.488889 0.321875 0.491667 0.322396 0.492593 0.322396 0.493519 0.322917 0.494444 0.323437 0.494444 0.323958 0.495370 0.325000 0.495370 0.325521 0.496296 0.327083 0.496296 0.327604 0.497222 0.329688 0.497222 0.330729 0.495370 0.331250 0.495370 0.333854 0.490741 0.334375 0.490741 0.339583 0.481481 0.340104 0.481481 0.360938 0.444444 0.361458 0.444444 0.361979 0.443519 0.363021 0.443519 0.363542 0.444444 0.364063 0.444444 0.364583 0.445370 0.365625 0.445370 0.366146 0.446296 0.366667 0.446296 0.367188 0.447222 0.367708 0.447222 0.368229 0.448148 0.368750 0.448148 0.369271 0.449074 0.370312 0.449074 0.370833 0.450000 0.371354 0.450000 0.371875 0.450926 0.372396 0.450926 0.372917 0.451852 0.373437 0.451852 0.373958 0.450926 0.376563 0.450926 0.377604 0.452778 0.378125 0.452778 0.399479 0.490741 0.400000 0.490741 0.401562 0.493519 0.402604 0.493519 0.403125 0.494444 0.403646 0.494444 0.404167 0.495370 0.405208 0.495370 0.405729 0.496296 0.406771 0.496296 0.407292 0.497222 0.407813 0.497222 0.408333 0.498148 0.409375 0.498148 0.409896 0.499074 0.410938 0.499074 0.411458 0.500000 0.411979 0.500000 0.412500 0.500926 0.413542 0.500926 0.414062 0.501852 0.415104 0.501852 0.415625 0.502778 0.416146 0.502778 0.416667 0.503704 0.418229 0.503704 0.418750 0.502778 0.419271 0.502778 0.419792 0.501852 0.418750 0.501852 0.418229 0.500926 0.417708 0.500926 0.417187 0.500000 0.416146 0.500000 0.415625 0.499074 0.415104 0.499074 0.414583 0.498148 0.413542 0.498148 0.413021 0.497222 0.412500 0.497222 0.410417 0.493519 0.410417 0.489815 0.411458 0.487963 0.410938 0.487963 0.409375 0.485185 0.408854 0.485185 0.390104 0.451852 0.390104 0.450926 0.376042 0.425926 0.375521 0.425926 0.375000 0.425000 0.374479 0.425000 0.373958 0.424074 0.373437 0.424074 0.372917 0.423148 0.372396 0.423148 0.371354 0.421296 0.370833 0.421296 0.370312 0.420370 0.369792 0.420370 0.369271 0.419444 0.368750 0.419444 0.368229 0.418519 0.367708 0.418519 0.367188 0.417593 0.366667 0.417593 0.366146 0.416667 0.365625 0.416667 0.365104 0.415741 0.364583 0.415741 0.364063 0.414815
0 0.457813 0.461111 0.093750 0.090741 0.452604 0.415741 0.451562 0.417593 0.451042 0.417593 0.413021 0.485185 0.413021 0.486111 0.410938 0.489815 0.410938 0.493519 0.412500 0.496296 0.413021 0.496296 0.413542 0.497222 0.414583 0.497222 0.415104 0.498148 0.415625 0.498148 0.416146 0.499074 0.417187 0.499074 0.417708 0.500000 0.418229 0.500000 0.418750 0.500926 0.420312 0.500926 0.420833 0.500000 0.421354 0.500000 0.424479 0.494444 0.425000 0.494444 0.430729 0.484259 0.431250 0.484259 0.450521 0.450000 0.451042 0.450000 0.451562 0.449074 0.452604 0.449074 0.453125 0.450000 0.453646 0.450000 0.455208 0.452778 0.455729 0.452778 0.457813 0.456481 0.458333 0.456481 0.460417 0.460185 0.460417 0.459259 0.458854 0.456481 0.458854 0.452778 0.460417 0.450000 0.463021 0.450000 0.464062 0.451852 0.464583 0.451852 0.467187 0.456481 0.467708 0.456481 0.470833 0.462037 0.471354 0.462037 0.474479 0.467593 0.475000 0.467593 0.476562 0.470370 0.477083 0.470370 0.477604 0.471296 0.478125 0.471296 0.489583 0.491667 0.490104 0.491667 0.493229 0.497222 0.493750 0.497222 0.496875 0.502778 0.497396 0.502778 0.498958 0.505556 0.499479 0.505556 0.500000 0.506481 0.501042 0.506481 0.501563 0.505556 0.502604 0.505556 0.503125 0.504630 0.504167 0.504630 0.504687 0.503704 0.504687 0.502778 0.499479 0.493519 0.498958 0.493519 0.460417 0.425000 0.459896 0.425000 0.455208 0.416667 0.454688 0.416667 0.454167 0.415741
0 0.545312 0.459722 0.083333 0.082407 0.544792 0.418519 0.544271 0.419444 0.543750 0.419444 0.541667 0.423148 0.541146 0.423148 0.522917 0.455556 0.522917 0.456481 0.504167 0.489815 0.504167 0.490741 0.503646 0.491667 0.503646 0.493519 0.504167 0.494444 0.504167 0.495370 0.507292 0.500926 0.509375 0.497222 0.509896 0.497222 0.513542 0.490741 0.514062 0.490741 0.534896 0.453704 0.535417 0.453704 0.538542 0.448148 0.540104 0.448148 0.540625 0.449074 0.541146 0.449074 0.541667 0.450000 0.541667 0.450926 0.542708 0.452778 0.542708 0.456481 0.543229 0.457407 0.543229 0.459259 0.544271 0.457407 0.546354 0.457407 0.546875 0.458333 0.546354 0.457407 0.546354 0.453704 0.545833 0.452778 0.545833 0.448148 0.547917 0.444444 0.548958 0.444444 0.549479 0.445370 0.550000 0.445370 0.550521 0.446296 0.551042 0.446296 0.554688 0.452778 0.555208 0.452778 0.571354 0.481481 0.571875 0.481481 0.576562 0.489815 0.577083 0.489815 0.579688 0.494444 0.580208 0.494444 0.581771 0.497222 0.582292 0.497222 0.583333 0.499074 0.583854 0.499074 0.584375 0.500000 0.584896 0.500000 0.585417 0.500926 0.585417 0.500000 0.585938 0.499074 0.585938 0.497222 0.586458 0.496296 0.586458 0.495370 0.586979 0.494444 0.586979 0.489815 0.584896 0.486111 0.584896 0.485185 0.577083 0.471296 0.576562 0.471296 0.548958 0.422222 0.548438 0.422222 0.546875 0.419444 0.546354 0.419444 0.545833 0.418519
0 0.632812 0.455556 0.090625 0.092593 0.633854 0.409259 0.630208 0.415741 0.629687 0.415741 0.618750 0.435185 0.618750 0.436111 0.593229 0.481481 0.593229 0.482407 0.592708 0.483333 0.592708 0.484259 0.592187 0.485185 0.592187 0.486111 0.591667 0.487037 0.591667 0.487963 0.591146 0.488889 0.591146 0.489815 0.590104 0.491667 0.590104 0.492593 0.589583 0.493519 0.589583 0.494444 0.589063 0.495370 0.589063 0.496296 0.588542 0.497222 0.588542 0.498148 0.588021 0.499074 0.588021 0.500000 0.587500 0.500926 0.588021 0.501852 0.588542 0.500926 0.590104 0.500926 0.590625 0.500000 0.591146 0.500000 0.591667 0.499074 0.592187 0.499074 0.592708 0.498148 0.593229 0.498148 0.594792 0.495370 0.595313 0.495370 0.597917 0.490741 0.598437 0.490741 0.602604 0.483333 0.603125 0.483333 0.624479 0.445370 0.625000 0.445370 0.626042 0.443519 0.628125 0.443519 0.629687 0.446296 0.629687 0.447222 0.630208 0.448148 0.630208 0.450000 0.629687 0.450926 0.629687 0.451852 0.627083 0.456481 0.627083 0.457407 0.623437 0.463889 0.623437 0.464815 0.623958 0.465741 0.624479 0.465741 0.633854 0.449074 0.634375 0.449074 0.635417 0.447222 0.636979 0.447222 0.637500 0.448148 0.638021 0.448148 0.639583 0.450926 0.640104 0.450926 0.650000 0.468519 0.651042 0.466667 0.651563 0.466667 0.652083 0.465741 0.654167 0.465741 0.655208 0.467593 0.655729 0.467593 0.663021 0.480556 0.663542 0.480556 0.670833 0.493519 0.671354 0.492593 0.671875 0.492593 0.672396 0.491667 0.672917 0.491667 0.673438 0.490741 0.673958 0.490741 0.674479 0.489815 0.675000 0.489815 0.675521 0.488889 0.676042 0.488889 0.676562 0.487963 0.677083 0.487963 0.678125 0.486111 0.678125 0.482407 0.677604 0.481481 0.677604 0.480556 0.658854 0.447222 0.658333 0.447222 0.640104 0.414815 0.639583 0.414815 0.636979 0.410185 0.636458 0.410185 0.635938 0.409259
0 0.331510 0.444907 0.088021 0.075000 0.364583 0.407407 0.361979 0.412037 0.361458 0.412037 0.340625 0.449074 0.340104 0.449074 0.336458 0.455556 0.335938 0.455556 0.333854 0.459259 0.333333 0.459259 0.332292 0.461111 0.331771 0.461111 0.331250 0.462037 0.330729 0.461111 0.329688 0.461111 0.329167 0.460185 0.328125 0.460185 0.327604 0.459259 0.326562 0.459259 0.326042 0.458333 0.325000 0.458333 0.324479 0.457407 0.323437 0.457407 0.322917 0.456481 0.321875 0.456481 0.321354 0.455556 0.320312 0.455556 0.319792 0.454630 0.318750 0.454630 0.316667 0.450926 0.316146 0.450926 0.293750 0.411111 0.292708 0.411111 0.292187 0.410185 0.291667 0.410185 0.291146 0.409259 0.288542 0.409259 0.287500 0.411111 0.287500 0.414815 0.288021 0.415741 0.288021 0.416667 0.300521 0.438889 0.300521 0.439815 0.324479 0.482407 0.340104 0.454630 0.340104 0.453704 0.359896 0.418519 0.360417 0.418519 0.362500 0.414815 0.363021 0.414815 0.363542 0.413889 0.364063 0.413889 0.364583 0.414815 0.365104 0.414815 0.365625 0.415741 0.366146 0.415741 0.366667 0.416667 0.367188 0.416667 0.367708 0.417593 0.368229 0.417593 0.368750 0.418519 0.369271 0.418519 0.369792 0.419444 0.370312 0.419444 0.370833 0.420370 0.371354 0.420370 0.372396 0.422222 0.372917 0.422222 0.373437 0.423148 0.373958 0.423148 0.374479 0.424074 0.375000 0.424074 0.375521 0.425000 0.371875 0.418519 0.371875 0.417593 0.370833 0.415741 0.370833 0.413889 0.371354 0.412963 0.370312 0.411111 0.369792 0.411111 0.369271 0.410185 0.368750 0.410185 0.368229 0.409259 0.367708 0.409259 0.367188 0.408333 0.366667 0.408333 0.366146 0.407407
0 0.423177 0.447685 0.103646 0.078704 0.451042 0.408333 0.450521 0.409259 0.450000 0.409259 0.437500 0.431481 0.436979 0.431481 0.425521 0.451852 0.425000 0.451852 0.421354 0.458333 0.420833 0.458333 0.418750 0.462037 0.418229 0.462037 0.417187 0.463889 0.416667 0.463889 0.416146 0.464815 0.415625 0.464815 0.415104 0.465741 0.414583 0.464815 0.414062 0.464815 0.413542 0.463889 0.413021 0.463889 0.412500 0.462963 0.411979 0.462963 0.411458 0.462037 0.410938 0.462037 0.410417 0.461111 0.409896 0.461111 0.409375 0.460185 0.408854 0.460185 0.408333 0.459259 0.407813 0.459259 0.407292 0.458333 0.406771 0.458333 0.406250 0.457407 0.405729 0.457407 0.405208 0.456481 0.404687 0.456481 0.404167 0.455556 0.403646 0.455556 0.403125 0.454630 0.402604 0.454630 0.401562 0.452778 0.401042 0.452778 0.386979 0.427778 0.386458 0.427778 0.379167 0.414815 0.378646 0.414815 0.378125 0.413889 0.377604 0.413889 0.376563 0.412037 0.376042 0.412037 0.375521 0.411111 0.375000 0.411111 0.374479 0.410185 0.373437 0.410185 0.372917 0.411111 0.372396 0.411111 0.371875 0.412037 0.371875 0.412963 0.371354 0.413889 0.371354 0.415741 0.372396 0.417593 0.372396 0.418519 0.390625 0.450926 0.390625 0.451852 0.408854 0.484259 0.409375 0.484259 0.410938 0.487037 0.411979 0.487037 0.412500 0.486111 0.412500 0.485185 0.451042 0.416667 0.451562 0.416667 0.452604 0.414815 0.454167 0.414815 0.454688 0.415741 0.455208 0.415741 0.459896 0.424074 0.460417 0.424074 0.475000 0.450000 0.463021 0.428704 0.463021 0.427778 0.452604 0.409259 0.452083 0.409259 0.451562 0.408333
0 0.501302 0.455093 0.082812 0.091667 0.539583 0.409259 0.539062 0.410185 0.538542 0.410185 0.538021 0.411111 0.537500 0.411111 0.516667 0.448148 0.516146 0.448148 0.511458 0.456481 0.510938 0.456481 0.508333 0.461111 0.507812 0.461111 0.506250 0.463889 0.505729 0.463889 0.504687 0.465741 0.504167 0.465741 0.503646 0.466667 0.502604 0.466667 0.502083 0.467593 0.498958 0.467593 0.498437 0.466667 0.497917 0.466667 0.497396 0.465741 0.496875 0.465741 0.496354 0.464815 0.495833 0.464815 0.494792 0.462963 0.494271 0.462963 0.492708 0.460185 0.492188 0.460185 0.489063 0.454630 0.488542 0.454630 0.482292 0.443519 0.481771 0.443519 0.465104 0.413889 0.464583 0.413889 0.463542 0.412037 0.463021 0.412037 0.462500 0.411111 0.461458 0.411111 0.460938 0.412037 0.460417 0.412037 0.460417 0.412963 0.459896 0.413889 0.459896 0.417593 0.460938 0.419444 0.460938 0.420370 0.506250 0.500926 0.506771 0.500926 0.503646 0.495370 0.503646 0.494444 0.503125 0.493519 0.503125 0.491667 0.503646 0.490741 0.503646 0.489815 0.522396 0.456481 0.522396 0.455556 0.541146 0.422222 0.541667 0.422222 0.542708 0.420370 0.542708 0.418519 0.542188 0.417593 0.542188 0.413889 0.541667 0.412963 0.541667 0.412037 0.540625 0.410185 0.540104 0.410185
0 0.588281 0.450000 0.084896 0.100000 0.627604 0.400000 0.626563 0.401852 0.626042 0.401852 0.604688 0.439815 0.604167 0.439815 0.598958 0.449074 0.598437 0.449074 0.596354 0.452778 0.595833 0.452778 0.594271 0.455556 0.593750 0.455556 0.592708 0.457407 0.592187 0.457407 0.591667 0.458333 0.591146 0.458333 0.590625 0.459259 0.585938 0.459259 0.585417 0.458333 0.584896 0.458333 0.584375 0.457407 0.583854 0.457407 0.582812 0.455556 0.582292 0.455556 0.581250 0.453704 0.580729 0.453704 0.578125 0.449074 0.577604 0.449074 0.573958 0.442593 0.573438 0.442593 0.564583 0.426852 0.564063 0.426852 0.551562 0.404630 0.551042 0.404630 0.550000 0.402778 0.549479 0.402778 0.548958 0.401852 0.547917 0.401852 0.547396 0.402778 0.546875 0.402778 0.546354 0.403704 0.546354 0.404630 0.545833 0.405556 0.545833 0.407407 0.546354 0.408333 0.546354 0.413889 0.546875 0.414815 0.546875 0.418519 0.548438 0.421296 0.548958 0.421296 0.576562 0.470370 0.577083 0.470370 0.585417 0.485185 0.585417 0.486111 0.587500 0.489815 0.587500 0.494444 0.586979 0.495370 0.586979 0.496296 0.586458 0.497222 0.586458 0.499074 0.585938 0.500000 0.589063 0.494444 0.589063 0.493519 0.589583 0.492593 0.589583 0.491667 0.590625 0.489815 0.590625 0.488889 0.591146 0.487963 0.591146 0.487037 0.591667 0.486111 0.591667 0.485185 0.592187 0.484259 0.592187 0.483333 0.592708 0.482407 0.592708 0.481481 0.618229 0.436111 0.618229 0.435185 0.623958 0.425000 0.623958 0.424074 0.625521 0.421296 0.625521 0.420370 0.626563 0.418519 0.626563 0.417593 0.627604 0.415741 0.627604 0.414815 0.628646 0.412963 0.628646 0.412037 0.629687 0.410185 0.629687 0.409259 0.630729 0.407407 0.630729 0.403704 0.630208 0.402778 0.630208 0.401852 0.629687 0.400926 0.629167 0.400926 0.628646 0.400000
0 0.698438 0.477315 0.086458 0.086111 0.738021 0.434259 0.737500 0.435185 0.736979 0.435185 0.736458 0.436111 0.735938 0.436111 0.735417 0.437037 0.734896 0.437037 0.734375 0.437963 0.733854 0.437963 0.733333 0.438889 0.732812 0.438889 0.732292 0.439815 0.731771 0.439815 0.731250 0.440741 0.730729 0.440741 0.730208 0.441667 0.729688 0.441667 0.729167 0.442593 0.728646 0.442593 0.728125 0.443519 0.727604 0.443519 0.727083 0.444444 0.726562 0.444444 0.726042 0.445370 0.725521 0.445370 0.724479 0.447222 0.723958 0.447222 0.723437 0.448148 0.722917 0.448148 0.722396 0.449074 0.721875 0.449074 0.721354 0.450000 0.720833 0.450000 0.720313 0.450926 0.719792 0.450926 0.719271 0.451852 0.718750 0.451852 0.718229 0.452778 0.717708 0.452778 0.717187 0.453704 0.716667 0.453704 0.716146 0.454630 0.715625 0.454630 0.715104 0.455556 0.714583 0.455556 0.714063 0.456481 0.713542 0.456481 0.713021 0.457407 0.712500 0.457407 0.711979 0.458333 0.711458 0.458333 0.710938 0.459259 0.710417 0.459259 0.709896 0.460185 0.709375 0.460185 0.708333 0.462037 0.707812 0.462037 0.707292 0.462963 0.706771 0.462963 0.706250 0.463889 0.705729 0.463889 0.705208 0.464815 0.704688 0.464815 0.704167 0.465741 0.703646 0.465741 0.703125 0.466667 0.702604 0.466667 0.701562 0.468519 0.701042 0.468519 0.691146 0.486111 0.688542 0.481481 0.688021 0.481481 0.684375 0.475000 0.683854 0.475000 0.676562 0.462037 0.676042 0.462037 0.663542 0.439815 0.663021 0.439815 0.660937 0.436111 0.659896 0.436111 0.659375 0.435185 0.658854 0.435185 0.658333 0.436111 0.657813 0.436111 0.655729 0.439815 0.655208 0.439815 0.655208 0.440741 0.658333 0.446296 0.658854 0.446296 0.678125 0.480556 0.678125 0.481481 0.678646 0.482407 0.678646 0.486111 0.677083 0.488889 0.676562 0.488889 0.676042 0.489815 0.675521 0.489815 0.675000 0.490741 0.674479 0.490741 0.673958 0.491667 0.673438 0.491667 0.672917 0.492593 0.672396 0.492593 0.671875 0.493519 0.671354 0.493519 0.671354 0.494444 0.675000 0.500926 0.675521 0.500926 0.680208 0.509259 0.680729 0.509259 0.683854 0.514815 0.684375 0.514815 0.685937 0.517593 0.686458 0.517593 0.687500 0.519444 0.688021 0.519444 0.688542 0.520370 0.689063 0.520370 0.689583 0.519444 0.690625 0.519444 0.691146 0.518519 0.692187 0.518519 0.692708 0.517593 0.694271 0.517593 0.694792 0.516667 0.695833 0.516667 0.696354 0.515741 0.697396 0.515741 0.697917 0.514815 0.698958 0.514815 0.699479 0.513889 0.700000 0.513889 0.700521 0.512963 0.701042 0.512963 0.702604 0.510185 0.703125 0.510185 0.739583 0.445370 0.739583 0.444444 0.741667 0.440741 0.741667 0.437037 0.740104 0.434259
0 0.286979 0.419444 0.090625 0.083333 0.281771 0.377778 0.280729 0.379630 0.280208 0.379630 0.245312 0.441667 0.245312 0.442593 0.242188 0.448148 0.242188 0.449074 0.241667 0.450000 0.241667 0.451852 0.242188 0.452778 0.242188 0.453704 0.242708 0.454630 0.255729 0.431481 0.257292 0.431481 0.257812 0.432407 0.259375 0.432407 0.259896 0.433333 0.260937 0.433333 0.261458 0.434259 0.262500 0.434259 0.263021 0.435185 0.264583 0.435185 0.265104 0.436111 0.276562 0.415741 0.277083 0.415741 0.277604 0.414815 0.278125 0.414815 0.278646 0.413889 0.279167 0.413889 0.279687 0.414815 0.280729 0.414815 0.281250 0.415741 0.282292 0.415741 0.282813 0.416667 0.283333 0.416667 0.283854 0.417593 0.284896 0.417593 0.285417 0.418519 0.286458 0.418519 0.286979 0.419444 0.287500 0.419444 0.288021 0.420370 0.289062 0.420370 0.289583 0.421296 0.290104 0.421296 0.287500 0.416667 0.287500 0.415741 0.286979 0.414815 0.286979 0.411111 0.288542 0.408333 0.291146 0.408333 0.291667 0.409259 0.292187 0.409259 0.292708 0.410185 0.293750 0.410185 0.316146 0.450000 0.316667 0.450000 0.318750 0.453704 0.319792 0.453704 0.320312 0.454630 0.321354 0.454630 0.321875 0.455556 0.322917 0.455556 0.323437 0.456481 0.324479 0.456481 0.325000 0.457407 0.326042 0.457407 0.326562 0.458333 0.327604 0.458333 0.328125 0.459259 0.329167 0.459259 0.329688 0.460185 0.330729 0.460185 0.331250 0.461111 0.331771 0.460185 0.332292 0.460185 0.331250 0.460185 0.330729 0.459259 0.329688 0.459259 0.329167 0.458333 0.328125 0.458333 0.327604 0.457407 0.326562 0.457407 0.326042 0.456481 0.325000 0.456481 0.324479 0.455556 0.323958 0.455556 0.321875 0.451852 0.321875 0.448148 0.322917 0.446296 0.322917 0.445370 0.323958 0.443519 0.323437 0.442593 0.322917 0.442593 0.306771 0.413889 0.306771 0.412963 0.290104 0.383333 0.289583 0.383333 0.289062 0.382407 0.288542 0.382407 0.288021 0.381481 0.287500 0.381481 0.286979 0.380556 0.285938 0.380556 0.285417 0.379630 0.284896 0.379630 0.284375 0.378704 0.283854 0.378704 0.283333 0.377778
0 0.370052 0.419907 0.095312 0.089815 0.363542 0.375000 0.363021 0.375926 0.362500 0.375926 0.323437 0.445370 0.323437 0.446296 0.322396 0.448148 0.322396 0.451852 0.323958 0.454630 0.324479 0.454630 0.325000 0.455556 0.326042 0.455556 0.326562 0.456481 0.327604 0.456481 0.328125 0.457407 0.329167 0.457407 0.329688 0.458333 0.330729 0.458333 0.331250 0.459259 0.332813 0.459259 0.333333 0.458333 0.333854 0.458333 0.335938 0.454630 0.336458 0.454630 0.340104 0.448148 0.340625 0.448148 0.361458 0.411111 0.361979 0.411111 0.364583 0.406481 0.366146 0.406481 0.366667 0.407407 0.367188 0.407407 0.367708 0.408333 0.368229 0.408333 0.368750 0.409259 0.369271 0.409259 0.369792 0.410185 0.370312 0.410185 0.371354 0.412037 0.372396 0.410185 0.372917 0.410185 0.373437 0.409259 0.374479 0.409259 0.375000 0.410185 0.375521 0.410185 0.376042 0.411111 0.376563 0.411111 0.377604 0.412963 0.378125 0.412963 0.378646 0.413889 0.379167 0.413889 0.386458 0.426852 0.386979 0.426852 0.401042 0.451852 0.401562 0.451852 0.402604 0.453704 0.403125 0.453704 0.403646 0.454630 0.404167 0.454630 0.404687 0.455556 0.405208 0.455556 0.405729 0.456481 0.406250 0.456481 0.406771 0.457407 0.407292 0.457407 0.407813 0.458333 0.408333 0.458333 0.408854 0.459259 0.409375 0.459259 0.409896 0.460185 0.410417 0.460185 0.410938 0.461111 0.411458 0.461111 0.411979 0.462037 0.412500 0.462037 0.413021 0.462963 0.413542 0.462963 0.414062 0.463889 0.414583 0.463889 0.415104 0.464815 0.415625 0.463889 0.416146 0.463889 0.416667 0.462963 0.417187 0.462963 0.417708 0.462037 0.417708 0.461111 0.417187 0.460185 0.416667 0.460185 0.414583 0.456481 0.414583 0.452778 0.415104 0.451852 0.414583 0.450926 0.414062 0.450926 0.413542 0.450000 0.413021 0.450000 0.412500 0.449074 0.411979 0.449074 0.410938 0.447222 0.410417 0.447222 0.378125 0.389815 0.377604 0.389815 0.377083 0.388889 0.376563 0.388889 0.375521 0.387037 0.375000 0.387037 0.373958 0.385185 0.373437 0.385185 0.372396 0.383333 0.371875 0.383333 0.370833 0.381481 0.370312 0.381481 0.369271 0.379630 0.368750 0.379630 0.367708 0.377778 0.367188 0.377778 0.366667 0.376852 0.366146 0.376852 0.365104 0.375000
0 0.459115 0.423611 0.088021 0.086111 0.456250 0.380556 0.455729 0.381481 0.455208 0.381481 0.454688 0.382407 0.454167 0.382407 0.416667 0.449074 0.416667 0.450000 0.415104 0.452778 0.415104 0.456481 0.416667 0.459259 0.417187 0.459259 0.418229 0.461111 0.418750 0.461111 0.420833 0.457407 0.421354 0.457407 0.425000 0.450926 0.425521 0.450926 0.436979 0.430556 0.437500 0.430556 0.450000 0.408333 0.450521 0.408333 0.451042 0.407407 0.451562 0.407407 0.452083 0.408333 0.452604 0.408333 0.463542 0.427778 0.463542 0.428704 0.472396 0.444444 0.472917 0.444444 0.473438 0.443519 0.460417 0.420370 0.460417 0.419444 0.459375 0.417593 0.459375 0.413889 0.459896 0.412963 0.459896 0.412037 0.460417 0.411111 0.460938 0.411111 0.461458 0.410185 0.462500 0.410185 0.463021 0.411111 0.463542 0.411111 0.464583 0.412963 0.465104 0.412963 0.481771 0.442593 0.482292 0.442593 0.488542 0.453704 0.489063 0.453704 0.492188 0.459259 0.492708 0.459259 0.494271 0.462037 0.494792 0.462037 0.495833 0.463889 0.496354 0.463889 0.496875 0.464815 0.497396 0.464815 0.497917 0.465741 0.498437 0.465741 0.498958 0.466667 0.502083 0.466667 0.502604 0.465741 0.503125 0.465741 0.503125 0.464815 0.501563 0.462037 0.501563 0.461111 0.500000 0.458333 0.500000 0.457407 0.498437 0.454630 0.498437 0.453704 0.496875 0.450926 0.496875 0.450000 0.460417 0.385185 0.459896 0.385185 0.457813 0.381481 0.457292 0.381481 0.456771 0.380556
0 0.545052 0.417130 0.085938 0.087963 0.543750 0.373148 0.542188 0.375926 0.541667 0.375926 0.505729 0.439815 0.505729 0.440741 0.502604 0.446296 0.502604 0.447222 0.502083 0.448148 0.502083 0.450000 0.502604 0.450926 0.502604 0.451852 0.504167 0.454630 0.504167 0.455556 0.505729 0.458333 0.505729 0.459259 0.506771 0.461111 0.507292 0.461111 0.507812 0.460185 0.508333 0.460185 0.510938 0.455556 0.511458 0.455556 0.516146 0.447222 0.516667 0.447222 0.537500 0.410185 0.538021 0.410185 0.538542 0.409259 0.539062 0.409259 0.539583 0.408333 0.540104 0.409259 0.540625 0.409259 0.542188 0.412037 0.542188 0.412963 0.542708 0.413889 0.542708 0.417593 0.543229 0.418519 0.543229 0.419444 0.543750 0.418519 0.544271 0.418519 0.544792 0.417593 0.545833 0.417593 0.546354 0.418519 0.546354 0.414815 0.545833 0.413889 0.545833 0.408333 0.545312 0.407407 0.545312 0.405556 0.545833 0.404630 0.545833 0.403704 0.546875 0.401852 0.547396 0.401852 0.547917 0.400926 0.548958 0.400926 0.549479 0.401852 0.550000 0.401852 0.551042 0.403704 0.551562 0.403704 0.564063 0.425926 0.564583 0.425926 0.573438 0.441667 0.573958 0.441667 0.577604 0.448148 0.578125 0.448148 0.580729 0.452778 0.581250 0.452778 0.582292 0.454630 0.582812 0.454630 0.583854 0.456481 0.584375 0.456481 0.584896 0.457407 0.585417 0.457407 0.585938 0.458333 0.586458 0.457407 0.586458 0.455556 0.586979 0.454630 0.586979 0.451852 0.587500 0.450926 0.587500 0.449074 0.588021 0.448148 0.587500 0.447222 0.587500 0.446296 0.586979 0.445370 0.586979 0.444444 0.561458 0.399074 0.560937 0.399074 0.547396 0.375000 0.546875 0.375000 0.545833 0.373148
0 0.634896 0.411574 0.090625 0.093519 0.635417 0.364815 0.634896 0.365741 0.634375 0.365741 0.593750 0.437963 0.593750 0.438889 0.593229 0.439815 0.593229 0.440741 0.592708 0.441667 0.592708 0.443519 0.592187 0.444444 0.592187 0.446296 0.591667 0.447222 0.591667 0.448148 0.591146 0.449074 0.591146 0.450926 0.590625 0.451852 0.590625 0.453704 0.590104 0.454630 0.590104 0.455556 0.589583 0.456481 0.589583 0.458333 0.590625 0.458333 0.591146 0.457407 0.591667 0.457407 0.592187 0.456481 0.592708 0.456481 0.593750 0.454630 0.594271 0.454630 0.595833 0.451852 0.596354 0.451852 0.598437 0.448148 0.598958 0.448148 0.604167 0.438889 0.604688 0.438889 0.626042 0.400926 0.626563 0.400926 0.627604 0.399074 0.628646 0.399074 0.629167 0.400000 0.629687 0.400000 0.630729 0.401852 0.630729 0.402778 0.631250 0.403704 0.631250 0.407407 0.630208 0.409259 0.630208 0.410185 0.629167 0.412037 0.629167 0.412963 0.628125 0.414815 0.628125 0.415741 0.627083 0.417593 0.627083 0.418519 0.626042 0.420370 0.626042 0.421296 0.624479 0.424074 0.629687 0.414815 0.630208 0.414815 0.633854 0.408333 0.635938 0.408333 0.636458 0.409259 0.636979 0.409259 0.639583 0.413889 0.640104 0.413889 0.654687 0.439815 0.655208 0.438889 0.655729 0.438889 0.657813 0.435185 0.658333 0.435185 0.658854 0.434259 0.659375 0.434259 0.659896 0.435185 0.660937 0.435185 0.663021 0.438889 0.663542 0.438889 0.671354 0.452778 0.671875 0.452778 0.672396 0.451852 0.672917 0.451852 0.673958 0.450000 0.674479 0.450000 0.675521 0.448148 0.676042 0.448148 0.677604 0.445370 0.678125 0.445370 0.680208 0.441667 0.680208 0.439815 0.679688 0.438889 0.679688 0.437963 0.678646 0.436111 0.678646 0.435185 0.670312 0.420370 0.669792 0.420370 0.651563 0.387963 0.651042 0.387963 0.639583 0.367593 0.639062 0.367593 0.637500 0.364815