0 0.293490 0.554630 0.089063 0.070370 0.254688 0.519444 0.254167 0.520370 0.251563 0.520370 0.251042 0.521296 0.250000 0.521296 0.249479 0.522222 0.248958 0.522222 0.248958 0.527778 0.250000 0.529630 0.250000 0.530556 0.257292 0.543519 0.257292 0.544444 0.272396 0.571296 0.272396 0.572222 0.281771 0.588889 0.282292 0.588889 0.282813 0.589815 0.290625 0.589815 0.291146 0.588889 0.292187 0.588889 0.292708 0.587963 0.293750 0.587963 0.294271 0.587037 0.295312 0.587037 0.295833 0.586111 0.296875 0.586111 0.297396 0.585185 0.298438 0.585185 0.298958 0.584259 0.300000 0.584259 0.300521 0.583333 0.302083 0.583333 0.302604 0.582407 0.303646 0.582407 0.304167 0.581481 0.305208 0.581481 0.305729 0.580556 0.306771 0.580556 0.307292 0.579630 0.308333 0.579630 0.308854 0.578704 0.309896 0.578704 0.310417 0.577778 0.311458 0.577778 0.311979 0.576852 0.313021 0.576852 0.313542 0.575926 0.315104 0.575926 0.315625 0.575000 0.316667 0.575000 0.317188 0.574074 0.318229 0.574074 0.318750 0.573148 0.319792 0.573148 0.320312 0.572222 0.321354 0.572222 0.321875 0.571296 0.322917 0.571296 0.323437 0.570370 0.324479 0.570370 0.325000 0.569444 0.326042 0.569444 0.326562 0.568519 0.328125 0.568519 0.328646 0.567593 0.329688 0.567593 0.330208 0.566667 0.331250 0.566667 0.331771 0.565741 0.332813 0.565741 0.333333 0.564815 0.334375 0.564815 0.334896 0.563889 0.335938 0.563889 0.336458 0.562963 0.337500 0.562963 0.338021 0.562037 0.338021 0.561111 0.337500 0.560185 0.337500 0.559259 0.336458 0.557407 0.336458 0.556481 0.335938 0.555556 0.335938 0.554630 0.334896 0.552778 0.334896 0.551852 0.334375 0.550926 0.334375 0.550000 0.333333 0.548148 0.333333 0.547222 0.332292 0.545370 0.332292 0.544444 0.331771 0.543519 0.331771 0.542593 0.330729 0.540741 0.330729 0.539815 0.329688 0.537963 0.329688 0.537037 0.329167 0.536111 0.329167 0.535185 0.328125 0.533333 0.328125 0.532407 0.327083 0.530556 0.327083 0.529630 0.326562 0.528704 0.326562 0.527778 0.325521 0.525926 0.325521 0.525000 0.325000 0.524074 0.325000 0.523148 0.323958 0.521296 0.319792 0.521296 0.319271 0.522222 0.318750 0.522222 0.303125 0.550000 0.302083 0.550000 0.301563 0.550926 0.300000 0.550926 0.299479 0.551852 0.297917 0.551852 0.297396 0.552778 0.295833 0.552778 0.295312 0.553704 0.293750 0.553704 0.293229 0.554630 0.291667 0.554630 0.291146 0.555556 0.289583 0.555556 0.289062 0.556481 0.287500 0.556481 0.286979 0.557407 0.285417 0.557407 0.284896 0.558333 0.282813 0.558333 0.280729 0.554630 0.277083 0.554630 0.276562 0.553704 0.276042 0.553704 0.273438 0.549074 0.273438 0.548148 0.265104 0.533333 0.265104 0.532407 0.261979 0.526852 0.261458 0.526852 0.260937 0.525926 0.260937 0.525000 0.257812 0.519444
0 0.281771 0.518519 0.079167 0.072222 0.320312 0.482407 0.319792 0.483333 0.316146 0.483333 0.315625 0.484259 0.312500 0.484259 0.311979 0.485185 0.310937 0.485185 0.290625 0.521296 0.288542 0.521296 0.288021 0.522222 0.285417 0.522222 0.284896 0.523148 0.282813 0.523148 0.282292 0.524074 0.279687 0.524074 0.279167 0.525000 0.276562 0.525000 0.276042 0.525926 0.273958 0.525926 0.273438 0.526852 0.270833 0.526852 0.270313 0.527778 0.269271 0.527778 0.268229 0.525926 0.267708 0.525926 0.262500 0.516667 0.262500 0.515741 0.254167 0.500926 0.254167 0.500000 0.245312 0.484259 0.245312 0.483333 0.243229 0.483333 0.242188 0.485185 0.242188 0.488889 0.243750 0.491667 0.243750 0.492593 0.249479 0.502778 0.249479 0.503704 0.257812 0.518519 0.257812 0.519444 0.265625 0.533333 0.265625 0.534259 0.273958 0.549074 0.273958 0.550000 0.275521 0.552778 0.276042 0.552778 0.277083 0.554630 0.280208 0.554630 0.280729 0.553704 0.280729 0.551852 0.281771 0.550000 0.281771 0.549074 0.303646 0.510185 0.303646 0.509259 0.315625 0.487963 0.316146 0.487963 0.317188 0.486111 0.319792 0.486111 0.320312 0.485185 0.321354 0.485185 0.320833 0.484259 0.320833 0.483333
0 0.277083 0.489815 0.087500 0.074074 0.242188 0.452778 0.241667 0.453704 0.234896 0.453704 0.234375 0.454630 0.233854 0.454630 0.233333 0.455556 0.233333 0.459259 0.233854 0.460185 0.233854 0.461111 0.237500 0.467593 0.237500 0.468519 0.245833 0.483333 0.245833 0.484259 0.254688 0.500000 0.254688 0.500926 0.263021 0.515741 0.263021 0.516667 0.267708 0.525000 0.268229 0.525000 0.269271 0.526852 0.270313 0.526852 0.270833 0.525926 0.273438 0.525926 0.273958 0.525000 0.276042 0.525000 0.276562 0.524074 0.279167 0.524074 0.279687 0.523148 0.282292 0.523148 0.282813 0.522222 0.284896 0.522222 0.285417 0.521296 0.288021 0.521296 0.288542 0.520370 0.290625 0.520370 0.291146 0.519444 0.290104 0.519444 0.288021 0.515741 0.288021 0.512963 0.289062 0.511111 0.289062 0.510185 0.303646 0.484259 0.303646 0.483333 0.320833 0.452778 0.318229 0.452778 0.317708 0.453704 0.310937 0.453704 0.310417 0.454630 0.304167 0.454630 0.303646 0.455556 0.303125 0.455556 0.280729 0.495370 0.280208 0.495370 0.279687 0.496296 0.277604 0.496296 0.277083 0.497222 0.273438 0.497222 0.272917 0.498148 0.268750 0.498148 0.256771 0.476852 0.256771 0.475926 0.246354 0.457407 0.246354 0.456481 0.244271 0.452778
0 0.273958 0.461574 0.080208 0.071296 0.235417 0.425926 0.234896 0.426852 0.234375 0.426852 0.233854 0.427778 0.233854 0.431481 0.234375 0.432407 0.234375 0.433333 0.237500 0.438889 0.237500 0.439815 0.246875 0.456481 0.246875 0.457407 0.257292 0.475926 0.257292 0.476852 0.268750 0.497222 0.272917 0.497222 0.273438 0.496296 0.277083 0.496296 0.277604 0.495370 0.279687 0.495370 0.280208 0.494444 0.280729 0.494444 0.287500 0.482407 0.287500 0.481481 0.286979 0.480556 0.286979 0.476852 0.287500 0.475926 0.287500 0.475000 0.295312 0.461111 0.295312 0.460185 0.311979 0.430556 0.311979 0.429630 0.314063 0.425926 0.306771 0.425926 0.306250 0.426852 0.302604 0.426852 0.293750 0.442593 0.293750 0.443519 0.283333 0.462037 0.282813 0.462037 0.279167 0.468519 0.278646 0.468519 0.278125 0.469444 0.272396 0.469444 0.271875 0.470370 0.266667 0.470370 0.266146 0.471296 0.261458 0.471296 0.247396 0.446296 0.247396 0.445370 0.236458 0.425926
0 0.268229 0.434259 0.084375 0.072222 0.295833 0.398148 0.293750 0.401852 0.288021 0.401852 0.287500 0.400926 0.263542 0.400926 0.263021 0.400000 0.239063 0.400000 0.238542 0.399074 0.227083 0.399074 0.226042 0.400926 0.226042 0.404630 0.227083 0.406481 0.227083 0.407407 0.234375 0.420370 0.234375 0.421296 0.247917 0.445370 0.247917 0.446296 0.261458 0.470370 0.266146 0.470370 0.266667 0.469444 0.271875 0.469444 0.272396 0.468519 0.278125 0.468519 0.278646 0.467593 0.279167 0.467593 0.282813 0.461111 0.283333 0.461111 0.291146 0.447222 0.290625 0.447222 0.288542 0.443519 0.288542 0.440741 0.289062 0.439815 0.289062 0.438889 0.292708 0.432407 0.292708 0.431481 0.305729 0.408333 0.305729 0.407407 0.310417 0.399074 0.303646 0.399074 0.303125 0.398148
0 0.366146 0.402778 0.080208 0.072222 0.328125 0.366667 0.327604 0.367593 0.327083 0.367593 0.326562 0.368519 0.326562 0.369444 0.326042 0.370370 0.326042 0.371296 0.326562 0.372222 0.326562 0.373148 0.327604 0.375000 0.327604 0.375926 0.335938 0.390741 0.335938 0.391667 0.348438 0.413889 0.348438 0.414815 0.361979 0.438889 0.368229 0.438889 0.373958 0.428704 0.373958 0.427778 0.403125 0.375926 0.406250 0.375926 0.406250 0.375000 0.403646 0.370370 0.403646 0.367593 0.400521 0.367593 0.400000 0.366667 0.397396 0.366667 0.390104 0.379630 0.389062 0.377778 0.388542 0.377778 0.388021 0.376852 0.387500 0.376852 0.386979 0.375926 0.381771 0.375926 0.381250 0.375000 0.376042 0.375000 0.375521 0.374074 0.370312 0.374074 0.369792 0.373148 0.364063 0.373148 0.363542 0.372222 0.358333 0.372222 0.357812 0.371296 0.352604 0.371296 0.352083 0.370370 0.346875 0.370370 0.346354 0.369444 0.340625 0.369444 0.340104 0.368519 0.334896 0.368519 0.334375 0.367593 0.329167 0.367593 0.328646 0.366667
0 0.447656 0.400463 0.086979 0.073148 0.405729 0.363889 0.405208 0.364815 0.404687 0.364815 0.404167 0.365741 0.404167 0.370370 0.406771 0.375000 0.406771 0.375926 0.421875 0.402778 0.421875 0.403704 0.440625 0.437037 0.444792 0.437037 0.449479 0.428704 0.449479 0.427778 0.481771 0.370370 0.482292 0.370370 0.483333 0.368519 0.484896 0.368519 0.485417 0.369444 0.487500 0.369444 0.488021 0.370370 0.489063 0.370370 0.490625 0.367593 0.491146 0.367593 0.489063 0.367593 0.488542 0.366667 0.485938 0.366667 0.485417 0.365741 0.483333 0.365741 0.482812 0.364815 0.480729 0.364815 0.480208 0.363889 0.477083 0.363889 0.476042 0.365741 0.475521 0.365741 0.460938 0.391667 0.451562 0.375000 0.451042 0.375000 0.450521 0.374074 0.448437 0.374074 0.447917 0.373148 0.444271 0.373148 0.443750 0.372222 0.440104 0.372222 0.439583 0.371296 0.435937 0.371296 0.435417 0.370370 0.431771 0.370370 0.431250 0.369444 0.427604 0.369444 0.427083 0.368519 0.423958 0.368519 0.423438 0.367593 0.419792 0.367593 0.419271 0.366667 0.415625 0.366667 0.415104 0.365741 0.411458 0.365741 0.410938 0.364815 0.407292 0.364815 0.406771 0.363889
0 0.532031 0.406019 0.084896 0.076852 0.566667 0.367593 0.566146 0.368519 0.565625 0.368519 0.550000 0.396296 0.549479 0.396296 0.542188 0.409259 0.541667 0.409259 0.540625 0.411111 0.540104 0.411111 0.539583 0.410185 0.539062 0.410185 0.520833 0.377778 0.520312 0.377778 0.519792 0.376852 0.518229 0.376852 0.517708 0.375926 0.515104 0.375926 0.514583 0.375000 0.511979 0.375000 0.511458 0.374074 0.509375 0.374074 0.508854 0.373148 0.506250 0.373148 0.505729 0.372222 0.503646 0.372222 0.503125 0.371296 0.500521 0.371296 0.500000 0.370370 0.497396 0.370370 0.496875 0.369444 0.494792 0.369444 0.494271 0.368519 0.490625 0.368519 0.489583 0.370370 0.489583 0.374074 0.490625 0.375926 0.490625 0.376852 0.502083 0.397222 0.502083 0.398148 0.527604 0.443519 0.528125 0.443519 0.528646 0.444444 0.529167 0.444444 0.529687 0.443519 0.531771 0.443519 0.532292 0.442593 0.534896 0.442593 0.535417 0.441667 0.537500 0.441667 0.537500 0.438889 0.538542 0.437037 0.538542 0.436111 0.568229 0.383333 0.568750 0.383333 0.574479 0.373148 0.574479 0.372222 0.573438 0.372222 0.572917 0.371296 0.572396 0.371296 0.571875 0.370370 0.570833 0.370370 0.570312 0.369444 0.569792 0.369444 0.569271 0.368519 0.568750 0.368519 0.568229 0.367593
0 0.628125 0.407407 0.081250 0.075926 0.589063 0.369444 0.587500 0.372222 0.587500 0.375000 0.588542 0.376852 0.588542 0.377778 0.607292 0.411111 0.607292 0.412037 0.625000 0.443519 0.625521 0.443519 0.626563 0.445370 0.628125 0.445370 0.628646 0.444444 0.629167 0.444444 0.631771 0.439815 0.632292 0.439815 0.647917 0.412037 0.648438 0.412037 0.668750 0.375926 0.668750 0.372222 0.668229 0.371296 0.668229 0.370370 0.667708 0.370370 0.667188 0.369444 0.665625 0.369444 0.665104 0.370370 0.664583 0.370370 0.664062 0.371296 0.663542 0.371296 0.663021 0.372222 0.662500 0.372222 0.661458 0.374074 0.660937 0.374074 0.660417 0.375000 0.659896 0.375000 0.658854 0.376852 0.658333 0.376852 0.657813 0.377778 0.657292 0.377778 0.650521 0.389815 0.650000 0.389815 0.640625 0.406481 0.640104 0.406481 0.636458 0.412963 0.635938 0.412963 0.633854 0.416667 0.633333 0.416667 0.631771 0.419444 0.631250 0.419444 0.630729 0.420370 0.630208 0.420370 0.629687 0.421296 0.628646 0.421296 0.628125 0.422222 0.626563 0.422222 0.626042 0.421296 0.625000 0.421296 0.623958 0.419444 0.623437 0.419444 0.622396 0.417593 0.621875 0.417593 0.618750 0.412037 0.618229 0.412037 0.600000 0.379630 0.599479 0.379630 0.598437 0.377778 0.597917 0.377778 0.596875 0.375926 0.596354 0.375926 0.595833 0.375000 0.595313 0.375000 0.594271 0.373148 0.593750 0.373148 0.593229 0.372222 0.592708 0.372222 0.591667 0.370370 0.591146 0.370370 0.590625 0.369444
0 0.364323 0.551852 0.082812 0.079630 0.323437 0.512037 0.322917 0.512963 0.322917 0.516667 0.323437 0.517593 0.323437 0.518519 0.323958 0.519444 0.323958 0.520370 0.324479 0.521296 0.324479 0.522222 0.325521 0.524074 0.325521 0.525000 0.326042 0.525926 0.326042 0.526852 0.327083 0.528704 0.327083 0.529630 0.327604 0.530556 0.327604 0.531481 0.328646 0.533333 0.328646 0.534259 0.329688 0.536111 0.329688 0.537037 0.330208 0.537963 0.330208 0.538889 0.331250 0.540741 0.331250 0.541667 0.332292 0.543519 0.332292 0.544444 0.332813 0.545370 0.332813 0.546296 0.333854 0.548148 0.333854 0.549074 0.334896 0.550926 0.334896 0.551852 0.335417 0.552778 0.335417 0.553704 0.336458 0.555556 0.336458 0.556481 0.336979 0.557407 0.336979 0.558333 0.338021 0.560185 0.338021 0.561111 0.339062 0.562963 0.339062 0.563889 0.339583 0.564815 0.339583 0.565741 0.340625 0.567593 0.340625 0.568519 0.341667 0.570370 0.341667 0.571296 0.342187 0.572222 0.342187 0.573148 0.343229 0.575000 0.343229 0.575926 0.343750 0.576852 0.343750 0.577778 0.344792 0.579630 0.344792 0.580556 0.345833 0.582407 0.345833 0.583333 0.346354 0.584259 0.346354 0.585185 0.347396 0.587037 0.347396 0.587963 0.348438 0.589815 0.348438 0.590741 0.348958 0.591667 0.355208 0.591667 0.355729 0.590741 0.356771 0.590741 0.357292 0.589815 0.358333 0.589815 0.358854 0.588889 0.359896 0.588889 0.360417 0.587963 0.361458 0.587963 0.361979 0.587037 0.363021 0.587037 0.363542 0.586111 0.364583 0.586111 0.365104 0.585185 0.366146 0.585185 0.366667 0.584259 0.367708 0.584259 0.368229 0.583333 0.369271 0.583333 0.369792 0.582407 0.370833 0.582407 0.371354 0.581481 0.372396 0.581481 0.372917 0.580556 0.373958 0.580556 0.374479 0.579630 0.376042 0.579630 0.376563 0.578704 0.377604 0.578704 0.378125 0.577778 0.379167 0.577778 0.379688 0.576852 0.380729 0.576852 0.381250 0.575926 0.382292 0.575926 0.382812 0.575000 0.383854 0.575000 0.384375 0.574074 0.385417 0.574074 0.385937 0.573148 0.386979 0.573148 0.387500 0.572222 0.388542 0.572222 0.389062 0.571296 0.390104 0.571296 0.390625 0.570370 0.391667 0.570370 0.392188 0.569444 0.393229 0.569444 0.393750 0.568519 0.394792 0.568519 0.395313 0.567593 0.396354 0.567593 0.396875 0.566667 0.397917 0.566667 0.398438 0.565741 0.399479 0.565741 0.400000 0.564815 0.401042 0.564815 0.401562 0.563889 0.402604 0.563889 0.403125 0.562963 0.404167 0.562963 0.404687 0.562037 0.405729 0.562037 0.405729 0.561111 0.393229 0.538889 0.391667 0.538889 0.391146 0.539815 0.390625 0.539815 0.389583 0.541667 0.389062 0.541667 0.388542 0.542593 0.388021 0.542593 0.386979 0.544444 0.386458 0.544444 0.385417 0.546296 0.384896 0.546296 0.383854 0.548148 0.383333 0.548148 0.382292 0.550000 0.381771 0.550000 0.380729 0.551852 0.380208 0.551852 0.379688 0.552778 0.379167 0.552778 0.378125 0.554630 0.377604 0.554630 0.376563 0.556481 0.376042 0.556481 0.375000 0.558333 0.373958 0.558333 0.373437 0.559259 0.372396 0.559259 0.371875 0.560185 0.370312 0.560185 0.369792 0.561111 0.368750 0.561111 0.368229 0.562037 0.366667 0.562037 0.365104 0.559259 0.365104 0.558333 0.364583 0.557407 0.364583 0.555556 0.364063 0.555556 0.363542 0.556481 0.362500 0.556481 0.361979 0.557407 0.360417 0.557407 0.359896 0.558333 0.358854 0.558333 0.358333 0.559259 0.357292 0.559259 0.356771 0.560185 0.355729 0.560185 0.355208 0.561111 0.353646 0.561111 0.353125 0.562037 0.352604 0.562037 0.352083 0.561111 0.351562 0.561111 0.339583 0.539815 0.339583 0.538889 0.327604 0.517593 0.327083 0.517593 0.323958 0.512037
0 0.444010 0.555556 0.104688 0.087037 0.490625 0.512037 0.490104 0.512963 0.489063 0.512963 0.488542 0.513889 0.488021 0.513889 0.487500 0.514815 0.486458 0.514815 0.485938 0.515741 0.484896 0.515741 0.484375 0.516667 0.483854 0.516667 0.483333 0.517593 0.482292 0.517593 0.481771 0.518519 0.480729 0.518519 0.480208 0.519444 0.479687 0.519444 0.479167 0.520370 0.478125 0.520370 0.477604 0.521296 0.476562 0.521296 0.476042 0.522222 0.475521 0.522222 0.475000 0.523148 0.473958 0.523148 0.473438 0.524074 0.472396 0.524074 0.471875 0.525000 0.471354 0.525000 0.470833 0.525926 0.469792 0.525926 0.469271 0.526852 0.468229 0.526852 0.467708 0.527778 0.467187 0.527778 0.466667 0.528704 0.465625 0.528704 0.446354 0.562963 0.445312 0.562963 0.444792 0.563889 0.444271 0.563889 0.443750 0.564815 0.443229 0.564815 0.442708 0.565741 0.441667 0.565741 0.441146 0.566667 0.440625 0.566667 0.440104 0.567593 0.439583 0.567593 0.439063 0.568519 0.438021 0.568519 0.437500 0.569444 0.436979 0.569444 0.436458 0.568519 0.435937 0.568519 0.429688 0.557407 0.429688 0.556481 0.426042 0.550000 0.426042 0.549074 0.421354 0.540741 0.421354 0.539815 0.410417 0.520370 0.409896 0.520370 0.409375 0.521296 0.407813 0.521296 0.407292 0.522222 0.405729 0.522222 0.405208 0.523148 0.403646 0.523148 0.403125 0.524074 0.401562 0.524074 0.401042 0.525000 0.400000 0.525000 0.399479 0.525926 0.397917 0.525926 0.397396 0.526852 0.395833 0.526852 0.395313 0.527778 0.393750 0.527778 0.393229 0.528704 0.392188 0.528704 0.391667 0.529630 0.391667 0.534259 0.393229 0.537037 0.393229 0.537963 0.409375 0.566667 0.409375 0.567593 0.427083 0.599074 0.433854 0.599074 0.434375 0.598148 0.434896 0.598148 0.435417 0.597222 0.435937 0.597222 0.436979 0.595370 0.437500 0.595370 0.438021 0.594444 0.438542 0.594444 0.439063 0.593519 0.439583 0.593519 0.440104 0.592593 0.440625 0.592593 0.441146 0.591667 0.441667 0.591667 0.442188 0.590741 0.442708 0.590741 0.443229 0.589815 0.443750 0.589815 0.444271 0.588889 0.444792 0.588889 0.445312 0.587963 0.445833 0.587963 0.446875 0.586111 0.447396 0.586111 0.447917 0.585185 0.448437 0.585185 0.448958 0.584259 0.449479 0.584259 0.450000 0.583333 0.450521 0.583333 0.451042 0.582407 0.451562 0.582407 0.452083 0.581481 0.452604 0.581481 0.453125 0.580556 0.453646 0.580556 0.454167 0.579630 0.454688 0.579630 0.455729 0.577778 0.456250 0.577778 0.456771 0.576852 0.457292 0.576852 0.457813 0.575926 0.458333 0.575926 0.458854 0.575000 0.459375 0.575000 0.459896 0.574074 0.460417 0.574074 0.460938 0.573148 0.461458 0.573148 0.461979 0.572222 0.462500 0.572222 0.463021 0.571296 0.463542 0.571296 0.464062 0.570370 0.464583 0.570370 0.465625 0.568519 0.466146 0.568519 0.466667 0.567593 0.467187 0.567593 0.467708 0.566667 0.468229 0.566667 0.468750 0.565741 0.469271 0.565741 0.469792 0.564815 0.470313 0.564815 0.470833 0.563889 0.471354 0.563889 0.490625 0.529630 0.490625 0.526852 0.490104 0.525926 0.490625 0.525000 0.490625 0.524074 0.492188 0.521296 0.493229 0.521296 0.493750 0.520370 0.494271 0.520370 0.494792 0.519444 0.495312 0.519444 0.495833 0.518519 0.496354 0.518519 0.493750 0.513889 0.493229 0.513889 0.492188 0.512037
0 0.535417 0.551852 0.089583 0.090741 0.577083 0.506481 0.576562 0.507407 0.575521 0.507407 0.575000 0.508333 0.574479 0.508333 0.573958 0.509259 0.573438 0.509259 0.572917 0.510185 0.572396 0.510185 0.564063 0.525000 0.563542 0.525000 0.559375 0.532407 0.558854 0.532407 0.556250 0.537037 0.555729 0.537037 0.554167 0.539815 0.553646 0.539815 0.546354 0.552778 0.545833 0.552778 0.541667 0.560185 0.541146 0.560185 0.540625 0.561111 0.539583 0.561111 0.537500 0.557407 0.537500 0.553704 0.538021 0.552778 0.538021 0.551852 0.544792 0.539815 0.544271 0.539815 0.543750 0.538889 0.540104 0.545370 0.539583 0.545370 0.535937 0.551852 0.535417 0.551852 0.532292 0.557407 0.531771 0.557407 0.530729 0.559259 0.530208 0.559259 0.529687 0.560185 0.528646 0.560185 0.527604 0.558333 0.527083 0.558333 0.525000 0.554630 0.524479 0.554630 0.522917 0.557407 0.522396 0.557407 0.521354 0.559259 0.519271 0.559259 0.517708 0.556481 0.517188 0.556481 0.511979 0.547222 0.511979 0.546296 0.496875 0.519444 0.495833 0.519444 0.495312 0.520370 0.494792 0.520370 0.494271 0.521296 0.493750 0.521296 0.493229 0.522222 0.492188 0.522222 0.491146 0.524074 0.491146 0.525000 0.490625 0.525926 0.491146 0.526852 0.491146 0.528704 0.493229 0.532407 0.493229 0.533333 0.504167 0.552778 0.504167 0.553704 0.518229 0.578704 0.518229 0.579630 0.527604 0.596296 0.528125 0.596296 0.528646 0.597222 0.530208 0.597222 0.530729 0.596296 0.531250 0.596296 0.534896 0.589815 0.535417 0.589815 0.548438 0.566667 0.548958 0.566667 0.562500 0.542593 0.563021 0.542593 0.568229 0.533333 0.568229 0.532407 0.570833 0.527778 0.570833 0.526852 0.572917 0.523148 0.572917 0.522222 0.575521 0.517593 0.575521 0.516667 0.578125 0.512037 0.578125 0.511111 0.580208 0.507407 0.579167 0.507407 0.578646 0.506481
0 0.627083 0.560185 0.080208 0.079630 0.589063 0.520370 0.589063 0.521296 0.588021 0.523148 0.588021 0.524074 0.587500 0.525000 0.587500 0.525926 0.586979 0.526852 0.586979 0.530556 0.588021 0.532407 0.588021 0.533333 0.603646 0.561111 0.603646 0.562037 0.624479 0.599074 0.625000 0.599074 0.625521 0.600000 0.627083 0.600000 0.627604 0.599074 0.628125 0.599074 0.629687 0.596296 0.630208 0.596296 0.639062 0.580556 0.639583 0.580556 0.649479 0.562963 0.650000 0.562963 0.660417 0.544444 0.660937 0.544444 0.666667 0.534259 0.666667 0.533333 0.667188 0.532407 0.667188 0.528704 0.666667 0.527778 0.666667 0.526852 0.666146 0.525926 0.666146 0.525000 0.665104 0.523148 0.665104 0.522222 0.664583 0.523148 0.664062 0.523148 0.662500 0.525926 0.661979 0.525926 0.659896 0.529630 0.659375 0.529630 0.656771 0.534259 0.656250 0.534259 0.651563 0.542593 0.651042 0.542593 0.643750 0.555556 0.643229 0.555556 0.634896 0.570370 0.634375 0.570370 0.632812 0.573148 0.631250 0.573148 0.629167 0.569444 0.629167 0.562963 0.628125 0.564815 0.627083 0.564815 0.626563 0.565741 0.626042 0.564815 0.625521 0.564815 0.625000 0.563889 0.624479 0.563889 0.618750 0.553704 0.618229 0.554630 0.618229 0.559259 0.616146 0.562963 0.615104 0.562963 0.614583 0.562037 0.614062 0.562037 0.613542 0.561111 0.613021 0.561111 0.590104 0.520370
0 0.711719 0.559722 0.085938 0.082407 0.668750 0.518519 0.668750 0.520370 0.669792 0.522222 0.669792 0.523148 0.670833 0.525000 0.670833 0.525926 0.671875 0.527778 0.671875 0.528704 0.672396 0.529630 0.672396 0.530556 0.673958 0.533333 0.673958 0.534259 0.700000 0.580556 0.700000 0.581481 0.708854 0.597222 0.709375 0.597222 0.711458 0.600926 0.713542 0.600926 0.714063 0.600000 0.714583 0.600000 0.716146 0.597222 0.716667 0.597222 0.722917 0.586111 0.723437 0.586111 0.730729 0.573148 0.731250 0.573148 0.739062 0.559259 0.739583 0.559259 0.746875 0.546296 0.747396 0.546296 0.754167 0.534259 0.754167 0.533333 0.754687 0.532407 0.754687 0.529630 0.754167 0.528704 0.754167 0.527778 0.753646 0.527778 0.752604 0.525926 0.752083 0.525926 0.751563 0.525000 0.751042 0.525000 0.750000 0.526852 0.749479 0.526852 0.741667 0.540741 0.741146 0.540741 0.733333 0.554630 0.732812 0.554630 0.725521 0.567593 0.725000 0.567593 0.721875 0.573148 0.721354 0.573148 0.720313 0.575000 0.718750 0.575000 0.718229 0.574074 0.717708 0.574074 0.700000 0.542593 0.699479 0.542593 0.698958 0.543519 0.701562 0.548148 0.701562 0.549074 0.707292 0.559259 0.707292 0.560185 0.710938 0.566667 0.710938 0.567593 0.711458 0.568519 0.711458 0.571296 0.710938 0.572222 0.710938 0.573148 0.710417 0.574074 0.709896 0.574074 0.709375 0.575000 0.707812 0.575000 0.706771 0.573148 0.706250 0.573148 0.687500 0.539815 0.686979 0.539815 0.680729 0.528704 0.680208 0.528704 0.677604 0.524074 0.677083 0.524074 0.676042 0.522222 0.675521 0.522222 0.674479 0.520370 0.673958 0.520370 0.673438 0.519444 0.672396 0.519444 0.671875 0.518519
0 0.324740 0.523611 0.086979 0.075000 0.320312 0.486111 0.319792 0.487037 0.317188 0.487037 0.316146 0.488889 0.315625 0.488889 0.304167 0.509259 0.304167 0.510185 0.282292 0.549074 0.282292 0.550000 0.281250 0.551852 0.281250 0.555556 0.282813 0.558333 0.284375 0.558333 0.284896 0.557407 0.286458 0.557407 0.286979 0.556481 0.288542 0.556481 0.289062 0.555556 0.290625 0.555556 0.291146 0.554630 0.292708 0.554630 0.293229 0.553704 0.294792 0.553704 0.295312 0.552778 0.296875 0.552778 0.297396 0.551852 0.298958 0.551852 0.299479 0.550926 0.301042 0.550926 0.301563 0.550000 0.303125 0.550000 0.319271 0.521296 0.321354 0.521296 0.321875 0.520370 0.323437 0.520370 0.323437 0.519444 0.322917 0.518519 0.322917 0.517593 0.322396 0.516667 0.322396 0.512963 0.323437 0.511111 0.323958 0.511111 0.327083 0.516667 0.327604 0.516667 0.340104 0.538889 0.340104 0.539815 0.351562 0.560185 0.352083 0.560185 0.352604 0.561111 0.353125 0.561111 0.353646 0.560185 0.355208 0.560185 0.355729 0.559259 0.356771 0.559259 0.357292 0.558333 0.358333 0.558333 0.358854 0.557407 0.359896 0.557407 0.360417 0.556481 0.361979 0.556481 0.362500 0.555556 0.363542 0.555556 0.364063 0.554630 0.365104 0.554630 0.365104 0.553704 0.368229 0.548148 0.367188 0.548148 0.366667 0.549074 0.365625 0.549074 0.365104 0.550000 0.363542 0.550000 0.363021 0.550926 0.361979 0.550926 0.361458 0.551852 0.359896 0.551852 0.359375 0.552778 0.357292 0.552778 0.356250 0.550926 0.355729 0.550926 0.351562 0.543519 0.351562 0.542593 0.343229 0.527778 0.343229 0.526852 0.334896 0.512037 0.334896 0.511111 0.326562 0.496296 0.326562 0.495370 0.321875 0.487037 0.321875 0.486111
0 0.407813 0.530093 0.085417 0.076852 0.405729 0.491667 0.405208 0.492593 0.403125 0.492593 0.402604 0.493519 0.402083 0.493519 0.399479 0.498148 0.398958 0.498148 0.392708 0.509259 0.392188 0.509259 0.385417 0.521296 0.384896 0.521296 0.378646 0.532407 0.378125 0.532407 0.371354 0.544444 0.370833 0.544444 0.365625 0.553704 0.365625 0.554630 0.365104 0.555556 0.365104 0.557407 0.365625 0.558333 0.365625 0.559259 0.366667 0.561111 0.368229 0.561111 0.368750 0.560185 0.369792 0.560185 0.370312 0.559259 0.371875 0.559259 0.372396 0.558333 0.373437 0.558333 0.373958 0.557407 0.375000 0.557407 0.376042 0.555556 0.376563 0.555556 0.377604 0.553704 0.378125 0.553704 0.379167 0.551852 0.379688 0.551852 0.380208 0.550926 0.380729 0.550926 0.381771 0.549074 0.382292 0.549074 0.383333 0.547222 0.383854 0.547222 0.384896 0.545370 0.385417 0.545370 0.386458 0.543519 0.386979 0.543519 0.388021 0.541667 0.388542 0.541667 0.389062 0.540741 0.389583 0.540741 0.390625 0.538889 0.391146 0.538889 0.391667 0.537963 0.392708 0.537963 0.392708 0.537037 0.391146 0.534259 0.391146 0.529630 0.392188 0.527778 0.393229 0.527778 0.393750 0.526852 0.395313 0.526852 0.395833 0.525926 0.397396 0.525926 0.397917 0.525000 0.399479 0.525000 0.400000 0.524074 0.401042 0.524074 0.401562 0.523148 0.403125 0.523148 0.403646 0.522222 0.405208 0.522222 0.405729 0.521296 0.407292 0.521296 0.407813 0.520370 0.409375 0.520370 0.409896 0.519444 0.410417 0.519444 0.421875 0.539815 0.421875 0.540741 0.426563 0.549074 0.426563 0.550000 0.430208 0.556481 0.430208 0.557407 0.435937 0.567593 0.436458 0.567593 0.436979 0.568519 0.437500 0.568519 0.438021 0.567593 0.439063 0.567593 0.439583 0.566667 0.440104 0.566667 0.440625 0.565741 0.441146 0.565741 0.441667 0.564815 0.442708 0.564815 0.443229 0.563889 0.443750 0.563889 0.444271 0.562963 0.444792 0.562963 0.445312 0.562037 0.446354 0.562037 0.450521 0.554630 0.450000 0.555556 0.449479 0.555556 0.448958 0.556481 0.446875 0.556481 0.445312 0.553704 0.445312 0.549074 0.446354 0.547222 0.445833 0.548148 0.444792 0.548148 0.444271 0.549074 0.443750 0.549074 0.443229 0.550000 0.442708 0.550000 0.442188 0.550926 0.441146 0.550926 0.440625 0.551852 0.439583 0.551852 0.439063 0.550926 0.438542 0.550926 0.427604 0.531481 0.427604 0.530556 0.416146 0.510185 0.416146 0.509259 0.406250 0.491667
0 0.485156 0.518981 0.078646 0.078704 0.491667 0.479630 0.491146 0.480556 0.490104 0.480556 0.489583 0.481481 0.488021 0.481481 0.487500 0.482407 0.485938 0.482407 0.485417 0.483333 0.484375 0.483333 0.483854 0.484259 0.483333 0.484259 0.482812 0.485185 0.482292 0.485185 0.472396 0.502778 0.471875 0.502778 0.445833 0.549074 0.445833 0.553704 0.446875 0.555556 0.448958 0.555556 0.449479 0.554630 0.450000 0.554630 0.450521 0.553704 0.451042 0.553704 0.465625 0.527778 0.466667 0.527778 0.467187 0.526852 0.467708 0.526852 0.468229 0.525926 0.469271 0.525926 0.469792 0.525000 0.470833 0.525000 0.471354 0.524074 0.471875 0.524074 0.472396 0.523148 0.473438 0.523148 0.473958 0.522222 0.475000 0.522222 0.475521 0.521296 0.476042 0.521296 0.476562 0.520370 0.477604 0.520370 0.478125 0.519444 0.479167 0.519444 0.479687 0.518519 0.480208 0.518519 0.480729 0.517593 0.481771 0.517593 0.482292 0.516667 0.483333 0.516667 0.483854 0.515741 0.484375 0.515741 0.484896 0.514815 0.485938 0.514815 0.486458 0.513889 0.487500 0.513889 0.488021 0.512963 0.488542 0.512963 0.489063 0.512037 0.490104 0.512037 0.490625 0.511111 0.492188 0.511111 0.493229 0.512963 0.493750 0.512963 0.512500 0.546296 0.512500 0.547222 0.517188 0.555556 0.517708 0.555556 0.519271 0.558333 0.521354 0.558333 0.522396 0.556481 0.522917 0.556481 0.524479 0.553704 0.516667 0.539815 0.516667 0.538889 0.498958 0.507407 0.498958 0.506481 0.490625 0.491667 0.490625 0.490741 0.490104 0.489815 0.490104 0.488889 0.489583 0.487963 0.490104 0.487037 0.490104 0.485185 0.491146 0.483333 0.492188 0.483333 0.492708 0.482407 0.493750 0.482407 0.494271 0.481481 0.493229 0.479630
0 0.578125 0.517130 0.080208 0.089815 0.585938 0.472222 0.585417 0.473148 0.584896 0.473148 0.581250 0.479630 0.580729 0.479630 0.577604 0.485185 0.577083 0.485185 0.570833 0.496296 0.570312 0.496296 0.550000 0.532407 0.549479 0.532407 0.538542 0.551852 0.538542 0.552778 0.538021 0.553704 0.538021 0.557407 0.539583 0.560185 0.540625 0.560185 0.541146 0.559259 0.541667 0.559259 0.545833 0.551852 0.546354 0.551852 0.558854 0.529630 0.559375 0.529630 0.564583 0.520370 0.565104 0.520370 0.568229 0.514815 0.568750 0.514815 0.570833 0.511111 0.571354 0.511111 0.572396 0.509259 0.572917 0.509259 0.573438 0.508333 0.573958 0.508333 0.574479 0.507407 0.575000 0.507407 0.575521 0.506481 0.576562 0.506481 0.577083 0.505556 0.578646 0.505556 0.579167 0.506481 0.580208 0.506481 0.580729 0.507407 0.581250 0.507407 0.581771 0.508333 0.582292 0.508333 0.583333 0.510185 0.583854 0.510185 0.585417 0.512963 0.585938 0.512963 0.589583 0.519444 0.590104 0.519444 0.613021 0.560185 0.613542 0.560185 0.614062 0.561111 0.614583 0.561111 0.615104 0.562037 0.616146 0.562037 0.617708 0.559259 0.617708 0.554630 0.618229 0.553704 0.618229 0.552778 0.606250 0.531481 0.606250 0.530556 0.586979 0.496296 0.586979 0.495370 0.585938 0.493519 0.585938 0.488889 0.589063 0.483333 0.589063 0.482407 0.590625 0.479630 0.588542 0.475926 0.588021 0.475926
0 0.670312 0.529167 0.081250 0.089815 0.665625 0.484259 0.668229 0.488889 0.668229 0.489815 0.669271 0.491667 0.669271 0.493519 0.668750 0.494444 0.668750 0.495370 0.654167 0.521296 0.653646 0.521296 0.642188 0.541667 0.641667 0.541667 0.631250 0.560185 0.630729 0.560185 0.629687 0.562037 0.629687 0.569444 0.631250 0.572222 0.632812 0.572222 0.634375 0.569444 0.634896 0.569444 0.643229 0.554630 0.643750 0.554630 0.651042 0.541667 0.651563 0.541667 0.656250 0.533333 0.656771 0.533333 0.659375 0.528704 0.659896 0.528704 0.661979 0.525000 0.662500 0.525000 0.664062 0.522222 0.664583 0.522222 0.665625 0.520370 0.666146 0.520370 0.666667 0.519444 0.667188 0.519444 0.667708 0.518519 0.668229 0.518519 0.668750 0.517593 0.671875 0.517593 0.672396 0.518519 0.673438 0.518519 0.673958 0.519444 0.674479 0.519444 0.675521 0.521296 0.676042 0.521296 0.677083 0.523148 0.677604 0.523148 0.680208 0.527778 0.680729 0.527778 0.686979 0.538889 0.687500 0.538889 0.706250 0.572222 0.706771 0.572222 0.707812 0.574074 0.709375 0.574074 0.709896 0.573148 0.710417 0.573148 0.710417 0.572222 0.710938 0.571296 0.710938 0.568519 0.710417 0.567593 0.710417 0.566667 0.706771 0.560185 0.706771 0.559259 0.701042 0.549074 0.701042 0.548148 0.695312 0.537963 0.695312 0.537037 0.678125 0.506481 0.678125 0.505556 0.666146 0.484259
0 0.363281 0.513889 0.084896 0.075926 0.331771 0.475926 0.331250 0.476852 0.327604 0.476852 0.327083 0.477778 0.322917 0.477778 0.322396 0.478704 0.321875 0.478704 0.321354 0.479630 0.321354 0.480556 0.320833 0.481481 0.320833 0.482407 0.321354 0.483333 0.321354 0.484259 0.322396 0.486111 0.322396 0.487037 0.327083 0.495370 0.327083 0.496296 0.335417 0.511111 0.335417 0.512037 0.343750 0.526852 0.343750 0.527778 0.352083 0.542593 0.352083 0.543519 0.355729 0.550000 0.356250 0.550000 0.357292 0.551852 0.359375 0.551852 0.359896 0.550926 0.361458 0.550926 0.361979 0.550000 0.363021 0.550000 0.363542 0.549074 0.365104 0.549074 0.365625 0.548148 0.366667 0.548148 0.367188 0.547222 0.368750 0.547222 0.370833 0.543519 0.371354 0.543519 0.378125 0.531481 0.378646 0.531481 0.384896 0.520370 0.385417 0.520370 0.392188 0.508333 0.392708 0.508333 0.398958 0.497222 0.399479 0.497222 0.402083 0.492593 0.402604 0.492593 0.403125 0.491667 0.405208 0.491667 0.405729 0.490741 0.405208 0.489815 0.405208 0.488889 0.402604 0.484259 0.402604 0.483333 0.402083 0.482407 0.402083 0.478704 0.402604 0.477778 0.400000 0.477778 0.399479 0.478704 0.396875 0.478704 0.396354 0.479630 0.393750 0.479630 0.393229 0.480556 0.392708 0.480556 0.389583 0.486111 0.389062 0.486111 0.371354 0.517593 0.370833 0.517593 0.367188 0.524074 0.366146 0.524074 0.365625 0.525000 0.365104 0.524074 0.364583 0.524074 0.363542 0.522222 0.363542 0.521296 0.363021 0.520370 0.361458 0.520370 0.360938 0.521296 0.357812 0.521296 0.343229 0.495370 0.343229 0.494444 0.336979 0.483333 0.336458 0.483333 0.332292 0.475926
0 0.447656 0.512037 0.090104 0.077778 0.487500 0.473148 0.486979 0.474074 0.485417 0.474074 0.484896 0.475000 0.483333 0.475000 0.482812 0.475926 0.481250 0.475926 0.480729 0.476852 0.478646 0.476852 0.478125 0.477778 0.476562 0.477778 0.476042 0.478704 0.475521 0.478704 0.475000 0.479630 0.474479 0.479630 0.458854 0.507407 0.458333 0.507407 0.452083 0.518519 0.450521 0.518519 0.450000 0.519444 0.448958 0.519444 0.448437 0.520370 0.447396 0.520370 0.446875 0.521296 0.445833 0.521296 0.445312 0.522222 0.444271 0.522222 0.443750 0.523148 0.442708 0.523148 0.442188 0.524074 0.441146 0.524074 0.440625 0.525000 0.439583 0.525000 0.439063 0.525926 0.438021 0.525926 0.437500 0.526852 0.435937 0.526852 0.435417 0.525926 0.434896 0.525926 0.423438 0.505556 0.423438 0.504630 0.411979 0.484259 0.411458 0.484259 0.407813 0.477778 0.407292 0.477778 0.406771 0.476852 0.404167 0.476852 0.403646 0.477778 0.403125 0.477778 0.402604 0.478704 0.402604 0.482407 0.403125 0.483333 0.403125 0.484259 0.405729 0.488889 0.405729 0.489815 0.416667 0.509259 0.416667 0.510185 0.428125 0.530556 0.428125 0.531481 0.438542 0.550000 0.439063 0.550000 0.439583 0.550926 0.440625 0.550926 0.441146 0.550000 0.442188 0.550000 0.442708 0.549074 0.443229 0.549074 0.443750 0.548148 0.444271 0.548148 0.444792 0.547222 0.445833 0.547222 0.446354 0.546296 0.446875 0.546296 0.471875 0.501852 0.472396 0.501852 0.482292 0.484259 0.482812 0.484259 0.483333 0.483333 0.483854 0.483333 0.484375 0.482407 0.485417 0.482407 0.485938 0.481481 0.487500 0.481481 0.488021 0.480556 0.489583 0.480556 0.490104 0.479630 0.491146 0.479630 0.491667 0.478704 0.492708 0.478704 0.490104 0.474074 0.489583 0.474074 0.489063 0.473148
0 0.535677 0.514352 0.091146 0.089815 0.579167 0.469444 0.578646 0.470370 0.578125 0.470370 0.577083 0.472222 0.576562 0.472222 0.575521 0.474074 0.575000 0.474074 0.573958 0.475926 0.573438 0.475926 0.572396 0.477778 0.571875 0.477778 0.570833 0.479630 0.570312 0.479630 0.568750 0.482407 0.568229 0.482407 0.567187 0.484259 0.566667 0.484259 0.565104 0.487037 0.564583 0.487037 0.552604 0.508333 0.552083 0.508333 0.548958 0.513889 0.548438 0.512963 0.547917 0.512963 0.546354 0.515741 0.545833 0.515741 0.544271 0.518519 0.543750 0.518519 0.542708 0.520370 0.541146 0.520370 0.539062 0.516667 0.539062 0.512963 0.541667 0.508333 0.541146 0.509259 0.540625 0.509259 0.539583 0.511111 0.539062 0.511111 0.538021 0.512963 0.537500 0.512963 0.536458 0.514815 0.535937 0.514815 0.534896 0.516667 0.534375 0.516667 0.533333 0.518519 0.532813 0.518519 0.532292 0.519444 0.531771 0.519444 0.531250 0.520370 0.530729 0.520370 0.530208 0.521296 0.529687 0.520370 0.529167 0.520370 0.528125 0.518519 0.527604 0.518519 0.526563 0.516667 0.526042 0.516667 0.525521 0.517593 0.525000 0.517593 0.523958 0.519444 0.523438 0.519444 0.522917 0.520370 0.522396 0.520370 0.521875 0.521296 0.521354 0.521296 0.520312 0.523148 0.518229 0.523148 0.517188 0.521296 0.516667 0.521296 0.506250 0.502778 0.506250 0.501852 0.495312 0.482407 0.494271 0.482407 0.493750 0.483333 0.492708 0.483333 0.492188 0.484259 0.491146 0.484259 0.490625 0.485185 0.490625 0.487037 0.490104 0.487963 0.490625 0.488889 0.490625 0.489815 0.491146 0.490741 0.491146 0.491667 0.499479 0.506481 0.499479 0.507407 0.517188 0.538889 0.517188 0.539815 0.527083 0.557407 0.527604 0.557407 0.528646 0.559259 0.529687 0.559259 0.530208 0.558333 0.530729 0.558333 0.531771 0.556481 0.532292 0.556481 0.535417 0.550926 0.535937 0.550926 0.539583 0.544444 0.540104 0.544444 0.543750 0.537963 0.544271 0.537963 0.547396 0.532407 0.547917 0.532407 0.551562 0.525926 0.552083 0.525926 0.569792 0.494444 0.570312 0.494444 0.580729 0.475926 0.580729 0.475000 0.581250 0.474074 0.581250 0.473148 0.580729 0.472222 0.580729 0.471296 0.580208 0.470370 0.579688 0.470370
0 0.627604 0.522685 0.082292 0.084259 0.590625 0.480556 0.589583 0.482407 0.589583 0.483333 0.586458 0.488889 0.586458 0.493519 0.587500 0.495370 0.587500 0.496296 0.606771 0.530556 0.606771 0.531481 0.624479 0.562963 0.625000 0.562963 0.625521 0.563889 0.626042 0.563889 0.626563 0.564815 0.627083 0.563889 0.628125 0.563889 0.630729 0.559259 0.631250 0.559259 0.641667 0.540741 0.642188 0.540741 0.653646 0.520370 0.654167 0.520370 0.668229 0.495370 0.668229 0.494444 0.668750 0.493519 0.668750 0.491667 0.667708 0.489815 0.667708 0.488889 0.665625 0.485185 0.665104 0.485185 0.664583 0.486111 0.664062 0.486111 0.662500 0.488889 0.661979 0.488889 0.659375 0.493519 0.658854 0.493519 0.655208 0.500000 0.654687 0.500000 0.648958 0.510185 0.648438 0.510185 0.639062 0.526852 0.638542 0.526852 0.633854 0.535185 0.633333 0.535185 0.632812 0.536111 0.631250 0.536111 0.629167 0.532407 0.629167 0.523148 0.628125 0.525000 0.626042 0.525000 0.625521 0.524074 0.625000 0.524074 0.619271 0.513889 0.619271 0.514815 0.618750 0.515741 0.618750 0.518519 0.617188 0.521296 0.614583 0.521296 0.611979 0.516667 0.611458 0.516667 0.607292 0.509259 0.607292 0.508333 0.596354 0.488889 0.595833 0.488889 0.591146 0.480556
0 0.715104 0.527315 0.093750 0.093519 0.669271 0.480556 0.668750 0.481481 0.668229 0.481481 0.668229 0.482407 0.668750 0.483333 0.668750 0.484259 0.674479 0.494444 0.674479 0.495370 0.680729 0.506481 0.680729 0.507407 0.717708 0.573148 0.718229 0.573148 0.718750 0.574074 0.720313 0.574074 0.721354 0.572222 0.721875 0.572222 0.725000 0.566667 0.725521 0.566667 0.732812 0.553704 0.733333 0.553704 0.741146 0.539815 0.741667 0.539815 0.749479 0.525926 0.750000 0.525926 0.757812 0.512037 0.758333 0.512037 0.760938 0.507407 0.760938 0.506481 0.761979 0.504630 0.761979 0.500926 0.760417 0.498148 0.759896 0.498148 0.759375 0.497222 0.758333 0.497222 0.757812 0.496296 0.757292 0.496296 0.756771 0.495370 0.755729 0.495370 0.755208 0.494444 0.754687 0.494444 0.751563 0.500000 0.751042 0.500000 0.743229 0.513889 0.742708 0.513889 0.734375 0.528704 0.733854 0.528704 0.727604 0.539815 0.727083 0.539815 0.725521 0.542593 0.725000 0.542593 0.724479 0.543519 0.723437 0.543519 0.722396 0.541667 0.721875 0.541667 0.720313 0.538889 0.719792 0.538889 0.717708 0.535185 0.717187 0.535185 0.715104 0.531481 0.714583 0.531481 0.713021 0.528704 0.712500 0.528704 0.710417 0.525000 0.711979 0.527778 0.711979 0.528704 0.713021 0.530556 0.713021 0.531481 0.713542 0.532407 0.713021 0.533333 0.713021 0.535185 0.711979 0.537037 0.711458 0.537037 0.710938 0.537963 0.709896 0.537963 0.709375 0.537037 0.708854 0.537037 0.707812 0.535185 0.707292 0.535185 0.703125 0.527778 0.702604 0.527778 0.700000 0.523148 0.698958 0.523148 0.698438 0.522222 0.697917 0.522222 0.697396 0.521296 0.696875 0.521296 0.695833 0.519444 0.695312 0.519444 0.682292 0.496296 0.681771 0.496296 0.674479 0.483333 0.673958 0.483333 0.672396 0.480556
0 0.326823 0.484259 0.076563 0.072222 0.326042 0.448148 0.325521 0.449074 0.323958 0.449074 0.323437 0.450000 0.322917 0.450000 0.304167 0.483333 0.304167 0.484259 0.289583 0.510185 0.289583 0.511111 0.288542 0.512963 0.288542 0.515741 0.290104 0.518519 0.291667 0.518519 0.310937 0.484259 0.311979 0.484259 0.312500 0.483333 0.315625 0.483333 0.316146 0.482407 0.319792 0.482407 0.320833 0.480556 0.320833 0.479630 0.321875 0.477778 0.322396 0.477778 0.322917 0.476852 0.327083 0.476852 0.327604 0.475926 0.331250 0.475926 0.331771 0.475000 0.332292 0.475000 0.336458 0.482407 0.336979 0.482407 0.343750 0.494444 0.343750 0.495370 0.357812 0.520370 0.360938 0.520370 0.361458 0.519444 0.363021 0.519444 0.363021 0.517593 0.363542 0.516667 0.363542 0.515741 0.365104 0.512963 0.364583 0.513889 0.361458 0.513889 0.359896 0.511111 0.359375 0.511111 0.357292 0.507407 0.357292 0.506481 0.347917 0.489815 0.347917 0.488889 0.338542 0.472222 0.338542 0.471296 0.329688 0.455556 0.329688 0.454630
0 0.407813 0.488426 0.088542 0.075000 0.404167 0.450926 0.403646 0.451852 0.400521 0.451852 0.400000 0.452778 0.399479 0.452778 0.364063 0.515741 0.364063 0.516667 0.363542 0.517593 0.363542 0.520370 0.364063 0.521296 0.364063 0.522222 0.364583 0.523148 0.365104 0.523148 0.365625 0.524074 0.366146 0.523148 0.367188 0.523148 0.370833 0.516667 0.371354 0.516667 0.389062 0.485185 0.389583 0.485185 0.392708 0.479630 0.393229 0.479630 0.393750 0.478704 0.396354 0.478704 0.396875 0.477778 0.399479 0.477778 0.400000 0.476852 0.403125 0.476852 0.403646 0.475926 0.406771 0.475926 0.407292 0.476852 0.407813 0.476852 0.411458 0.483333 0.411979 0.483333 0.423958 0.504630 0.423958 0.505556 0.434896 0.525000 0.435417 0.525000 0.435937 0.525926 0.437500 0.525926 0.438021 0.525000 0.439063 0.525000 0.439583 0.524074 0.440625 0.524074 0.441146 0.523148 0.442188 0.523148 0.442708 0.522222 0.443750 0.522222 0.444271 0.521296 0.445312 0.521296 0.444792 0.520370 0.444271 0.520370 0.442708 0.517593 0.442708 0.513889 0.443229 0.512963 0.442188 0.512963 0.441667 0.513889 0.440625 0.513889 0.439583 0.512037 0.439063 0.512037 0.431771 0.499074 0.431771 0.498148 0.420833 0.478704 0.420833 0.477778 0.409375 0.457407 0.409375 0.456481 0.406250 0.450926
0 0.484635 0.482870 0.082812 0.078704 0.493750 0.443519 0.493229 0.444444 0.489583 0.444444 0.489063 0.445370 0.485417 0.445370 0.484896 0.446296 0.481771 0.446296 0.480729 0.448148 0.480208 0.448148 0.460938 0.482407 0.460417 0.482407 0.444271 0.511111 0.444271 0.512037 0.443229 0.513889 0.443229 0.517593 0.444271 0.519444 0.444792 0.519444 0.445312 0.520370 0.446354 0.520370 0.446875 0.519444 0.447917 0.519444 0.448437 0.518519 0.449479 0.518519 0.450000 0.517593 0.451042 0.517593 0.451562 0.516667 0.452604 0.516667 0.458333 0.506481 0.458854 0.506481 0.474479 0.478704 0.475000 0.478704 0.475521 0.477778 0.476042 0.477778 0.476562 0.476852 0.478125 0.476852 0.478646 0.475926 0.480729 0.475926 0.481250 0.475000 0.482812 0.475000 0.483333 0.474074 0.484896 0.474074 0.485417 0.473148 0.486979 0.473148 0.487500 0.472222 0.489063 0.472222 0.489583 0.473148 0.490104 0.473148 0.494792 0.481481 0.495312 0.481481 0.506771 0.501852 0.506771 0.502778 0.516667 0.520370 0.517188 0.520370 0.518229 0.522222 0.520312 0.522222 0.521354 0.520370 0.521875 0.520370 0.522396 0.519444 0.522917 0.519444 0.523438 0.518519 0.523958 0.518519 0.525000 0.516667 0.525521 0.516667 0.526042 0.515741 0.518229 0.501852 0.518229 0.500926 0.497396 0.463889 0.497396 0.462963 0.491667 0.452778 0.491667 0.451852 0.491146 0.450926 0.491146 0.450000 0.490625 0.449074 0.491146 0.448148 0.491146 0.447222 0.492708 0.444444 0.494271 0.444444 0.494792 0.443519 0.495833 0.443519
0 0.579167 0.479630 0.079167 0.081481 0.588021 0.438889 0.587500 0.439815 0.586458 0.439815 0.585938 0.440741 0.585417 0.440741 0.584896 0.441667 0.583854 0.441667 0.583333 0.442593 0.582812 0.442593 0.582292 0.443519 0.581771 0.443519 0.581250 0.444444 0.580208 0.444444 0.579688 0.445370 0.579167 0.445370 0.578646 0.446296 0.578125 0.446296 0.577604 0.447222 0.577083 0.447222 0.568750 0.462037 0.568229 0.462037 0.539583 0.512963 0.539583 0.516667 0.541146 0.519444 0.542708 0.519444 0.543750 0.517593 0.544271 0.517593 0.545833 0.514815 0.546354 0.514815 0.547917 0.512037 0.548438 0.512037 0.549479 0.510185 0.550000 0.510185 0.551562 0.507407 0.552083 0.507407 0.553646 0.504630 0.554167 0.504630 0.564583 0.486111 0.565104 0.486111 0.566667 0.483333 0.567187 0.483333 0.568229 0.481481 0.568750 0.481481 0.570312 0.478704 0.570833 0.478704 0.577083 0.467593 0.577604 0.467593 0.578646 0.465741 0.580729 0.465741 0.581250 0.466667 0.581771 0.466667 0.582292 0.467593 0.582812 0.467593 0.583333 0.468519 0.583854 0.468519 0.585417 0.471296 0.585938 0.471296 0.588021 0.475000 0.588542 0.475000 0.595833 0.487963 0.596354 0.487963 0.607812 0.508333 0.607812 0.509259 0.611458 0.515741 0.611979 0.515741 0.614583 0.520370 0.617188 0.520370 0.618229 0.518519 0.618229 0.515741 0.618750 0.514815 0.618750 0.512963 0.601562 0.482407 0.601562 0.481481 0.586979 0.455556 0.586979 0.454630 0.586458 0.453704 0.586458 0.452778 0.585938 0.451852 0.585938 0.450926 0.586458 0.450000 0.586458 0.449074 0.587500 0.447222 0.588021 0.447222 0.588542 0.446296 0.589063 0.446296 0.590104 0.444444 0.590625 0.444444 0.590625 0.443519
0 0.671354 0.495833 0.083333 0.082407 0.668750 0.454630 0.668750 0.455556 0.654687 0.480556 0.654167 0.480556 0.641667 0.502778 0.641146 0.502778 0.630729 0.521296 0.630208 0.521296 0.629687 0.522222 0.629687 0.532407 0.631250 0.535185 0.632812 0.535185 0.633333 0.534259 0.633854 0.534259 0.638542 0.525926 0.639062 0.525926 0.648438 0.509259 0.648958 0.509259 0.654687 0.499074 0.655208 0.499074 0.658854 0.492593 0.659375 0.492593 0.661979 0.487963 0.662500 0.487963 0.664062 0.485185 0.664583 0.485185 0.666146 0.482407 0.666667 0.482407 0.667188 0.481481 0.667708 0.481481 0.668229 0.480556 0.668750 0.480556 0.669271 0.479630 0.673438 0.479630 0.673958 0.480556 0.674479 0.480556 0.675000 0.481481 0.675521 0.481481 0.676042 0.482407 0.676562 0.482407 0.692708 0.511111 0.693229 0.511111 0.697917 0.519444 0.698438 0.519444 0.702604 0.526852 0.703125 0.526852 0.707292 0.534259 0.707812 0.534259 0.708854 0.536111 0.709375 0.536111 0.709896 0.537037 0.710938 0.537037 0.711458 0.536111 0.711979 0.536111 0.712500 0.535185 0.712500 0.533333 0.713021 0.532407 0.712500 0.531481 0.712500 0.530556 0.711458 0.528704 0.711458 0.527778 0.682292 0.475926 0.682292 0.475000 0.676042 0.463889 0.675521 0.463889 0.672917 0.459259 0.672396 0.459259 0.671354 0.457407 0.670833 0.457407 0.670312 0.456481 0.669792 0.456481
0 0.365625 0.476852 0.080208 0.072222 0.327083 0.440741 0.326562 0.441667 0.326042 0.441667 0.326042 0.442593 0.325521 0.443519 0.325521 0.444444 0.326042 0.445370 0.326042 0.446296 0.326562 0.447222 0.326562 0.448148 0.330208 0.454630 0.330208 0.455556 0.339062 0.471296 0.339062 0.472222 0.348438 0.488889 0.348438 0.489815 0.357812 0.506481 0.357812 0.507407 0.359375 0.510185 0.359896 0.510185 0.361458 0.512963 0.364583 0.512963 0.365104 0.512037 0.365625 0.512037 0.399479 0.451852 0.400000 0.451852 0.400521 0.450926 0.403646 0.450926 0.404167 0.450000 0.405729 0.450000 0.404167 0.447222 0.404167 0.446296 0.403646 0.445370 0.403646 0.444444 0.403125 0.443519 0.403125 0.442593 0.403646 0.441667 0.403646 0.440741 0.402604 0.440741 0.402083 0.441667 0.396875 0.441667 0.383333 0.465741 0.382812 0.465741 0.373958 0.481481 0.373437 0.481481 0.370833 0.486111 0.369271 0.486111 0.368750 0.487037 0.364583 0.487037 0.363021 0.484259 0.360417 0.484259 0.359896 0.485185 0.357292 0.485185 0.356250 0.483333 0.355729 0.483333 0.348958 0.471296 0.348958 0.470370 0.332813 0.441667 0.332292 0.441667 0.331771 0.440741
0 0.449479 0.475463 0.091667 0.075000 0.488542 0.437963 0.488021 0.438889 0.483333 0.438889 0.482812 0.439815 0.478125 0.439815 0.477604 0.440741 0.476562 0.440741 0.475521 0.442593 0.475000 0.442593 0.458333 0.472222 0.457813 0.472222 0.452604 0.481481 0.452083 0.481481 0.450521 0.484259 0.448437 0.484259 0.447917 0.485185 0.446354 0.485185 0.445833 0.486111 0.443750 0.486111 0.443229 0.487037 0.441146 0.487037 0.440625 0.487963 0.438542 0.487963 0.438021 0.488889 0.435937 0.488889 0.435417 0.487963 0.434896 0.487963 0.408854 0.441667 0.408333 0.441667 0.406771 0.438889 0.406250 0.438889 0.405729 0.439815 0.404687 0.439815 0.404167 0.440741 0.404167 0.441667 0.403646 0.442593 0.403646 0.443519 0.404167 0.444444 0.404167 0.445370 0.404687 0.446296 0.404687 0.447222 0.409896 0.456481 0.409896 0.457407 0.421354 0.477778 0.421354 0.478704 0.432292 0.498148 0.432292 0.499074 0.439063 0.511111 0.439583 0.511111 0.440625 0.512963 0.441667 0.512963 0.442188 0.512037 0.443750 0.512037 0.443750 0.511111 0.460417 0.481481 0.460938 0.481481 0.480208 0.447222 0.480729 0.447222 0.481771 0.445370 0.484896 0.445370 0.485417 0.444444 0.489063 0.444444 0.489583 0.443519 0.493229 0.443519 0.493750 0.442593 0.495312 0.442593 0.492708 0.437963
0 0.536458 0.479630 0.090625 0.081481 0.578125 0.438889 0.577604 0.439815 0.576562 0.439815 0.576042 0.440741 0.575000 0.440741 0.574479 0.441667 0.573438 0.441667 0.572917 0.442593 0.571875 0.442593 0.571354 0.443519 0.570312 0.443519 0.569792 0.444444 0.568750 0.444444 0.568229 0.445370 0.567187 0.445370 0.566146 0.447222 0.565625 0.447222 0.551562 0.472222 0.551042 0.472222 0.546354 0.480556 0.545833 0.479630 0.545312 0.480556 0.544792 0.480556 0.544271 0.481481 0.543750 0.481481 0.543229 0.482407 0.542708 0.482407 0.542188 0.483333 0.541667 0.483333 0.541146 0.484259 0.539062 0.484259 0.537500 0.481481 0.537500 0.480556 0.536979 0.479630 0.536979 0.477778 0.536458 0.478704 0.535937 0.478704 0.535417 0.479630 0.534375 0.479630 0.533854 0.480556 0.533333 0.480556 0.532813 0.481481 0.532292 0.481481 0.531771 0.482407 0.530729 0.482407 0.530208 0.483333 0.529687 0.483333 0.529167 0.482407 0.528646 0.482407 0.527083 0.479630 0.526563 0.479630 0.526042 0.480556 0.525000 0.480556 0.524479 0.481481 0.523438 0.481481 0.522917 0.482407 0.522396 0.482407 0.521875 0.483333 0.518750 0.483333 0.517188 0.480556 0.516667 0.480556 0.509896 0.468519 0.509896 0.467593 0.497917 0.446296 0.497396 0.446296 0.496354 0.444444 0.494792 0.444444 0.494271 0.445370 0.492708 0.445370 0.491667 0.447222 0.491667 0.448148 0.491146 0.449074 0.491667 0.450000 0.491667 0.450926 0.492188 0.451852 0.492188 0.452778 0.497917 0.462963 0.497917 0.463889 0.518750 0.500926 0.518750 0.501852 0.527604 0.517593 0.528125 0.517593 0.529167 0.519444 0.529687 0.519444 0.530208 0.520370 0.530729 0.519444 0.531250 0.519444 0.531771 0.518519 0.532292 0.518519 0.532813 0.517593 0.533333 0.517593 0.534375 0.515741 0.534896 0.515741 0.535937 0.513889 0.536458 0.513889 0.537500 0.512037 0.538021 0.512037 0.539062 0.510185 0.539583 0.510185 0.540625 0.508333 0.541146 0.508333 0.541667 0.507407 0.542188 0.507407 0.568229 0.461111 0.568750 0.461111 0.577083 0.446296 0.577604 0.446296 0.578125 0.445370 0.578646 0.445370 0.579167 0.444444 0.579688 0.444444 0.580208 0.443519 0.581250 0.443519 0.581771 0.442593 0.581771 0.441667 0.581250 0.440741 0.581250 0.439815 0.580729 0.438889
0 0.627604 0.484259 0.082292 0.079630 0.591146 0.444444 0.590625 0.445370 0.590104 0.445370 0.589063 0.447222 0.588542 0.447222 0.588021 0.448148 0.587500 0.448148 0.586979 0.449074 0.586979 0.450000 0.586458 0.450926 0.586458 0.451852 0.586979 0.452778 0.586979 0.453704 0.587500 0.454630 0.587500 0.455556 0.602083 0.481481 0.602083 0.482407 0.625000 0.523148 0.625521 0.523148 0.626042 0.524074 0.628125 0.524074 0.630208 0.520370 0.630729 0.520370 0.641146 0.501852 0.641667 0.501852 0.654167 0.479630 0.654687 0.479630 0.668229 0.455556 0.668229 0.454630 0.668750 0.453704 0.668750 0.450926 0.667188 0.448148 0.666667 0.448148 0.666146 0.447222 0.665625 0.447222 0.664583 0.445370 0.663542 0.447222 0.663021 0.447222 0.660937 0.450926 0.660417 0.450926 0.657292 0.456481 0.656771 0.456481 0.652083 0.464815 0.651563 0.464815 0.642708 0.480556 0.642188 0.480556 0.634375 0.494444 0.633854 0.494444 0.633333 0.495370 0.632812 0.495370 0.632292 0.496296 0.631771 0.495370 0.631250 0.495370 0.629687 0.492593 0.629687 0.490741 0.629167 0.489815 0.629167 0.483333 0.628125 0.485185 0.626042 0.485185 0.625000 0.483333 0.624479 0.483333 0.623958 0.482407 0.623437 0.482407 0.622396 0.480556 0.621875 0.480556 0.619792 0.476852 0.619271 0.476852 0.619271 0.479630 0.618750 0.480556 0.618750 0.482407 0.617708 0.484259 0.617188 0.484259 0.616667 0.485185 0.615104 0.485185 0.614062 0.483333 0.613542 0.483333 0.592708 0.446296 0.592187 0.446296
0 0.719271 0.498611 0.093750 0.087963 0.673438 0.454630 0.672396 0.456481 0.672396 0.458333 0.672917 0.458333 0.675521 0.462963 0.676042 0.462963 0.682813 0.475000 0.682813 0.475926 0.709896 0.524074 0.710417 0.524074 0.712500 0.527778 0.713021 0.527778 0.714583 0.530556 0.715104 0.530556 0.717187 0.534259 0.717708 0.534259 0.719792 0.537963 0.720313 0.537963 0.721875 0.540741 0.722396 0.540741 0.723437 0.542593 0.724479 0.542593 0.725000 0.541667 0.725521 0.541667 0.727083 0.538889 0.727604 0.538889 0.733854 0.527778 0.734375 0.527778 0.742708 0.512963 0.743229 0.512963 0.751042 0.499074 0.751563 0.499074 0.759896 0.484259 0.760417 0.484259 0.765625 0.475000 0.765625 0.474074 0.766146 0.473148 0.766146 0.470370 0.765625 0.469444 0.765625 0.468519 0.765104 0.467593 0.764583 0.467593 0.764062 0.466667 0.762500 0.466667 0.761979 0.465741 0.761458 0.465741 0.759375 0.469444 0.758854 0.469444 0.750521 0.484259 0.750000 0.484259 0.741146 0.500000 0.740625 0.500000 0.734375 0.511111 0.733854 0.511111 0.732292 0.513889 0.731771 0.513889 0.731250 0.514815 0.729688 0.514815 0.729167 0.513889 0.728646 0.513889 0.728125 0.512963 0.727604 0.512963 0.726562 0.511111 0.726042 0.511111 0.725521 0.510185 0.725000 0.510185 0.724479 0.509259 0.723958 0.509259 0.722917 0.507407 0.722396 0.507407 0.721875 0.506481 0.721354 0.506481 0.720313 0.504630 0.719792 0.504630 0.719271 0.503704 0.718750 0.503704 0.718229 0.502778 0.717708 0.502778 0.716667 0.500926 0.716146 0.500926 0.715625 0.500000 0.715104 0.500000 0.714063 0.498148 0.713542 0.498148 0.713021 0.497222 0.712500 0.497222 0.711979 0.496296 0.708333 0.496296 0.707292 0.498148 0.705729 0.498148 0.689063 0.468519 0.688542 0.468519 0.687500 0.466667 0.686979 0.466667 0.686458 0.465741 0.685937 0.465741 0.685417 0.464815 0.684896 0.464815 0.684375 0.463889 0.683854 0.463889 0.682813 0.462037 0.682292 0.462037 0.681771 0.461111 0.681250 0.461111 0.680729 0.460185 0.680208 0.460185 0.679688 0.459259 0.679167 0.459259 0.678646 0.458333 0.678125 0.458333 0.677083 0.456481 0.676562 0.456481 0.676042 0.455556 0.675521 0.455556 0.675000 0.454630
0 0.326042 0.449074 0.077083 0.070370 0.321354 0.413889 0.312500 0.429630 0.312500 0.430556 0.295833 0.460185 0.295833 0.461111 0.288021 0.475000 0.288021 0.475926 0.287500 0.476852 0.287500 0.480556 0.288021 0.481481 0.303125 0.454630 0.303646 0.454630 0.304167 0.453704 0.310417 0.453704 0.310937 0.452778 0.317708 0.452778 0.318229 0.451852 0.321354 0.451852 0.322917 0.449074 0.323437 0.449074 0.323958 0.448148 0.325521 0.448148 0.326042 0.447222 0.325521 0.446296 0.325521 0.445370 0.325000 0.444444 0.325000 0.443519 0.325521 0.442593 0.325521 0.441667 0.326042 0.440741 0.326562 0.440741 0.327083 0.439815 0.331771 0.439815 0.332292 0.440741 0.332813 0.440741 0.349479 0.470370 0.349479 0.471296 0.355729 0.482407 0.356250 0.482407 0.357292 0.484259 0.359896 0.484259 0.360417 0.483333 0.363021 0.483333 0.362500 0.482407 0.362500 0.481481 0.363021 0.480556 0.363021 0.479630 0.364583 0.476852 0.362500 0.476852 0.361979 0.477778 0.358333 0.477778 0.357812 0.478704 0.357292 0.478704 0.356771 0.477778 0.356250 0.477778 0.345833 0.459259 0.345833 0.458333 0.335417 0.439815 0.335417 0.438889 0.324479 0.419444 0.324479 0.418519 0.321875 0.413889
0 0.407813 0.450926 0.089583 0.074074 0.400521 0.413889 0.400000 0.414815 0.399479 0.414815 0.365625 0.475000 0.365625 0.475926 0.363542 0.479630 0.363542 0.480556 0.363021 0.481481 0.363021 0.482407 0.363542 0.483333 0.363542 0.484259 0.364583 0.486111 0.368750 0.486111 0.369271 0.485185 0.370833 0.485185 0.373437 0.480556 0.373958 0.480556 0.382812 0.464815 0.383333 0.464815 0.396875 0.440741 0.402083 0.440741 0.402604 0.439815 0.404167 0.439815 0.404687 0.438889 0.405729 0.438889 0.406250 0.437963 0.406771 0.437963 0.408333 0.440741 0.408854 0.440741 0.434896 0.487037 0.435417 0.487037 0.435937 0.487963 0.438021 0.487963 0.438542 0.487037 0.440625 0.487037 0.441146 0.486111 0.443229 0.486111 0.443750 0.485185 0.445833 0.485185 0.446354 0.484259 0.447917 0.484259 0.448437 0.483333 0.450521 0.483333 0.452083 0.480556 0.452604 0.480556 0.452083 0.480556 0.451562 0.481481 0.449479 0.481481 0.448958 0.482407 0.445833 0.482407 0.444271 0.479630 0.444271 0.478704 0.443750 0.477778 0.443750 0.476852 0.444271 0.475926 0.444271 0.475000 0.443229 0.475000 0.442708 0.475926 0.441667 0.475926 0.441146 0.475000 0.440625 0.475000 0.429688 0.455556 0.429688 0.454630 0.414583 0.427778 0.414583 0.426852 0.407292 0.413889
0 0.485417 0.444907 0.082292 0.075000 0.483333 0.407407 0.482812 0.408333 0.482292 0.408333 0.481250 0.410185 0.480729 0.410185 0.445833 0.472222 0.445833 0.473148 0.444792 0.475000 0.444792 0.475926 0.444271 0.476852 0.444271 0.477778 0.444792 0.478704 0.444792 0.479630 0.445833 0.481481 0.448958 0.481481 0.449479 0.480556 0.451562 0.480556 0.452083 0.479630 0.453125 0.479630 0.457813 0.471296 0.458333 0.471296 0.475000 0.441667 0.475521 0.441667 0.476562 0.439815 0.477604 0.439815 0.478125 0.438889 0.482812 0.438889 0.483333 0.437963 0.488021 0.437963 0.488542 0.437037 0.492708 0.437037 0.497396 0.445370 0.497917 0.445370 0.510417 0.467593 0.510417 0.468519 0.516667 0.479630 0.517188 0.479630 0.518750 0.482407 0.521875 0.482407 0.522396 0.481481 0.522917 0.481481 0.523438 0.480556 0.524479 0.480556 0.525000 0.479630 0.526042 0.479630 0.526563 0.478704 0.501563 0.434259 0.501563 0.433333 0.491146 0.414815 0.491146 0.413889 0.490625 0.412963 0.490625 0.412037 0.490104 0.411111 0.490625 0.410185 0.490625 0.408333 0.484896 0.408333 0.484375 0.407407
0 0.578385 0.445833 0.081771 0.076852 0.578125 0.407407 0.577604 0.408333 0.577083 0.408333 0.576562 0.409259 0.576042 0.409259 0.564583 0.429630 0.564063 0.429630 0.538021 0.475926 0.538021 0.476852 0.537500 0.477778 0.537500 0.479630 0.538021 0.480556 0.538021 0.481481 0.539062 0.483333 0.541146 0.483333 0.541667 0.482407 0.542188 0.482407 0.542708 0.481481 0.543229 0.481481 0.543750 0.480556 0.544271 0.480556 0.544792 0.479630 0.545312 0.479630 0.545833 0.478704 0.546354 0.478704 0.546875 0.477778 0.547396 0.477778 0.551042 0.471296 0.551562 0.471296 0.565625 0.446296 0.566146 0.446296 0.567187 0.444444 0.568229 0.444444 0.568750 0.443519 0.569792 0.443519 0.570312 0.442593 0.571354 0.442593 0.571875 0.441667 0.572917 0.441667 0.573438 0.440741 0.574479 0.440741 0.575000 0.439815 0.575521 0.439815 0.579167 0.433333 0.579688 0.433333 0.581771 0.429630 0.582292 0.430556 0.582812 0.430556 0.584375 0.433333 0.584896 0.433333 0.586979 0.437037 0.587500 0.437037 0.592187 0.445370 0.592708 0.445370 0.613542 0.482407 0.614062 0.482407 0.615104 0.484259 0.616667 0.484259 0.617188 0.483333 0.617708 0.483333 0.618229 0.482407 0.618229 0.480556 0.618750 0.479630 0.618750 0.475926 0.619271 0.475000 0.619271 0.473148 0.589063 0.419444 0.589063 0.418519 0.586979 0.414815 0.586979 0.412963 0.586458 0.412037 0.586979 0.411111 0.586979 0.410185 0.588021 0.408333 0.582292 0.408333 0.581771 0.407407
0 0.670833 0.456481 0.082292 0.077778 0.667708 0.417593 0.653125 0.443519 0.652604 0.443519 0.638021 0.469444 0.637500 0.469444 0.629687 0.483333 0.629687 0.489815 0.630208 0.490741 0.630208 0.492593 0.631250 0.494444 0.631771 0.494444 0.632292 0.495370 0.632812 0.494444 0.633333 0.494444 0.633854 0.493519 0.634375 0.493519 0.642188 0.479630 0.642708 0.479630 0.651563 0.463889 0.652083 0.463889 0.656771 0.455556 0.657292 0.455556 0.660417 0.450000 0.660937 0.450000 0.663021 0.446296 0.663542 0.446296 0.665104 0.443519 0.665625 0.443519 0.666667 0.441667 0.667188 0.441667 0.667708 0.440741 0.668229 0.440741 0.668750 0.439815 0.669792 0.439815 0.674479 0.448148 0.675000 0.448148 0.682292 0.461111 0.682813 0.461111 0.683854 0.462963 0.684375 0.462963 0.684896 0.463889 0.685417 0.463889 0.685937 0.464815 0.686458 0.464815 0.686979 0.465741 0.687500 0.465741 0.688542 0.467593 0.689063 0.467593 0.698958 0.485185 0.699479 0.485185 0.700521 0.487037 0.701042 0.487037 0.701562 0.487963 0.702083 0.487963 0.703125 0.489815 0.703646 0.489815 0.704167 0.490741 0.704688 0.490741 0.705729 0.492593 0.706250 0.492593 0.706771 0.493519 0.707292 0.493519 0.708333 0.495370 0.710938 0.495370 0.711979 0.493519 0.711979 0.489815 0.711458 0.488889 0.711458 0.487963 0.672917 0.419444 0.672396 0.419444 0.671875 0.418519 0.668229 0.418519
0 0.363542 0.440741 0.086458 0.074074 0.321354 0.403704 0.320312 0.405556 0.320312 0.409259 0.320833 0.410185 0.320833 0.411111 0.325000 0.418519 0.325000 0.419444 0.335938 0.438889 0.335938 0.439815 0.346354 0.458333 0.346354 0.459259 0.356250 0.476852 0.356771 0.476852 0.357292 0.477778 0.357812 0.477778 0.358333 0.476852 0.361979 0.476852 0.362500 0.475926 0.365104 0.475926 0.365104 0.475000 0.399479 0.413889 0.400000 0.413889 0.400521 0.412963 0.406771 0.412963 0.405208 0.410185 0.405208 0.409259 0.404167 0.407407 0.404167 0.404630 0.396875 0.404630 0.396354 0.403704 0.393229 0.403704 0.392708 0.404630 0.392188 0.404630 0.372396 0.439815 0.371875 0.439815 0.367708 0.447222 0.361458 0.447222 0.360938 0.448148 0.359375 0.448148 0.358854 0.447222 0.358333 0.447222 0.357292 0.445370 0.356771 0.445370 0.350521 0.434259 0.350521 0.433333 0.335417 0.406481 0.334896 0.406481 0.333333 0.403704
0 0.451042 0.438426 0.092708 0.073148 0.405729 0.401852 0.404687 0.403704 0.404687 0.407407 0.405729 0.409259 0.405729 0.410185 0.415104 0.426852 0.415104 0.427778 0.430208 0.454630 0.430208 0.455556 0.440625 0.474074 0.441146 0.474074 0.441667 0.475000 0.442708 0.475000 0.443229 0.474074 0.444792 0.474074 0.445312 0.473148 0.445312 0.472222 0.480729 0.409259 0.481250 0.409259 0.482292 0.407407 0.482812 0.407407 0.483333 0.406481 0.484375 0.406481 0.484896 0.407407 0.491146 0.407407 0.491667 0.406481 0.497396 0.406481 0.495312 0.402778 0.484896 0.402778 0.484375 0.401852 0.477604 0.401852 0.477083 0.402778 0.476562 0.402778 0.456771 0.437963 0.456250 0.437963 0.451562 0.446296 0.451042 0.446296 0.450000 0.448148 0.449479 0.448148 0.448958 0.449074 0.444271 0.449074 0.443750 0.450000 0.438542 0.450000 0.438021 0.449074 0.437500 0.449074 0.413021 0.405556 0.412500 0.405556 0.410417 0.401852
0 0.534115 0.444444 0.086979 0.075926 0.567708 0.406481 0.567187 0.407407 0.566667 0.407407 0.565104 0.410185 0.564583 0.410185 0.547917 0.439815 0.547396 0.439815 0.543750 0.446296 0.543229 0.446296 0.542708 0.445370 0.539583 0.445370 0.538021 0.442593 0.538021 0.441667 0.537500 0.442593 0.535417 0.442593 0.534896 0.443519 0.532292 0.443519 0.531771 0.444444 0.529687 0.444444 0.529167 0.445370 0.528646 0.445370 0.528125 0.444444 0.527604 0.444444 0.527083 0.443519 0.525521 0.443519 0.525000 0.444444 0.522396 0.444444 0.521875 0.445370 0.519792 0.445370 0.518750 0.443519 0.518229 0.443519 0.497917 0.407407 0.491667 0.407407 0.491146 0.408333 0.491146 0.410185 0.490625 0.411111 0.491146 0.412037 0.491146 0.412963 0.491667 0.413889 0.491667 0.414815 0.502083 0.433333 0.502083 0.434259 0.528646 0.481481 0.529167 0.481481 0.529687 0.482407 0.530208 0.482407 0.530729 0.481481 0.531771 0.481481 0.532292 0.480556 0.532813 0.480556 0.533333 0.479630 0.533854 0.479630 0.534375 0.478704 0.535417 0.478704 0.535937 0.477778 0.536458 0.477778 0.536979 0.476852 0.537500 0.476852 0.537500 0.475926 0.564063 0.428704 0.564583 0.428704 0.576042 0.408333 0.576562 0.408333 0.577083 0.407407 0.577604 0.407407 0.568750 0.407407 0.568229 0.406481
0 0.627865 0.446296 0.081771 0.075926 0.588542 0.408333 0.587500 0.410185 0.587500 0.411111 0.586979 0.412037 0.587500 0.412963 0.587500 0.414815 0.589583 0.418519 0.589583 0.419444 0.626042 0.484259 0.628125 0.484259 0.629167 0.482407 0.629687 0.482407 0.637500 0.468519 0.638021 0.468519 0.652604 0.442593 0.653125 0.442593 0.668229 0.415741 0.668229 0.414815 0.668750 0.413889 0.668750 0.412037 0.668229 0.411111 0.668229 0.410185 0.667708 0.409259 0.667188 0.409259 0.666667 0.408333 0.663021 0.408333 0.661979 0.410185 0.661458 0.410185 0.658854 0.414815 0.658333 0.414815 0.654167 0.422222 0.653646 0.422222 0.645312 0.437037 0.644792 0.437037 0.634896 0.454630 0.634375 0.454630 0.633333 0.456481 0.631771 0.456481 0.629687 0.452778 0.629687 0.451852 0.629167 0.451852 0.628646 0.452778 0.625521 0.452778 0.625000 0.451852 0.624479 0.451852 0.623437 0.450000 0.622917 0.450000 0.621875 0.448148 0.621354 0.448148 0.618750 0.443519 0.617708 0.445370 0.617188 0.445370 0.616667 0.446296 0.616146 0.446296 0.615625 0.445370 0.615104 0.445370 0.614583 0.444444 0.614062 0.444444 0.594271 0.409259 0.593750 0.409259 0.593229 0.408333
0 0.727083 0.472685 0.092708 0.082407 0.740625 0.431481 0.739062 0.434259 0.738542 0.434259 0.730729 0.448148 0.730208 0.448148 0.723958 0.459259 0.723437 0.459259 0.719792 0.465741 0.719271 0.465741 0.716667 0.470370 0.716146 0.470370 0.715104 0.472222 0.714583 0.472222 0.714063 0.473148 0.695833 0.440741 0.695312 0.440741 0.693750 0.437963 0.692708 0.437963 0.692187 0.437037 0.690625 0.437037 0.690104 0.436111 0.688542 0.436111 0.688021 0.435185 0.686458 0.435185 0.685937 0.434259 0.684375 0.434259 0.683854 0.433333 0.682292 0.433333 0.681771 0.432407 0.680729 0.432407 0.711979 0.487963 0.711979 0.488889 0.712500 0.489815 0.712500 0.493519 0.711458 0.495370 0.711979 0.495370 0.712500 0.496296 0.713021 0.496296 0.713542 0.497222 0.714063 0.497222 0.715104 0.499074 0.715625 0.499074 0.716146 0.500000 0.716667 0.500000 0.717708 0.501852 0.718229 0.501852 0.718750 0.502778 0.719271 0.502778 0.719792 0.503704 0.720313 0.503704 0.721354 0.505556 0.721875 0.505556 0.722396 0.506481 0.722917 0.506481 0.723958 0.508333 0.724479 0.508333 0.725000 0.509259 0.725521 0.509259 0.726042 0.510185 0.726562 0.510185 0.727604 0.512037 0.728125 0.512037 0.728646 0.512963 0.729167 0.512963 0.729688 0.513889 0.731250 0.513889 0.731771 0.512963 0.732292 0.512963 0.733854 0.510185 0.734375 0.510185 0.740625 0.499074 0.741146 0.499074 0.750000 0.483333 0.750521 0.483333 0.758854 0.468519 0.759375 0.468519 0.768229 0.452778 0.768750 0.452778 0.771875 0.447222 0.771875 0.446296 0.772917 0.444444 0.772917 0.443519 0.773438 0.442593 0.772917 0.441667 0.772917 0.440741 0.771354 0.437963 0.769792 0.437963 0.769271 0.437037 0.765104 0.437037 0.764583 0.436111 0.760417 0.436111 0.759896 0.435185 0.755729 0.435185 0.755208 0.434259 0.751563 0.434259 0.751042 0.433333 0.746875 0.433333 0.746354 0.432407 0.742188 0.432407 0.741667 0.431481
0 0.328385 0.411111 0.078646 0.072222 0.325000 0.375000 0.324479 0.375926 0.323958 0.375926 0.322917 0.377778 0.322396 0.377778 0.319271 0.383333 0.319271 0.384259 0.306250 0.407407 0.306250 0.408333 0.293229 0.431481 0.293229 0.432407 0.289583 0.438889 0.289583 0.439815 0.289062 0.440741 0.289062 0.443519 0.290625 0.446296 0.291667 0.446296 0.293229 0.443519 0.293229 0.442593 0.302604 0.425926 0.306250 0.425926 0.306771 0.425000 0.314583 0.425000 0.321354 0.412963 0.320312 0.411111 0.320312 0.410185 0.319792 0.409259 0.319792 0.405556 0.321354 0.402778 0.333333 0.402778 0.334896 0.405556 0.335417 0.405556 0.351042 0.433333 0.351042 0.434259 0.356771 0.444444 0.357292 0.444444 0.358333 0.446296 0.358854 0.446296 0.359375 0.447222 0.360938 0.447222 0.361458 0.446296 0.366667 0.446296 0.366667 0.445370 0.366146 0.444444 0.366667 0.443519 0.366667 0.441667 0.367708 0.439815 0.361979 0.439815 0.347917 0.414815 0.347917 0.413889 0.335417 0.391667 0.335417 0.390741 0.327083 0.375926 0.326042 0.375926 0.325521 0.375000
0 0.409375 0.412963 0.085417 0.072222 0.403125 0.376852 0.374479 0.427778 0.374479 0.428704 0.367188 0.441667 0.367188 0.443519 0.366667 0.444444 0.367188 0.445370 0.367188 0.446296 0.367708 0.446296 0.371875 0.438889 0.372396 0.438889 0.392188 0.403704 0.392708 0.403704 0.393229 0.402778 0.396354 0.402778 0.396875 0.403704 0.404167 0.403704 0.405729 0.400926 0.410417 0.400926 0.412500 0.404630 0.413021 0.404630 0.437500 0.448148 0.438021 0.448148 0.438542 0.449074 0.443750 0.449074 0.444271 0.448148 0.448958 0.448148 0.449479 0.447222 0.450000 0.447222 0.451042 0.445370 0.451562 0.445370 0.452083 0.444444 0.446354 0.444444 0.444792 0.441667 0.444792 0.437963 0.440625 0.437963 0.421354 0.403704 0.421354 0.402778 0.406771 0.376852
0 0.485938 0.406944 0.081250 0.075000 0.483333 0.369444 0.482292 0.371296 0.481771 0.371296 0.450000 0.427778 0.450000 0.428704 0.445312 0.437037 0.445312 0.441667 0.446354 0.443519 0.452604 0.443519 0.456250 0.437037 0.456771 0.437037 0.476562 0.401852 0.477083 0.401852 0.477604 0.400926 0.484375 0.400926 0.484896 0.401852 0.495312 0.401852 0.518229 0.442593 0.518750 0.442593 0.519792 0.444444 0.521875 0.444444 0.522396 0.443519 0.525000 0.443519 0.525521 0.442593 0.526563 0.442593 0.501563 0.398148 0.501563 0.397222 0.490104 0.376852 0.490104 0.375926 0.489063 0.374074 0.489063 0.371296 0.488021 0.371296 0.487500 0.370370 0.485417 0.370370 0.484896 0.369444
0 0.579167 0.406944 0.082292 0.076852 0.578125 0.368519 0.577604 0.369444 0.577083 0.369444 0.568750 0.384259 0.568229 0.384259 0.539062 0.436111 0.539062 0.437037 0.538021 0.438889 0.538021 0.440741 0.538542 0.441667 0.538542 0.442593 0.539583 0.444444 0.542188 0.444444 0.542708 0.443519 0.544792 0.443519 0.547396 0.438889 0.547917 0.438889 0.564583 0.409259 0.565104 0.409259 0.566667 0.406481 0.567187 0.406481 0.567708 0.405556 0.568229 0.405556 0.568750 0.406481 0.577083 0.406481 0.578646 0.403704 0.579167 0.403704 0.581771 0.399074 0.582292 0.399074 0.583854 0.396296 0.584375 0.396296 0.585417 0.394444 0.587500 0.398148 0.588021 0.398148 0.593750 0.408333 0.594271 0.408333 0.614062 0.443519 0.614583 0.443519 0.615104 0.444444 0.615625 0.444444 0.616146 0.445370 0.616667 0.445370 0.617188 0.444444 0.617708 0.444444 0.618750 0.442593 0.618750 0.441667 0.619271 0.440741 0.619271 0.439815 0.619792 0.438889 0.619792 0.437037 0.620313 0.436111 0.606771 0.412037 0.606771 0.411111 0.588021 0.377778 0.588021 0.376852 0.586979 0.375000 0.585938 0.375000 0.585417 0.374074 0.584896 0.374074 0.584375 0.373148 0.583854 0.373148 0.583333 0.372222 0.582812 0.372222 0.582292 0.371296 0.581771 0.371296 0.581250 0.370370 0.580729 0.370370 0.580208 0.369444 0.579688 0.369444 0.579167 0.368519
0 0.670573 0.417593 0.081771 0.075926 0.670833 0.379630 0.670312 0.380556 0.669792 0.380556 0.669271 0.381481 0.668229 0.381481 0.667708 0.382407 0.666667 0.382407 0.666146 0.383333 0.665625 0.383333 0.665104 0.384259 0.664583 0.384259 0.648438 0.412963 0.647917 0.412963 0.632292 0.440741 0.631771 0.440741 0.629687 0.444444 0.629687 0.447222 0.630208 0.448148 0.630208 0.452778 0.631771 0.455556 0.633333 0.455556 0.634375 0.453704 0.634896 0.453704 0.644792 0.436111 0.645312 0.436111 0.653646 0.421296 0.654167 0.421296 0.658333 0.413889 0.658854 0.413889 0.661458 0.409259 0.661979 0.409259 0.664062 0.405556 0.664583 0.405556 0.665625 0.403704 0.666146 0.404630 0.666667 0.404630 0.667708 0.406481 0.668229 0.406481 0.671354 0.412037 0.671875 0.412037 0.683333 0.432407 0.683854 0.432407 0.684375 0.433333 0.685937 0.433333 0.686458 0.434259 0.688021 0.434259 0.688542 0.435185 0.690104 0.435185 0.690625 0.436111 0.692187 0.436111 0.692708 0.437037 0.693750 0.437037 0.695312 0.439815 0.695833 0.439815 0.703125 0.452778 0.704167 0.452778 0.704688 0.453704 0.705729 0.453704 0.706250 0.454630 0.707292 0.454630 0.707812 0.455556 0.710417 0.455556 0.711458 0.453704 0.711458 0.450000 0.709896 0.447222 0.709896 0.446296 0.673438 0.381481 0.672917 0.381481 0.672396 0.380556 0.671875 0.380556 0.671354 0.379630