0 0.277083 0.559259 0.088542 0.075926 0.241667 0.521296 0.241146 0.522222 0.240104 0.522222 0.239583 0.523148 0.238021 0.523148 0.237500 0.524074 0.235937 0.524074 0.235417 0.525000 0.234375 0.525000 0.233854 0.525926 0.233333 0.525926 0.232813 0.526852 0.232813 0.532407 0.233333 0.533333 0.233333 0.534259 0.250521 0.564815 0.251042 0.564815 0.268750 0.596296 0.269271 0.596296 0.269792 0.597222 0.275521 0.597222 0.276042 0.596296 0.276562 0.596296 0.277083 0.595370 0.277604 0.595370 0.278125 0.594444 0.278646 0.594444 0.279167 0.593519 0.279687 0.593519 0.280208 0.592593 0.280729 0.592593 0.281771 0.590741 0.282292 0.590741 0.282813 0.589815 0.283333 0.589815 0.283854 0.588889 0.284375 0.588889 0.284896 0.587963 0.285417 0.587963 0.285938 0.587037 0.286458 0.587037 0.287500 0.585185 0.288021 0.585185 0.288542 0.584259 0.289062 0.584259 0.289583 0.583333 0.290104 0.583333 0.290625 0.582407 0.291146 0.582407 0.291667 0.581481 0.292187 0.581481 0.293229 0.579630 0.293750 0.579630 0.294271 0.578704 0.294792 0.578704 0.295312 0.577778 0.295833 0.577778 0.296354 0.576852 0.296875 0.576852 0.297396 0.575926 0.297917 0.575926 0.298958 0.574074 0.299479 0.574074 0.300000 0.573148 0.300521 0.573148 0.301042 0.572222 0.301563 0.572222 0.302083 0.571296 0.302604 0.571296 0.303125 0.570370 0.303646 0.570370 0.304688 0.568519 0.305208 0.568519 0.305729 0.567593 0.306250 0.567593 0.306771 0.566667 0.307292 0.566667 0.307812 0.565741 0.308333 0.565741 0.308854 0.564815 0.309375 0.564815 0.310417 0.562963 0.310937 0.562963 0.311458 0.562037 0.311979 0.562037 0.312500 0.561111 0.313021 0.561111 0.321354 0.546296 0.321354 0.544444 0.320833 0.543519 0.320833 0.542593 0.319792 0.540741 0.319792 0.539815 0.319271 0.538889 0.319271 0.537963 0.318229 0.536111 0.318229 0.535185 0.317188 0.533333 0.317188 0.532407 0.316146 0.530556 0.316146 0.529630 0.315104 0.527778 0.315104 0.526852 0.314583 0.525926 0.314583 0.525000 0.313542 0.523148 0.311458 0.523148 0.310937 0.524074 0.309896 0.524074 0.309375 0.525000 0.308854 0.525000 0.307812 0.526852 0.307292 0.526852 0.295312 0.548148 0.294792 0.548148 0.294271 0.549074 0.293750 0.549074 0.293229 0.550000 0.292187 0.550000 0.291667 0.550926 0.291146 0.550926 0.290625 0.551852 0.289583 0.551852 0.289062 0.552778 0.288542 0.552778 0.288021 0.553704 0.286979 0.553704 0.286458 0.554630 0.285417 0.554630 0.284896 0.555556 0.284375 0.555556 0.283854 0.556481 0.282813 0.556481 0.282292 0.557407 0.281771 0.557407 0.281250 0.558333 0.280208 0.558333 0.279687 0.559259 0.279167 0.559259 0.278646 0.560185 0.277604 0.560185 0.277083 0.561111 0.276042 0.561111 0.275521 0.562037 0.275000 0.562037 0.274479 0.562963 0.273438 0.562963 0.272917 0.563889 0.271354 0.563889 0.269792 0.561111 0.269792 0.559259 0.269271 0.558333 0.268229 0.558333 0.267708 0.559259 0.266667 0.559259 0.266146 0.560185 0.263542 0.560185
0 0.269010 0.521296 0.088021 0.077778 0.311458 0.482407 0.310937 0.483333 0.308854 0.483333 0.308333 0.484259 0.306771 0.484259 0.306250 0.485185 0.304167 0.485185 0.303646 0.486111 0.301563 0.486111 0.301042 0.487037 0.300521 0.487037 0.290625 0.504630 0.290104 0.504630 0.280208 0.522222 0.279167 0.522222 0.278646 0.523148 0.276562 0.523148 0.276042 0.522222 0.275521 0.523148 0.274479 0.523148 0.273958 0.524074 0.272396 0.524074 0.271875 0.525000 0.270833 0.525000 0.270313 0.525926 0.268750 0.525926 0.268229 0.526852 0.267188 0.526852 0.266667 0.527778 0.265104 0.527778 0.264583 0.528704 0.263542 0.528704 0.263021 0.529630 0.261458 0.529630 0.260937 0.530556 0.259375 0.530556 0.258854 0.531481 0.256250 0.531481 0.230208 0.485185 0.227083 0.485185 0.226562 0.486111 0.226042 0.486111 0.225521 0.487037 0.225521 0.487963 0.225000 0.488889 0.225000 0.489815 0.225521 0.490741 0.225521 0.491667 0.226562 0.493519 0.226562 0.494444 0.263021 0.559259 0.263542 0.559259 0.264062 0.560185 0.265625 0.560185 0.266146 0.559259 0.267188 0.559259 0.267708 0.558333 0.268750 0.558333 0.269792 0.556481 0.269792 0.555556 0.289062 0.521296 0.289583 0.521296 0.307292 0.489815 0.307812 0.489815 0.308854 0.487963 0.310417 0.487963 0.310937 0.487037 0.312500 0.487037 0.313021 0.486111 0.312500 0.485185 0.312500 0.482407
0 0.264062 0.491204 0.093750 0.078704 0.310937 0.451852 0.310417 0.452778 0.306771 0.452778 0.306250 0.453704 0.302083 0.453704 0.301563 0.454630 0.297917 0.454630 0.297396 0.455556 0.294792 0.455556 0.294271 0.456481 0.293750 0.456481 0.288542 0.465741 0.288021 0.465741 0.273438 0.491667 0.272917 0.491667 0.270313 0.496296 0.268750 0.496296 0.268229 0.497222 0.266146 0.497222 0.265625 0.498148 0.263542 0.498148 0.263021 0.499074 0.260937 0.499074 0.260417 0.500000 0.258854 0.500000 0.258333 0.500926 0.254688 0.500926 0.254167 0.500000 0.253646 0.500000 0.227604 0.453704 0.224479 0.453704 0.223958 0.454630 0.219271 0.454630 0.218750 0.455556 0.218229 0.455556 0.217188 0.457407 0.217188 0.460185 0.218229 0.462037 0.218229 0.462963 0.256250 0.530556 0.258854 0.530556 0.259375 0.529630 0.260937 0.529630 0.261458 0.528704 0.263021 0.528704 0.263542 0.527778 0.264583 0.527778 0.265104 0.526852 0.266667 0.526852 0.267188 0.525926 0.268229 0.525926 0.268750 0.525000 0.270313 0.525000 0.270833 0.524074 0.271875 0.524074 0.272396 0.523148 0.273958 0.523148 0.274479 0.522222 0.275521 0.522222 0.275521 0.521296 0.274479 0.519444 0.274479 0.515741 0.309375 0.453704 0.309896 0.453704
0 0.259635 0.462500 0.088021 0.075000 0.300521 0.425000 0.300000 0.425926 0.292187 0.425926 0.291667 0.426852 0.291146 0.426852 0.275521 0.454630 0.275000 0.454630 0.267708 0.467593 0.267188 0.467593 0.266667 0.468519 0.266146 0.468519 0.265625 0.469444 0.261979 0.469444 0.261458 0.470370 0.258333 0.470370 0.257812 0.471296 0.254688 0.471296 0.254167 0.472222 0.250521 0.472222 0.250000 0.473148 0.247917 0.473148 0.246875 0.471296 0.246354 0.471296 0.231771 0.445370 0.231250 0.445370 0.220312 0.425926 0.217188 0.425926 0.216146 0.427778 0.216146 0.428704 0.215625 0.429630 0.216146 0.430556 0.216146 0.431481 0.216667 0.432407 0.216667 0.433333 0.253646 0.499074 0.254167 0.499074 0.254688 0.500000 0.258333 0.500000 0.258854 0.499074 0.260417 0.499074 0.260937 0.498148 0.263021 0.498148 0.263542 0.497222 0.265625 0.497222 0.266146 0.496296 0.268229 0.496296 0.268750 0.495370 0.270313 0.495370 0.272917 0.490741 0.273438 0.490741 0.276042 0.486111 0.273438 0.481481 0.273438 0.479630 0.273958 0.478704 0.273958 0.477778 0.277083 0.472222 0.277083 0.471296 0.279687 0.466667 0.280208 0.466667 0.303646 0.425000
0 0.253646 0.434259 0.090625 0.075926 0.285417 0.396296 0.284896 0.397222 0.284375 0.397222 0.276562 0.411111 0.275000 0.408333 0.274479 0.408333 0.270313 0.400926 0.269792 0.400926 0.269271 0.400000 0.253646 0.400000 0.253125 0.399074 0.236458 0.399074 0.235937 0.398148 0.219271 0.398148 0.218750 0.397222 0.209375 0.397222 0.208333 0.399074 0.208333 0.402778 0.209375 0.404630 0.209375 0.405556 0.231250 0.444444 0.231771 0.444444 0.246354 0.470370 0.246875 0.470370 0.247917 0.472222 0.250000 0.472222 0.250521 0.471296 0.254167 0.471296 0.254688 0.470370 0.257812 0.470370 0.258333 0.469444 0.261458 0.469444 0.261979 0.468519 0.265625 0.468519 0.266146 0.467593 0.266667 0.467593 0.267188 0.466667 0.267708 0.466667 0.275000 0.453704 0.275521 0.453704 0.279167 0.447222 0.278125 0.447222 0.277604 0.448148 0.277083 0.447222 0.276562 0.447222 0.275000 0.444444 0.275000 0.442593 0.274479 0.441667 0.275000 0.440741 0.275000 0.439815 0.278125 0.434259 0.278125 0.433333 0.290104 0.412037 0.290625 0.412037 0.298958 0.397222 0.288542 0.397222 0.288021 0.396296
0 0.359635 0.401389 0.085938 0.075000 0.318750 0.363889 0.318229 0.364815 0.317188 0.364815 0.316667 0.365741 0.316667 0.370370 0.318229 0.373148 0.318229 0.374074 0.354167 0.437963 0.354687 0.437963 0.355208 0.438889 0.358854 0.438889 0.359375 0.437963 0.361458 0.437963 0.362500 0.436111 0.362500 0.435185 0.365104 0.430556 0.365625 0.430556 0.396354 0.375926 0.396875 0.375926 0.397917 0.374074 0.400521 0.374074 0.401042 0.375000 0.402604 0.375000 0.400521 0.371296 0.400521 0.370370 0.398438 0.366667 0.397396 0.366667 0.396875 0.365741 0.395313 0.365741 0.394792 0.364815 0.392188 0.364815 0.391146 0.366667 0.390625 0.366667 0.372396 0.399074 0.371875 0.399074 0.371354 0.400000 0.357812 0.375926 0.357292 0.375926 0.356250 0.374074 0.353646 0.374074 0.353125 0.373148 0.350521 0.373148 0.350000 0.372222 0.346875 0.372222 0.346354 0.371296 0.343229 0.371296 0.342708 0.370370 0.340104 0.370370 0.339583 0.369444 0.336458 0.369444 0.335938 0.368519 0.333333 0.368519 0.332813 0.367593 0.329688 0.367593 0.329167 0.366667 0.326042 0.366667 0.325521 0.365741 0.322917 0.365741 0.322396 0.364815 0.319271 0.364815
0 0.440104 0.399537 0.081250 0.075000 0.401042 0.362037 0.400521 0.362963 0.400000 0.362963 0.400000 0.363889 0.399479 0.364815 0.399479 0.367593 0.401042 0.370370 0.401042 0.371296 0.437500 0.436111 0.438021 0.436111 0.438542 0.437037 0.439583 0.437037 0.440104 0.436111 0.442188 0.436111 0.442708 0.435185 0.443750 0.435185 0.477083 0.375926 0.477604 0.375926 0.480729 0.370370 0.480729 0.369444 0.479167 0.366667 0.479167 0.365741 0.477083 0.362037 0.475521 0.362037 0.472917 0.366667 0.472396 0.366667 0.454688 0.398148 0.454167 0.398148 0.449479 0.406481 0.448958 0.406481 0.446875 0.410185 0.446354 0.410185 0.445833 0.411111 0.445312 0.411111 0.443229 0.407407 0.442708 0.407407 0.424479 0.375000 0.423958 0.375000 0.422396 0.372222 0.420833 0.372222 0.420312 0.371296 0.419271 0.371296 0.418750 0.370370 0.417187 0.370370 0.416667 0.369444 0.415625 0.369444 0.415104 0.368519 0.414062 0.368519 0.413542 0.367593 0.411979 0.367593 0.411458 0.366667 0.410417 0.366667 0.409896 0.365741 0.408333 0.365741 0.407813 0.364815 0.406771 0.364815 0.406250 0.363889 0.405208 0.363889 0.404687 0.362963 0.403125 0.362963 0.402604 0.362037
0 0.531771 0.405093 0.081250 0.076852 0.492708 0.366667 0.491146 0.369444 0.491146 0.372222 0.491667 0.373148 0.491667 0.375000 0.492188 0.375926 0.492188 0.377778 0.492708 0.378704 0.492708 0.380556 0.496875 0.387963 0.496875 0.388889 0.522917 0.435185 0.523438 0.435185 0.524479 0.437037 0.525000 0.437037 0.525521 0.437963 0.526042 0.437963 0.527083 0.439815 0.527604 0.439815 0.528125 0.440741 0.528646 0.440741 0.529687 0.442593 0.530208 0.442593 0.530729 0.443519 0.532292 0.443519 0.533333 0.441667 0.533854 0.441667 0.551562 0.410185 0.552083 0.410185 0.571354 0.375926 0.571354 0.375000 0.572396 0.373148 0.572396 0.370370 0.571875 0.369444 0.571875 0.368519 0.571354 0.367593 0.570833 0.367593 0.570312 0.366667 0.569271 0.366667 0.568750 0.367593 0.567708 0.367593 0.567187 0.368519 0.566146 0.368519 0.565625 0.369444 0.564583 0.369444 0.564063 0.370370 0.563021 0.370370 0.562500 0.371296 0.561458 0.371296 0.560937 0.372222 0.559896 0.372222 0.559375 0.373148 0.558333 0.373148 0.557813 0.374074 0.556771 0.374074 0.556250 0.375000 0.555208 0.375000 0.554688 0.375926 0.554167 0.375926 0.546354 0.389815 0.545833 0.389815 0.535937 0.407407 0.535417 0.407407 0.531771 0.413889 0.531250 0.413889 0.529687 0.416667 0.529167 0.416667 0.528125 0.418519 0.527604 0.418519 0.527083 0.419444 0.526042 0.419444 0.525000 0.417593 0.524479 0.417593 0.521875 0.412963 0.521354 0.412963 0.514583 0.400926 0.514062 0.400926 0.495312 0.367593 0.494792 0.367593 0.494271 0.366667
0 0.625781 0.406944 0.083854 0.075000 0.588021 0.369444 0.587500 0.370370 0.585938 0.370370 0.585417 0.371296 0.583854 0.371296 0.583854 0.372222 0.603646 0.407407 0.603646 0.408333 0.618750 0.435185 0.618750 0.436111 0.619792 0.437963 0.619792 0.442593 0.622396 0.442593 0.622917 0.443519 0.625521 0.443519 0.626042 0.444444 0.627604 0.444444 0.628125 0.443519 0.628646 0.443519 0.630208 0.440741 0.630729 0.440741 0.651563 0.403704 0.652083 0.403704 0.666667 0.377778 0.666667 0.376852 0.667708 0.375000 0.667708 0.373148 0.667188 0.372222 0.667188 0.371296 0.666146 0.369444 0.661458 0.369444 0.660937 0.370370 0.657813 0.370370 0.657292 0.371296 0.653646 0.371296 0.653125 0.372222 0.649479 0.372222 0.648958 0.373148 0.645833 0.373148 0.645312 0.374074 0.641667 0.374074 0.641146 0.375000 0.637500 0.375000 0.636979 0.375926 0.633854 0.375926 0.633333 0.376852 0.630729 0.376852 0.630208 0.377778 0.629687 0.377778 0.616146 0.401852 0.615625 0.401852 0.613021 0.406481 0.612500 0.406481 0.592187 0.370370 0.591667 0.370370 0.591146 0.369444
0 0.353125 0.555093 0.081250 0.082407 0.313542 0.513889 0.312500 0.515741 0.312500 0.518519 0.313021 0.519444 0.313021 0.520370 0.313542 0.521296 0.313542 0.522222 0.314063 0.523148 0.314063 0.524074 0.315104 0.525926 0.315104 0.526852 0.315625 0.527778 0.315625 0.528704 0.316667 0.530556 0.316667 0.531481 0.317708 0.533333 0.317708 0.534259 0.318750 0.536111 0.318750 0.537037 0.319792 0.538889 0.319792 0.539815 0.320312 0.540741 0.320312 0.541667 0.321354 0.543519 0.321354 0.544444 0.322396 0.546296 0.322396 0.547222 0.323437 0.549074 0.323437 0.550000 0.324479 0.551852 0.324479 0.552778 0.325521 0.554630 0.325521 0.555556 0.326562 0.557407 0.326562 0.558333 0.327083 0.559259 0.327083 0.560185 0.328125 0.562037 0.328125 0.562963 0.329167 0.564815 0.329167 0.565741 0.330208 0.567593 0.330208 0.568519 0.331250 0.570370 0.331250 0.571296 0.332292 0.573148 0.332292 0.574074 0.332813 0.575000 0.332813 0.575926 0.333854 0.577778 0.333854 0.578704 0.334896 0.580556 0.334896 0.581481 0.335938 0.583333 0.335938 0.584259 0.336979 0.586111 0.336979 0.587037 0.338021 0.588889 0.338021 0.589815 0.339062 0.591667 0.339062 0.592593 0.340104 0.594444 0.340104 0.595370 0.340625 0.596296 0.347396 0.596296 0.347917 0.595370 0.348438 0.595370 0.349479 0.593519 0.350000 0.593519 0.350521 0.592593 0.351042 0.592593 0.351562 0.591667 0.352083 0.591667 0.353125 0.589815 0.353646 0.589815 0.354167 0.588889 0.354687 0.588889 0.355729 0.587037 0.356250 0.587037 0.356771 0.586111 0.357292 0.586111 0.358333 0.584259 0.358854 0.584259 0.359375 0.583333 0.359896 0.583333 0.360938 0.581481 0.361458 0.581481 0.361979 0.580556 0.362500 0.580556 0.363021 0.579630 0.363542 0.579630 0.364583 0.577778 0.365104 0.577778 0.365625 0.576852 0.366146 0.576852 0.367188 0.575000 0.367708 0.575000 0.368229 0.574074 0.368750 0.574074 0.369792 0.572222 0.370312 0.572222 0.370833 0.571296 0.371354 0.571296 0.372396 0.569444 0.372917 0.569444 0.373437 0.568519 0.373958 0.568519 0.374479 0.567593 0.375000 0.567593 0.376042 0.565741 0.376563 0.565741 0.377083 0.564815 0.377604 0.564815 0.378646 0.562963 0.379167 0.562963 0.379688 0.562037 0.380208 0.562037 0.381250 0.560185 0.381771 0.560185 0.382292 0.559259 0.382812 0.559259 0.383854 0.557407 0.384375 0.557407 0.385417 0.555556 0.385937 0.555556 0.386979 0.553704 0.387500 0.553704 0.388542 0.551852 0.389062 0.551852 0.389583 0.550926 0.390104 0.550926 0.391146 0.549074 0.391667 0.549074 0.392708 0.547222 0.393229 0.547222 0.393750 0.546296 0.393750 0.545370 0.392708 0.543519 0.392708 0.542593 0.390104 0.537963 0.389583 0.537963 0.389062 0.538889 0.388542 0.538889 0.387500 0.540741 0.386979 0.540741 0.386458 0.541667 0.385937 0.541667 0.385417 0.542593 0.384896 0.542593 0.384375 0.543519 0.383854 0.543519 0.382812 0.545370 0.382292 0.545370 0.381250 0.547222 0.380729 0.547222 0.380208 0.548148 0.379688 0.548148 0.379167 0.549074 0.378125 0.549074 0.377604 0.548148 0.377083 0.548148 0.376563 0.549074 0.376042 0.549074 0.375000 0.550926 0.374479 0.550926 0.373958 0.551852 0.373437 0.551852 0.372917 0.552778 0.372396 0.552778 0.371354 0.554630 0.370833 0.554630 0.370312 0.555556 0.369792 0.555556 0.368750 0.557407 0.368229 0.557407 0.367708 0.558333 0.367188 0.558333 0.366667 0.559259 0.366146 0.559259 0.365104 0.561111 0.364583 0.561111 0.364063 0.562037 0.363542 0.562037 0.362500 0.563889 0.361979 0.563889 0.361458 0.564815 0.360938 0.564815 0.360417 0.565741 0.359375 0.565741 0.357292 0.562037 0.357292 0.558333 0.357812 0.557407 0.357812 0.556481 0.359896 0.552778 0.358854 0.554630 0.358333 0.554630 0.357812 0.555556 0.357292 0.555556 0.356250 0.557407 0.355729 0.557407 0.355208 0.558333 0.354687 0.558333 0.354167 0.559259 0.353646 0.559259 0.352604 0.561111 0.352083 0.561111 0.351562 0.562037 0.351042 0.562037 0.350000 0.563889 0.349479 0.563889 0.348958 0.564815 0.348438 0.564815 0.347917 0.565741 0.346875 0.565741 0.346354 0.564815 0.345833 0.564815 0.345313 0.563889 0.344792 0.563889 0.322396 0.524074 0.321875 0.524074 0.318229 0.517593 0.317708 0.517593 0.315625 0.513889
0 0.432552 0.556481 0.085938 0.090741 0.475000 0.511111 0.472396 0.515741 0.471875 0.515741 0.468229 0.522222 0.467708 0.522222 0.460938 0.534259 0.460417 0.534259 0.448437 0.555556 0.447917 0.555556 0.446354 0.558333 0.444792 0.558333 0.442708 0.554630 0.442708 0.552778 0.442188 0.553704 0.442188 0.554630 0.440625 0.557407 0.440625 0.558333 0.438542 0.562037 0.438542 0.562963 0.436979 0.565741 0.436979 0.566667 0.434375 0.571296 0.432812 0.571296 0.432292 0.570370 0.431771 0.570370 0.425000 0.558333 0.425000 0.557407 0.419271 0.547222 0.419271 0.546296 0.404167 0.519444 0.403646 0.519444 0.403125 0.518519 0.402083 0.518519 0.401042 0.520370 0.400521 0.520370 0.400000 0.521296 0.399479 0.521296 0.398438 0.523148 0.397917 0.523148 0.397396 0.524074 0.396875 0.524074 0.395833 0.525926 0.395313 0.525926 0.394792 0.526852 0.394271 0.526852 0.393229 0.528704 0.392708 0.528704 0.392188 0.529630 0.391667 0.529630 0.391146 0.530556 0.390625 0.530556 0.390104 0.531481 0.390104 0.532407 0.389583 0.533333 0.389583 0.535185 0.390104 0.536111 0.390104 0.537037 0.393229 0.542593 0.393229 0.543519 0.395833 0.548148 0.396354 0.548148 0.426563 0.601852 0.433854 0.601852 0.468750 0.539815 0.468750 0.538889 0.470313 0.536111 0.470313 0.535185 0.470833 0.534259 0.470833 0.532407 0.471354 0.531481 0.471354 0.529630 0.471875 0.528704 0.471875 0.527778 0.472396 0.526852 0.472396 0.525000 0.472917 0.524074 0.472917 0.522222 0.473438 0.521296 0.473438 0.519444 0.473958 0.518519 0.473958 0.517593 0.474479 0.516667 0.474479 0.514815 0.475000 0.513889 0.475000 0.512037 0.475521 0.511111
0 0.529948 0.554630 0.079687 0.085185 0.491146 0.512037 0.491146 0.517593 0.490625 0.518519 0.490625 0.525000 0.490104 0.525926 0.490104 0.526852 0.490625 0.527778 0.490625 0.528704 0.491146 0.529630 0.491146 0.530556 0.504167 0.553704 0.504167 0.554630 0.527604 0.596296 0.528125 0.596296 0.528646 0.597222 0.530208 0.597222 0.530729 0.596296 0.531250 0.596296 0.533854 0.591667 0.534375 0.591667 0.550521 0.562963 0.551042 0.562963 0.569271 0.530556 0.569271 0.529630 0.569792 0.528704 0.569792 0.527778 0.569271 0.526852 0.569271 0.525926 0.566146 0.520370 0.565625 0.520370 0.563542 0.524074 0.563021 0.524074 0.553646 0.540741 0.553125 0.540741 0.542708 0.559259 0.542188 0.559259 0.541146 0.561111 0.540625 0.561111 0.540104 0.560185 0.539583 0.560185 0.538021 0.557407 0.538021 0.555556 0.537500 0.554630 0.537500 0.553704 0.536979 0.552778 0.536979 0.551852 0.536458 0.551852 0.534375 0.555556 0.533854 0.555556 0.531771 0.559259 0.531250 0.559259 0.530729 0.560185 0.529687 0.560185 0.529167 0.559259 0.528646 0.559259 0.521354 0.546296 0.521354 0.548148 0.521875 0.549074 0.521875 0.550926 0.522396 0.551852 0.522396 0.556481 0.520833 0.559259 0.518750 0.559259 0.518229 0.558333 0.517708 0.558333 0.494271 0.516667 0.493750 0.516667
0 0.619010 0.551852 0.093229 0.090741 0.576042 0.506481 0.575521 0.507407 0.575000 0.507407 0.574479 0.508333 0.573958 0.508333 0.572917 0.510185 0.572396 0.510185 0.579688 0.523148 0.579688 0.524074 0.598437 0.557407 0.598958 0.557407 0.603125 0.564815 0.603646 0.564815 0.607292 0.571296 0.607812 0.571296 0.611458 0.577778 0.611979 0.577778 0.616146 0.585185 0.616667 0.585185 0.620313 0.591667 0.620833 0.591667 0.623437 0.596296 0.623958 0.596296 0.624479 0.597222 0.626563 0.597222 0.627604 0.595370 0.628125 0.595370 0.639062 0.575926 0.639583 0.575926 0.659896 0.539815 0.660417 0.539815 0.663542 0.534259 0.663542 0.533333 0.665104 0.530556 0.665104 0.529630 0.665625 0.528704 0.665625 0.527778 0.665104 0.526852 0.665104 0.525926 0.664062 0.524074 0.663542 0.524074 0.663021 0.523148 0.662500 0.523148 0.661979 0.522222 0.661458 0.522222 0.660417 0.524074 0.659896 0.524074 0.657292 0.528704 0.656771 0.528704 0.652604 0.536111 0.652083 0.536111 0.642708 0.552778 0.642188 0.552778 0.632812 0.569444 0.632292 0.569444 0.631771 0.570370 0.630208 0.570370 0.629687 0.569444 0.629167 0.569444 0.628125 0.567593 0.627604 0.567593 0.626042 0.564815 0.625521 0.564815 0.624479 0.562963 0.623958 0.562963 0.622396 0.560185 0.621875 0.560185 0.620833 0.558333 0.620313 0.558333 0.618750 0.555556 0.618229 0.555556 0.618229 0.558333 0.617188 0.560185 0.616667 0.560185 0.616146 0.561111 0.615104 0.561111 0.614583 0.560185 0.614062 0.560185 0.613021 0.558333 0.612500 0.558333 0.610417 0.554630 0.609896 0.554630 0.608333 0.551852 0.607812 0.551852 0.606250 0.549074 0.605729 0.549074 0.604167 0.546296 0.603646 0.546296 0.601562 0.542593 0.601042 0.542593 0.591667 0.525926 0.591146 0.525926 0.589583 0.523148 0.589063 0.523148 0.587500 0.520370 0.586979 0.520370 0.584896 0.516667 0.584375 0.516667 0.582812 0.513889 0.582292 0.513889 0.580729 0.511111 0.580208 0.511111 0.578646 0.508333 0.578125 0.508333 0.577083 0.506481
0 0.703125 0.556944 0.090625 0.078704 0.665104 0.517593 0.664062 0.519444 0.663542 0.519444 0.663021 0.520370 0.662500 0.520370 0.661979 0.521296 0.662500 0.522222 0.663021 0.522222 0.663542 0.523148 0.664062 0.523148 0.665625 0.525926 0.665625 0.526852 0.666146 0.527778 0.666146 0.528704 0.665625 0.529630 0.665625 0.530556 0.664062 0.533333 0.664062 0.534259 0.660417 0.540741 0.659896 0.540741 0.657813 0.544444 0.664583 0.556481 0.665104 0.556481 0.665625 0.557407 0.666146 0.557407 0.666667 0.558333 0.667188 0.558333 0.667708 0.559259 0.668229 0.559259 0.669271 0.561111 0.669792 0.561111 0.670312 0.562037 0.670833 0.562037 0.671354 0.562963 0.671875 0.562963 0.672396 0.563889 0.672917 0.563889 0.673438 0.564815 0.673958 0.564815 0.674479 0.565741 0.675000 0.565741 0.675521 0.566667 0.676042 0.566667 0.676562 0.567593 0.677083 0.567593 0.677604 0.568519 0.678125 0.568519 0.678646 0.569444 0.679167 0.569444 0.679688 0.570370 0.680208 0.570370 0.681250 0.572222 0.681771 0.572222 0.682292 0.573148 0.682813 0.573148 0.683333 0.574074 0.683854 0.574074 0.684375 0.575000 0.684896 0.575000 0.685417 0.575926 0.685937 0.575926 0.686458 0.576852 0.686979 0.576852 0.687500 0.577778 0.688021 0.577778 0.688542 0.578704 0.689063 0.578704 0.689583 0.579630 0.690104 0.579630 0.690625 0.580556 0.691146 0.580556 0.691667 0.581481 0.692187 0.581481 0.692708 0.582407 0.693229 0.582407 0.694271 0.584259 0.694792 0.584259 0.695312 0.585185 0.695833 0.585185 0.696354 0.586111 0.696875 0.586111 0.697396 0.587037 0.697917 0.587037 0.698438 0.587963 0.698958 0.587963 0.699479 0.588889 0.700000 0.588889 0.700521 0.589815 0.701042 0.589815 0.701562 0.590741 0.702083 0.590741 0.702604 0.591667 0.703125 0.591667 0.703646 0.592593 0.704167 0.592593 0.704688 0.593519 0.705208 0.593519 0.706250 0.595370 0.706771 0.595370 0.707292 0.596296 0.709375 0.596296 0.710417 0.594444 0.710938 0.594444 0.720833 0.576852 0.721354 0.576852 0.738542 0.546296 0.739062 0.546296 0.747396 0.531481 0.747396 0.530556 0.748437 0.528704 0.748437 0.525926 0.747917 0.525000 0.747917 0.524074 0.747396 0.523148 0.746875 0.523148 0.746354 0.522222 0.745833 0.522222 0.741146 0.530556 0.740625 0.530556 0.722917 0.562037 0.722396 0.562037 0.718229 0.569444 0.717708 0.569444 0.717187 0.570370 0.715104 0.570370 0.714583 0.569444 0.714063 0.569444 0.713542 0.568519 0.713021 0.568519 0.712500 0.567593 0.711458 0.567593 0.710938 0.566667 0.710417 0.566667 0.709896 0.565741 0.709375 0.565741 0.708854 0.564815 0.707812 0.564815 0.707812 0.567593 0.706250 0.570370 0.704167 0.570370 0.703646 0.569444 0.702604 0.569444 0.702083 0.568519 0.701562 0.568519 0.701042 0.567593 0.700521 0.567593 0.700000 0.566667 0.699479 0.566667 0.698958 0.565741 0.698438 0.565741 0.697917 0.564815 0.697396 0.564815 0.674479 0.524074 0.673958 0.524074 0.673438 0.523148 0.672917 0.523148 0.672396 0.522222 0.671354 0.522222 0.670833 0.521296 0.670312 0.521296 0.669792 0.520370 0.668750 0.520370 0.668229 0.519444 0.667708 0.519444 0.667188 0.518519 0.666146 0.518519 0.665625 0.517593
0 0.317188 0.525926 0.094792 0.077778 0.313021 0.487037 0.312500 0.487963 0.310937 0.487963 0.310417 0.488889 0.308854 0.488889 0.307812 0.490741 0.307292 0.490741 0.289583 0.522222 0.289062 0.522222 0.270313 0.555556 0.270313 0.556481 0.269792 0.557407 0.269792 0.560185 0.270313 0.561111 0.270313 0.562037 0.270833 0.562963 0.271354 0.562963 0.271875 0.563889 0.272396 0.563889 0.272917 0.562963 0.273958 0.562963 0.274479 0.562037 0.275000 0.562037 0.275521 0.561111 0.276562 0.561111 0.277083 0.560185 0.278125 0.560185 0.278646 0.559259 0.279167 0.559259 0.279687 0.558333 0.280729 0.558333 0.281250 0.557407 0.281771 0.557407 0.282292 0.556481 0.283333 0.556481 0.283854 0.555556 0.284375 0.555556 0.284896 0.554630 0.285938 0.554630 0.286458 0.553704 0.287500 0.553704 0.288021 0.552778 0.288542 0.552778 0.289062 0.551852 0.290104 0.551852 0.290625 0.550926 0.291146 0.550926 0.291667 0.550000 0.292708 0.550000 0.293229 0.549074 0.293750 0.549074 0.294271 0.548148 0.295312 0.548148 0.307812 0.525926 0.308333 0.525926 0.309375 0.524074 0.310417 0.524074 0.310937 0.523148 0.311458 0.523148 0.311979 0.522222 0.313021 0.522222 0.313021 0.521296 0.312500 0.520370 0.312500 0.519444 0.311979 0.518519 0.311979 0.515741 0.313542 0.512963 0.315625 0.512963 0.317708 0.516667 0.318229 0.516667 0.321875 0.523148 0.322396 0.523148 0.344792 0.562963 0.345313 0.562963 0.345833 0.563889 0.346354 0.563889 0.346875 0.564815 0.347917 0.564815 0.348438 0.563889 0.348958 0.563889 0.349479 0.562963 0.350000 0.562963 0.351042 0.561111 0.351562 0.561111 0.352083 0.560185 0.352604 0.560185 0.353646 0.558333 0.354167 0.558333 0.354687 0.557407 0.355208 0.557407 0.355729 0.556481 0.356250 0.556481 0.357292 0.554630 0.357812 0.554630 0.358333 0.553704 0.358854 0.553704 0.359896 0.551852 0.360417 0.551852 0.360938 0.550926 0.361458 0.550926 0.364583 0.545370 0.364063 0.546296 0.363542 0.546296 0.363021 0.547222 0.362500 0.547222 0.361979 0.548148 0.361458 0.548148 0.360417 0.550000 0.359896 0.550000 0.359375 0.550926 0.358854 0.550926 0.358333 0.551852 0.357812 0.551852 0.357292 0.552778 0.356771 0.552778 0.356250 0.553704 0.355729 0.553704 0.354687 0.555556 0.354167 0.555556 0.353646 0.556481 0.352083 0.556481 0.351562 0.555556 0.351042 0.555556 0.330208 0.518519 0.330208 0.517593 0.313542 0.487963 0.313542 0.487037
0 0.403125 0.531019 0.090625 0.078704 0.400521 0.491667 0.400000 0.492593 0.399479 0.492593 0.398958 0.493519 0.397917 0.493519 0.397396 0.494444 0.396875 0.494444 0.395313 0.497222 0.394792 0.497222 0.390625 0.504630 0.390104 0.504630 0.384896 0.513889 0.384375 0.513889 0.379167 0.523148 0.378646 0.523148 0.373437 0.532407 0.372917 0.532407 0.367708 0.541667 0.367188 0.541667 0.361458 0.551852 0.360938 0.551852 0.358333 0.556481 0.358333 0.557407 0.357812 0.558333 0.357812 0.562037 0.359375 0.564815 0.360417 0.564815 0.360938 0.563889 0.361458 0.563889 0.361979 0.562963 0.362500 0.562963 0.363542 0.561111 0.364063 0.561111 0.364583 0.560185 0.365104 0.560185 0.366146 0.558333 0.366667 0.558333 0.367188 0.557407 0.367708 0.557407 0.368229 0.556481 0.368750 0.556481 0.369792 0.554630 0.370312 0.554630 0.370833 0.553704 0.371354 0.553704 0.372396 0.551852 0.372917 0.551852 0.373437 0.550926 0.373958 0.550926 0.374479 0.550000 0.375000 0.550000 0.376042 0.548148 0.376563 0.548148 0.377083 0.547222 0.377604 0.547222 0.378646 0.545370 0.379167 0.545370 0.379688 0.544444 0.380208 0.544444 0.380729 0.543519 0.381250 0.543519 0.382292 0.541667 0.382812 0.541667 0.383333 0.540741 0.383854 0.540741 0.384896 0.538889 0.385417 0.538889 0.385937 0.537963 0.386458 0.537963 0.386979 0.537037 0.387500 0.537037 0.388542 0.535185 0.389062 0.535185 0.389062 0.533333 0.389583 0.532407 0.389583 0.531481 0.390625 0.529630 0.391146 0.529630 0.391667 0.528704 0.392188 0.528704 0.392708 0.527778 0.393229 0.527778 0.394271 0.525926 0.394792 0.525926 0.396354 0.523148 0.396875 0.523148 0.401042 0.515741 0.402083 0.515741 0.403646 0.518519 0.404167 0.518519 0.419792 0.546296 0.419792 0.547222 0.425521 0.557407 0.425521 0.558333 0.431771 0.569444 0.432292 0.569444 0.432812 0.570370 0.434375 0.570370 0.436458 0.566667 0.436458 0.565741 0.438021 0.562963 0.438021 0.562037 0.440104 0.558333 0.440104 0.557407 0.441667 0.554630 0.441667 0.553704 0.442708 0.551852 0.442708 0.550926 0.443750 0.549074 0.443750 0.548148 0.445312 0.545370 0.445312 0.544444 0.446875 0.541667 0.446875 0.540741 0.447917 0.538889 0.447917 0.537963 0.448437 0.537037 0.441667 0.549074 0.441146 0.549074 0.439063 0.552778 0.438542 0.552778 0.438021 0.553704 0.436979 0.553704 0.435937 0.551852 0.435417 0.551852 0.413542 0.512963 0.413542 0.512037 0.402083 0.491667
0 0.482552 0.513889 0.078646 0.088889 0.485938 0.469444 0.485417 0.470370 0.484896 0.470370 0.479687 0.479630 0.479167 0.479630 0.479167 0.480556 0.478646 0.481481 0.478646 0.482407 0.478125 0.483333 0.478125 0.484259 0.477083 0.486111 0.477083 0.487037 0.463021 0.512037 0.462500 0.512037 0.450000 0.534259 0.450000 0.535185 0.448437 0.537963 0.448437 0.538889 0.447396 0.540741 0.447396 0.541667 0.445833 0.544444 0.445833 0.545370 0.444271 0.548148 0.444271 0.549074 0.443229 0.550926 0.443229 0.554630 0.444792 0.557407 0.446354 0.557407 0.447917 0.554630 0.448437 0.554630 0.460417 0.533333 0.460938 0.533333 0.467708 0.521296 0.468229 0.521296 0.471875 0.514815 0.472396 0.514815 0.475000 0.510185 0.475521 0.510185 0.477083 0.507407 0.477604 0.507407 0.478646 0.505556 0.479167 0.505556 0.479687 0.504630 0.480729 0.504630 0.481250 0.503704 0.484896 0.503704 0.485417 0.504630 0.485938 0.504630 0.486458 0.505556 0.486979 0.505556 0.487500 0.506481 0.488021 0.506481 0.489583 0.509259 0.490104 0.509259 0.493750 0.515741 0.494271 0.515741 0.517708 0.557407 0.518229 0.557407 0.518750 0.558333 0.520833 0.558333 0.521875 0.556481 0.521875 0.551852 0.521354 0.550926 0.521354 0.549074 0.520833 0.548148 0.520833 0.545370 0.495312 0.500000 0.495312 0.499074 0.490625 0.490741 0.490625 0.489815 0.490104 0.488889 0.490104 0.485185 0.490625 0.484259 0.490625 0.479630 0.491146 0.478704 0.491146 0.475926 0.488021 0.470370 0.487500 0.470370 0.486979 0.469444
0 0.577344 0.517593 0.080729 0.085185 0.568229 0.475000 0.565625 0.479630 0.566146 0.480556 0.566667 0.480556 0.567708 0.482407 0.568229 0.482407 0.568750 0.483333 0.569271 0.483333 0.570833 0.486111 0.570833 0.487037 0.571354 0.487963 0.571354 0.488889 0.570833 0.489815 0.570833 0.490741 0.569792 0.492593 0.569792 0.493519 0.558333 0.513889 0.557813 0.513889 0.536979 0.550926 0.537500 0.551852 0.537500 0.552778 0.538021 0.553704 0.538021 0.554630 0.538542 0.555556 0.538542 0.557407 0.539583 0.559259 0.540104 0.559259 0.540625 0.560185 0.541146 0.560185 0.542188 0.558333 0.542708 0.558333 0.553125 0.539815 0.553646 0.539815 0.563021 0.523148 0.563542 0.523148 0.567708 0.515741 0.568229 0.515741 0.570312 0.512037 0.570833 0.512037 0.572396 0.509259 0.572917 0.509259 0.573958 0.507407 0.574479 0.507407 0.575000 0.506481 0.575521 0.506481 0.576042 0.505556 0.577083 0.505556 0.577604 0.504630 0.582292 0.512963 0.582812 0.512963 0.584375 0.515741 0.584896 0.515741 0.586979 0.519444 0.587500 0.519444 0.589063 0.522222 0.589583 0.522222 0.591146 0.525000 0.591667 0.525000 0.601042 0.541667 0.601562 0.541667 0.603646 0.545370 0.604167 0.545370 0.605729 0.548148 0.606250 0.548148 0.607812 0.550926 0.608333 0.550926 0.609896 0.553704 0.610417 0.553704 0.612500 0.557407 0.613021 0.557407 0.614062 0.559259 0.614583 0.559259 0.615104 0.560185 0.616146 0.560185 0.616667 0.559259 0.617188 0.559259 0.617708 0.558333 0.617708 0.553704 0.615625 0.550000 0.615625 0.549074 0.589583 0.502778 0.589583 0.501852 0.581771 0.487963 0.581250 0.487963 0.579688 0.485185 0.579167 0.485185 0.578646 0.484259 0.578125 0.484259 0.577083 0.482407 0.576562 0.482407 0.576042 0.481481 0.575521 0.481481 0.575000 0.480556 0.574479 0.480556 0.573438 0.478704 0.572917 0.478704 0.572396 0.477778 0.571875 0.477778 0.571354 0.476852 0.570833 0.476852 0.569792 0.475000
0 0.661458 0.532407 0.091667 0.074074 0.668750 0.495370 0.650000 0.528704 0.649479 0.528704 0.632292 0.559259 0.631771 0.559259 0.629687 0.562963 0.627604 0.562963 0.627083 0.562037 0.626563 0.562037 0.625521 0.560185 0.625000 0.560185 0.623437 0.557407 0.622917 0.557407 0.621875 0.555556 0.621354 0.555556 0.620313 0.553704 0.619792 0.553704 0.618750 0.551852 0.618229 0.551852 0.617188 0.550000 0.616667 0.550000 0.615625 0.548148 0.616146 0.549074 0.616146 0.550000 0.618229 0.553704 0.618229 0.554630 0.618750 0.554630 0.620313 0.557407 0.620833 0.557407 0.621875 0.559259 0.622396 0.559259 0.623958 0.562037 0.624479 0.562037 0.625521 0.563889 0.626042 0.563889 0.627604 0.566667 0.628125 0.566667 0.629167 0.568519 0.629687 0.568519 0.630208 0.569444 0.631771 0.569444 0.632292 0.568519 0.632812 0.568519 0.642188 0.551852 0.642708 0.551852 0.652083 0.535185 0.652604 0.535185 0.656771 0.527778 0.657292 0.527778 0.659896 0.523148 0.660417 0.523148 0.662500 0.519444 0.663021 0.519444 0.663542 0.518519 0.664062 0.518519 0.665104 0.516667 0.665625 0.516667 0.666146 0.517593 0.667188 0.517593 0.667708 0.518519 0.668229 0.518519 0.668750 0.519444 0.669792 0.519444 0.670312 0.520370 0.670833 0.520370 0.671354 0.521296 0.672396 0.521296 0.672917 0.522222 0.673438 0.522222 0.673958 0.523148 0.674479 0.523148 0.697396 0.563889 0.697917 0.563889 0.698438 0.564815 0.698958 0.564815 0.699479 0.565741 0.700000 0.565741 0.700521 0.566667 0.701042 0.566667 0.701562 0.567593 0.702083 0.567593 0.702604 0.568519 0.703646 0.568519 0.704167 0.569444 0.706250 0.569444 0.707292 0.567593 0.707292 0.563889 0.706250 0.562037 0.706250 0.561111 0.690625 0.533333 0.690625 0.532407 0.670312 0.496296 0.669792 0.496296 0.669271 0.495370
0 0.357552 0.515278 0.089063 0.080556 0.399479 0.475000 0.398958 0.475926 0.397917 0.475926 0.397396 0.476852 0.396354 0.476852 0.395833 0.477778 0.394792 0.477778 0.394271 0.478704 0.393229 0.478704 0.392708 0.479630 0.391667 0.479630 0.391146 0.480556 0.390104 0.480556 0.389062 0.482407 0.388542 0.482407 0.376042 0.504630 0.375521 0.504630 0.368229 0.517593 0.367708 0.517593 0.364063 0.524074 0.363542 0.524074 0.363021 0.525000 0.362500 0.525000 0.361979 0.525926 0.360938 0.525926 0.360417 0.526852 0.358854 0.526852 0.356771 0.523148 0.356771 0.520370 0.357292 0.519444 0.356771 0.520370 0.355729 0.520370 0.355208 0.521296 0.354687 0.521296 0.354167 0.522222 0.353646 0.522222 0.353125 0.523148 0.352604 0.523148 0.352083 0.524074 0.350000 0.524074 0.349479 0.523148 0.348958 0.523148 0.328646 0.487037 0.328125 0.487037 0.323437 0.478704 0.322917 0.478704 0.321875 0.476852 0.321354 0.477778 0.319271 0.477778 0.318750 0.478704 0.316667 0.478704 0.316146 0.479630 0.314583 0.479630 0.314063 0.480556 0.313542 0.480556 0.313542 0.481481 0.313021 0.482407 0.313021 0.485185 0.314063 0.487037 0.314063 0.487963 0.330729 0.517593 0.330729 0.518519 0.351042 0.554630 0.351562 0.554630 0.352083 0.555556 0.353646 0.555556 0.354167 0.554630 0.354687 0.554630 0.355729 0.552778 0.356250 0.552778 0.356771 0.551852 0.357292 0.551852 0.357812 0.550926 0.358333 0.550926 0.358854 0.550000 0.359375 0.550000 0.359896 0.549074 0.360417 0.549074 0.361458 0.547222 0.361979 0.547222 0.362500 0.546296 0.363021 0.546296 0.363542 0.545370 0.364063 0.545370 0.364583 0.544444 0.365104 0.544444 0.367188 0.540741 0.367708 0.540741 0.372917 0.531481 0.373437 0.531481 0.378646 0.522222 0.379167 0.522222 0.384375 0.512963 0.384896 0.512963 0.390104 0.503704 0.390625 0.503704 0.394792 0.496296 0.395313 0.496296 0.396875 0.493519 0.397396 0.493519 0.397917 0.492593 0.398958 0.492593 0.399479 0.491667 0.400000 0.491667 0.400521 0.490741 0.401562 0.490741 0.398438 0.485185 0.398438 0.484259 0.397917 0.483333 0.397917 0.479630 0.399479 0.476852 0.400521 0.476852 0.401042 0.475926 0.402083 0.475926 0.401562 0.475000
0 0.440365 0.510185 0.083854 0.085185 0.480729 0.467593 0.480208 0.468519 0.479687 0.468519 0.479167 0.469444 0.478646 0.469444 0.477604 0.471296 0.477083 0.471296 0.475521 0.474074 0.475000 0.474074 0.472917 0.477778 0.472396 0.477778 0.468750 0.484259 0.468229 0.484259 0.460938 0.497222 0.460417 0.497222 0.447396 0.520370 0.446875 0.520370 0.445833 0.522222 0.444271 0.522222 0.442188 0.518519 0.442188 0.515741 0.435417 0.527778 0.433333 0.527778 0.432812 0.526852 0.432292 0.526852 0.410938 0.488889 0.410417 0.488889 0.405729 0.480556 0.405208 0.480556 0.403125 0.476852 0.401042 0.476852 0.400521 0.477778 0.399479 0.477778 0.398438 0.479630 0.398438 0.483333 0.398958 0.484259 0.398958 0.485185 0.414062 0.512037 0.414062 0.512963 0.435417 0.550926 0.435937 0.550926 0.436979 0.552778 0.438021 0.552778 0.438542 0.551852 0.439063 0.551852 0.441146 0.548148 0.441667 0.548148 0.462500 0.511111 0.463021 0.511111 0.476562 0.487037 0.476562 0.486111 0.477604 0.484259 0.477604 0.483333 0.478125 0.482407 0.478125 0.481481 0.478646 0.480556 0.478646 0.479630 0.479687 0.477778 0.479687 0.476852 0.480208 0.475926 0.480208 0.475000 0.480729 0.474074 0.480729 0.473148 0.481250 0.472222 0.481250 0.471296 0.482292 0.469444 0.482292 0.467593
0 0.530729 0.517130 0.080208 0.084259 0.491667 0.475000 0.491667 0.478704 0.491146 0.479630 0.491146 0.484259 0.490625 0.485185 0.490625 0.488889 0.491146 0.489815 0.491146 0.490741 0.495833 0.499074 0.495833 0.500000 0.528646 0.558333 0.529167 0.558333 0.529687 0.559259 0.530729 0.559259 0.531250 0.558333 0.531771 0.558333 0.533854 0.554630 0.534375 0.554630 0.557813 0.512963 0.558333 0.512963 0.569271 0.493519 0.569271 0.492593 0.570312 0.490741 0.570312 0.489815 0.570833 0.488889 0.570833 0.487963 0.570312 0.487037 0.570312 0.486111 0.569271 0.484259 0.568750 0.484259 0.568229 0.483333 0.567708 0.483333 0.566667 0.481481 0.566146 0.481481 0.565625 0.480556 0.564583 0.480556 0.557813 0.492593 0.557292 0.492593 0.542708 0.518519 0.542188 0.518519 0.541146 0.520370 0.540625 0.520370 0.540104 0.519444 0.539583 0.519444 0.537500 0.515741 0.537500 0.514815 0.536979 0.513889 0.536979 0.512963 0.536458 0.512037 0.532292 0.519444 0.531771 0.519444 0.531250 0.520370 0.529687 0.520370 0.529167 0.519444 0.528646 0.519444 0.525000 0.512963 0.522917 0.512963 0.522396 0.512037 0.522396 0.513889 0.522917 0.514815 0.522917 0.515741 0.523438 0.516667 0.523438 0.519444 0.522917 0.520370 0.522917 0.521296 0.522396 0.522222 0.521875 0.522222 0.521354 0.523148 0.519792 0.523148 0.519271 0.522222 0.518750 0.522222 0.495312 0.480556 0.494792 0.480556
0 0.620052 0.515741 0.099479 0.092593 0.572396 0.469444 0.571354 0.471296 0.570833 0.471296 0.570312 0.472222 0.570312 0.474074 0.570833 0.475000 0.570833 0.475926 0.571354 0.475926 0.571875 0.476852 0.572396 0.476852 0.572917 0.477778 0.573438 0.477778 0.574479 0.479630 0.575000 0.479630 0.575521 0.480556 0.576042 0.480556 0.576562 0.481481 0.577083 0.481481 0.578125 0.483333 0.578646 0.483333 0.579167 0.484259 0.579688 0.484259 0.581250 0.487037 0.581771 0.487037 0.590104 0.501852 0.590104 0.502778 0.615104 0.547222 0.615625 0.547222 0.616667 0.549074 0.617188 0.549074 0.618229 0.550926 0.618750 0.550926 0.619792 0.552778 0.620313 0.552778 0.621354 0.554630 0.621875 0.554630 0.622917 0.556481 0.623437 0.556481 0.625000 0.559259 0.625521 0.559259 0.626563 0.561111 0.627083 0.561111 0.627604 0.562037 0.629687 0.562037 0.631771 0.558333 0.632292 0.558333 0.649479 0.527778 0.650000 0.527778 0.669271 0.493519 0.669271 0.491667 0.669792 0.490741 0.669271 0.489815 0.669271 0.488889 0.667708 0.486111 0.666146 0.486111 0.665625 0.485185 0.664062 0.485185 0.661979 0.488889 0.661458 0.488889 0.657813 0.495370 0.657292 0.495370 0.651042 0.506481 0.650521 0.506481 0.636458 0.531481 0.635938 0.531481 0.634375 0.534259 0.632812 0.534259 0.632292 0.533333 0.631771 0.533333 0.631250 0.532407 0.630729 0.532407 0.629687 0.530556 0.629167 0.530556 0.628646 0.529630 0.628125 0.529630 0.627604 0.528704 0.627083 0.528704 0.626563 0.527778 0.626042 0.527778 0.625521 0.526852 0.625000 0.526852 0.624479 0.525926 0.623958 0.525926 0.623437 0.525000 0.622917 0.525000 0.621875 0.523148 0.621354 0.523148 0.620833 0.522222 0.620313 0.522222 0.619792 0.521296 0.619271 0.521296 0.618750 0.520370 0.618229 0.520370 0.617708 0.519444 0.617188 0.519444 0.616667 0.518519 0.616146 0.518519 0.615104 0.520370 0.614062 0.520370 0.613542 0.519444 0.613021 0.519444 0.612500 0.518519 0.611979 0.518519 0.611458 0.517593 0.610938 0.517593 0.610417 0.516667 0.609896 0.516667 0.608854 0.514815 0.608333 0.514815 0.602083 0.503704 0.602083 0.502778 0.595313 0.490741 0.594792 0.490741 0.592708 0.487037 0.592187 0.487037 0.591667 0.486111 0.591146 0.486111 0.590625 0.485185 0.590104 0.485185 0.589583 0.484259 0.589063 0.484259 0.588542 0.483333 0.588021 0.483333 0.587500 0.482407 0.586979 0.482407 0.586458 0.481481 0.585938 0.481481 0.585417 0.480556 0.584896 0.480556 0.584375 0.479630 0.583854 0.479630 0.583333 0.478704 0.582812 0.478704 0.582292 0.477778 0.581771 0.477778 0.581250 0.476852 0.580208 0.476852 0.579688 0.475926 0.579167 0.475926 0.578646 0.475000 0.578125 0.475000 0.577604 0.474074 0.577083 0.474074 0.576562 0.473148 0.576042 0.473148 0.575521 0.472222 0.575000 0.472222 0.574479 0.471296 0.573958 0.471296 0.573438 0.470370 0.572917 0.470370
0 0.713021 0.529630 0.087500 0.079630 0.669792 0.489815 0.670312 0.490741 0.669792 0.491667 0.669792 0.493519 0.669271 0.494444 0.669792 0.495370 0.670312 0.495370 0.691146 0.532407 0.691146 0.533333 0.706771 0.561111 0.706771 0.562037 0.707812 0.563889 0.708854 0.563889 0.709375 0.564815 0.709896 0.564815 0.710417 0.565741 0.710938 0.565741 0.711458 0.566667 0.712500 0.566667 0.713021 0.567593 0.713542 0.567593 0.714063 0.568519 0.714583 0.568519 0.715104 0.569444 0.717187 0.569444 0.717708 0.568519 0.718229 0.568519 0.722396 0.561111 0.722917 0.561111 0.740625 0.529630 0.741146 0.529630 0.756250 0.502778 0.756250 0.501852 0.756771 0.500926 0.756771 0.498148 0.756250 0.497222 0.756250 0.496296 0.755729 0.495370 0.754687 0.495370 0.754167 0.494444 0.752083 0.494444 0.751563 0.493519 0.749479 0.493519 0.748958 0.492593 0.747396 0.492593 0.741146 0.503704 0.740625 0.503704 0.723437 0.534259 0.722917 0.534259 0.720313 0.538889 0.719792 0.538889 0.719271 0.539815 0.718229 0.539815 0.717708 0.538889 0.717187 0.538889 0.716667 0.537963 0.715625 0.537963 0.715104 0.537037 0.714063 0.537037 0.713542 0.536111 0.712500 0.536111 0.711979 0.535185 0.710938 0.535185 0.710417 0.534259 0.708333 0.534259 0.707812 0.533333 0.706771 0.533333 0.706250 0.532407 0.705208 0.532407 0.704688 0.531481 0.703646 0.531481 0.703125 0.530556 0.702083 0.530556 0.701562 0.529630 0.700521 0.529630 0.681771 0.496296 0.681250 0.496296 0.680729 0.495370 0.680208 0.495370 0.679688 0.494444 0.678125 0.494444 0.677604 0.493519 0.676562 0.493519 0.676042 0.492593 0.674479 0.492593 0.673958 0.491667 0.672917 0.491667 0.672396 0.490741 0.670833 0.490741 0.670312 0.489815
0 0.317708 0.485648 0.085417 0.075000 0.316146 0.448148 0.315625 0.449074 0.313542 0.449074 0.313021 0.450000 0.312500 0.450000 0.309896 0.454630 0.309375 0.454630 0.275000 0.515741 0.275000 0.519444 0.276562 0.522222 0.278646 0.522222 0.279167 0.521296 0.280208 0.521296 0.290104 0.503704 0.290625 0.503704 0.300521 0.486111 0.301042 0.486111 0.301563 0.485185 0.303646 0.485185 0.304167 0.484259 0.306250 0.484259 0.306771 0.483333 0.308333 0.483333 0.308854 0.482407 0.310937 0.482407 0.311458 0.481481 0.313021 0.481481 0.313021 0.480556 0.313542 0.479630 0.314063 0.479630 0.314583 0.478704 0.316146 0.478704 0.316667 0.477778 0.318750 0.477778 0.319271 0.476852 0.321354 0.476852 0.321875 0.475926 0.322917 0.477778 0.323437 0.477778 0.328125 0.486111 0.328646 0.486111 0.348958 0.522222 0.349479 0.522222 0.350000 0.523148 0.352083 0.523148 0.352604 0.522222 0.353125 0.522222 0.353646 0.521296 0.354167 0.521296 0.354687 0.520370 0.355208 0.520370 0.355729 0.519444 0.356771 0.519444 0.360417 0.512963 0.359896 0.512963 0.359375 0.513889 0.358854 0.513889 0.358333 0.514815 0.357292 0.514815 0.356771 0.515741 0.356250 0.515741 0.355729 0.516667 0.355208 0.516667 0.354687 0.515741 0.354167 0.515741 0.353125 0.513889 0.352604 0.513889 0.339583 0.490741 0.339583 0.489815 0.317188 0.450000 0.317188 0.449074 0.316667 0.448148
0 0.403385 0.488426 0.092188 0.076852 0.401042 0.450000 0.400521 0.450926 0.398438 0.450926 0.397917 0.451852 0.396354 0.451852 0.395313 0.453704 0.394792 0.453704 0.380208 0.479630 0.379688 0.479630 0.357812 0.518519 0.357812 0.519444 0.357292 0.520370 0.357292 0.523148 0.358854 0.525926 0.360417 0.525926 0.360938 0.525000 0.361979 0.525000 0.362500 0.524074 0.363021 0.524074 0.363542 0.523148 0.364063 0.523148 0.367708 0.516667 0.368229 0.516667 0.375521 0.503704 0.376042 0.503704 0.388542 0.481481 0.389062 0.481481 0.390104 0.479630 0.391146 0.479630 0.391667 0.478704 0.392708 0.478704 0.393229 0.477778 0.394271 0.477778 0.394792 0.476852 0.395833 0.476852 0.396354 0.475926 0.397396 0.475926 0.397917 0.475000 0.398958 0.475000 0.399479 0.474074 0.401562 0.474074 0.402604 0.475926 0.403125 0.475926 0.405208 0.479630 0.405729 0.479630 0.410417 0.487963 0.410938 0.487963 0.432292 0.525926 0.432812 0.525926 0.433333 0.526852 0.435417 0.526852 0.443750 0.512037 0.443750 0.511111 0.449479 0.500926 0.449479 0.499074 0.448958 0.498148 0.441146 0.512037 0.440625 0.512037 0.439063 0.514815 0.437500 0.514815 0.436458 0.512963 0.435937 0.512963 0.419271 0.483333 0.419271 0.482407
0 0.482812 0.480556 0.080208 0.083333 0.486458 0.438889 0.485938 0.439815 0.485417 0.439815 0.482812 0.444444 0.482292 0.444444 0.460938 0.482407 0.460417 0.482407 0.444271 0.511111 0.444271 0.512037 0.442708 0.514815 0.442708 0.518519 0.444271 0.521296 0.445833 0.521296 0.446875 0.519444 0.447396 0.519444 0.460417 0.496296 0.460938 0.496296 0.468229 0.483333 0.468750 0.483333 0.472396 0.476852 0.472917 0.476852 0.475000 0.473148 0.475521 0.473148 0.477083 0.470370 0.477604 0.470370 0.478646 0.468519 0.479167 0.468519 0.479687 0.467593 0.480208 0.467593 0.480729 0.466667 0.482292 0.466667 0.482812 0.465741 0.483333 0.465741 0.483854 0.466667 0.485417 0.466667 0.485938 0.467593 0.486458 0.467593 0.486979 0.468519 0.487500 0.468519 0.488542 0.470370 0.489063 0.470370 0.490625 0.473148 0.491146 0.473148 0.494792 0.479630 0.495312 0.479630 0.518750 0.521296 0.519271 0.521296 0.519792 0.522222 0.521354 0.522222 0.521875 0.521296 0.522396 0.521296 0.522396 0.520370 0.522917 0.519444 0.522917 0.516667 0.522396 0.515741 0.522396 0.514815 0.521875 0.513889 0.521875 0.512037 0.521354 0.511111 0.521354 0.510185 0.520833 0.509259 0.520833 0.507407 0.520312 0.506481 0.520312 0.505556 0.519792 0.504630 0.519792 0.503704 0.496354 0.462037 0.496354 0.461111 0.491146 0.451852 0.491146 0.450926 0.490625 0.450000 0.490625 0.446296 0.491146 0.445370 0.488021 0.439815 0.487500 0.439815 0.486979 0.438889
0 0.576823 0.480093 0.079687 0.078704 0.568229 0.440741 0.567187 0.442593 0.567187 0.443519 0.568229 0.443519 0.568750 0.444444 0.569271 0.444444 0.570833 0.447222 0.570833 0.448148 0.571354 0.449074 0.571354 0.450000 0.570833 0.450926 0.570833 0.451852 0.536979 0.512037 0.537500 0.512963 0.537500 0.513889 0.538021 0.514815 0.538021 0.515741 0.539583 0.518519 0.540104 0.518519 0.540625 0.519444 0.541146 0.519444 0.542188 0.517593 0.542708 0.517593 0.557292 0.491667 0.557813 0.491667 0.564583 0.479630 0.565104 0.479630 0.568229 0.474074 0.568750 0.474074 0.570833 0.470370 0.571354 0.470370 0.572917 0.467593 0.573438 0.467593 0.575521 0.471296 0.576042 0.471296 0.577083 0.473148 0.577604 0.473148 0.578125 0.474074 0.578646 0.474074 0.579167 0.475000 0.579688 0.475000 0.580208 0.475926 0.581250 0.475926 0.581771 0.476852 0.582292 0.476852 0.582812 0.477778 0.583333 0.477778 0.583854 0.478704 0.584375 0.478704 0.584896 0.479630 0.585417 0.479630 0.585938 0.480556 0.586458 0.480556 0.586979 0.481481 0.587500 0.481481 0.588021 0.482407 0.588542 0.482407 0.589063 0.483333 0.589583 0.483333 0.590104 0.484259 0.590625 0.484259 0.591146 0.485185 0.591667 0.485185 0.592187 0.486111 0.592708 0.486111 0.594792 0.489815 0.595313 0.489815 0.602604 0.502778 0.602604 0.503704 0.608333 0.513889 0.608854 0.513889 0.609896 0.515741 0.610417 0.515741 0.610938 0.516667 0.611458 0.516667 0.611979 0.517593 0.612500 0.517593 0.613021 0.518519 0.613542 0.518519 0.614062 0.519444 0.615104 0.519444 0.616667 0.516667 0.616667 0.513889 0.616146 0.512963 0.616146 0.512037 0.609896 0.500926 0.609896 0.500000 0.579167 0.445370 0.578125 0.445370 0.577604 0.444444 0.576042 0.444444 0.575521 0.443519 0.573958 0.443519 0.573438 0.442593 0.572396 0.442593 0.571875 0.441667 0.570312 0.441667 0.569792 0.440741
0 0.664062 0.494907 0.094792 0.076852 0.667708 0.456481 0.642708 0.500926 0.642188 0.500926 0.630729 0.521296 0.630208 0.521296 0.629167 0.523148 0.627083 0.523148 0.626563 0.522222 0.626042 0.522222 0.625521 0.521296 0.625000 0.521296 0.624479 0.520370 0.623958 0.520370 0.623437 0.519444 0.622917 0.519444 0.622396 0.518519 0.621875 0.518519 0.621354 0.517593 0.620833 0.517593 0.620313 0.516667 0.619792 0.516667 0.619271 0.515741 0.618750 0.515741 0.618229 0.514815 0.617708 0.514815 0.617188 0.513889 0.617188 0.516667 0.616667 0.517593 0.617188 0.518519 0.617708 0.518519 0.618229 0.519444 0.618750 0.519444 0.619271 0.520370 0.619792 0.520370 0.620313 0.521296 0.620833 0.521296 0.621354 0.522222 0.621875 0.522222 0.622917 0.524074 0.623437 0.524074 0.623958 0.525000 0.624479 0.525000 0.625000 0.525926 0.625521 0.525926 0.626042 0.526852 0.626563 0.526852 0.627083 0.527778 0.627604 0.527778 0.628125 0.528704 0.628646 0.528704 0.629167 0.529630 0.629687 0.529630 0.630729 0.531481 0.631250 0.531481 0.631771 0.532407 0.632292 0.532407 0.632812 0.533333 0.634375 0.533333 0.635938 0.530556 0.636458 0.530556 0.650521 0.505556 0.651042 0.505556 0.657292 0.494444 0.657813 0.494444 0.661458 0.487963 0.661979 0.487963 0.664062 0.484259 0.665625 0.484259 0.666146 0.485185 0.667708 0.485185 0.669792 0.488889 0.670312 0.488889 0.670833 0.489815 0.672396 0.489815 0.672917 0.490741 0.673958 0.490741 0.674479 0.491667 0.676042 0.491667 0.676562 0.492593 0.677604 0.492593 0.678125 0.493519 0.679688 0.493519 0.680208 0.494444 0.680729 0.494444 0.681250 0.495370 0.681771 0.495370 0.700521 0.528704 0.701562 0.528704 0.702083 0.529630 0.703125 0.529630 0.703646 0.530556 0.704688 0.530556 0.705208 0.531481 0.706250 0.531481 0.706771 0.532407 0.707812 0.532407 0.708333 0.533333 0.709896 0.533333 0.710417 0.532407 0.710938 0.532407 0.711458 0.531481 0.711458 0.527778 0.710938 0.526852 0.710938 0.525926 0.703125 0.512037 0.703125 0.511111 0.681250 0.472222 0.681250 0.471296 0.675000 0.460185 0.674479 0.460185 0.672917 0.457407 0.670833 0.457407 0.670312 0.456481
0 0.358333 0.477778 0.084375 0.075926 0.320833 0.439815 0.320312 0.440741 0.317188 0.440741 0.316146 0.442593 0.316146 0.446296 0.317708 0.449074 0.317708 0.450000 0.340104 0.489815 0.340104 0.490741 0.352604 0.512963 0.353125 0.512963 0.354167 0.514815 0.354687 0.514815 0.355208 0.515741 0.355729 0.515741 0.356250 0.514815 0.356771 0.514815 0.357292 0.513889 0.358333 0.513889 0.358854 0.512963 0.359375 0.512963 0.359896 0.512037 0.360938 0.512037 0.379688 0.478704 0.380208 0.478704 0.394792 0.452778 0.395313 0.452778 0.396354 0.450926 0.397917 0.450926 0.398438 0.450000 0.400521 0.450000 0.400521 0.449074 0.400000 0.448148 0.400000 0.447222 0.398958 0.445370 0.398958 0.444444 0.398438 0.443519 0.398438 0.441667 0.399479 0.439815 0.397396 0.439815 0.396875 0.440741 0.393750 0.440741 0.393229 0.441667 0.391667 0.441667 0.388542 0.447222 0.388021 0.447222 0.373437 0.473148 0.372917 0.473148 0.367708 0.482407 0.367188 0.482407 0.365104 0.486111 0.364583 0.486111 0.364063 0.487037 0.362500 0.487037 0.361979 0.487963 0.360938 0.487963 0.360417 0.488889 0.359375 0.488889 0.358854 0.487963 0.358333 0.487963 0.357292 0.486111 0.357292 0.485185 0.356771 0.484259 0.356771 0.483333 0.356250 0.483333 0.355729 0.484259 0.354687 0.484259 0.354167 0.485185 0.352604 0.485185 0.352083 0.486111 0.349479 0.486111 0.348958 0.485185 0.348438 0.485185 0.345833 0.480556 0.345313 0.480556 0.340625 0.472222 0.340625 0.471296 0.333854 0.459259 0.333333 0.459259 0.324479 0.443519 0.323958 0.443519 0.321875 0.439815
0 0.440625 0.474074 0.083333 0.079630 0.480208 0.434259 0.479687 0.435185 0.479167 0.435185 0.478646 0.436111 0.478125 0.436111 0.477083 0.437963 0.476562 0.437963 0.475521 0.439815 0.475000 0.439815 0.473958 0.441667 0.473438 0.441667 0.460938 0.463889 0.460417 0.463889 0.453125 0.476852 0.452083 0.476852 0.451562 0.477778 0.450521 0.477778 0.450000 0.478704 0.449479 0.478704 0.448437 0.480556 0.447917 0.480556 0.446354 0.483333 0.445312 0.483333 0.444792 0.482407 0.444271 0.482407 0.443229 0.480556 0.442708 0.481481 0.442188 0.481481 0.441146 0.483333 0.440625 0.483333 0.440104 0.484259 0.439583 0.484259 0.438542 0.486111 0.438021 0.486111 0.436979 0.487963 0.436458 0.487963 0.435417 0.489815 0.433854 0.489815 0.433333 0.488889 0.432812 0.488889 0.410938 0.450000 0.410417 0.450000 0.405729 0.441667 0.405208 0.441667 0.403646 0.438889 0.400521 0.438889 0.398958 0.441667 0.398958 0.443519 0.399479 0.444444 0.399479 0.445370 0.400521 0.447222 0.400521 0.448148 0.419792 0.482407 0.419792 0.483333 0.435937 0.512037 0.436458 0.512037 0.437500 0.513889 0.439063 0.513889 0.440625 0.511111 0.441146 0.511111 0.448958 0.497222 0.449479 0.497222 0.464062 0.471296 0.464583 0.471296 0.482292 0.439815 0.482292 0.436111 0.481250 0.434259
0 0.530990 0.478704 0.079687 0.081481 0.493229 0.437963 0.492708 0.438889 0.492708 0.439815 0.492188 0.440741 0.492188 0.442593 0.491667 0.443519 0.491667 0.445370 0.491146 0.446296 0.491146 0.450000 0.491667 0.450926 0.491667 0.451852 0.496875 0.461111 0.496875 0.462037 0.528646 0.518519 0.529167 0.518519 0.529687 0.519444 0.531250 0.519444 0.531771 0.518519 0.532292 0.518519 0.536458 0.511111 0.536979 0.511111 0.570312 0.451852 0.570312 0.450926 0.570833 0.450000 0.570833 0.449074 0.570312 0.448148 0.570312 0.447222 0.569271 0.445370 0.568750 0.445370 0.568229 0.444444 0.567187 0.444444 0.566667 0.443519 0.565625 0.445370 0.565104 0.445370 0.557813 0.458333 0.557292 0.458333 0.543750 0.482407 0.543229 0.482407 0.542188 0.484259 0.541667 0.484259 0.541146 0.483333 0.540625 0.483333 0.536458 0.475926 0.535937 0.475926 0.532813 0.481481 0.532292 0.481481 0.531771 0.482407 0.530208 0.482407 0.529687 0.481481 0.529167 0.481481 0.527604 0.478704 0.526563 0.480556 0.525521 0.480556 0.525000 0.481481 0.522917 0.481481 0.521875 0.483333 0.519792 0.483333 0.518750 0.481481 0.518229 0.481481 0.497396 0.444444 0.496875 0.444444
0 0.619531 0.480556 0.098437 0.083333 0.570833 0.438889 0.570312 0.439815 0.570312 0.440741 0.571875 0.440741 0.572396 0.441667 0.573438 0.441667 0.573958 0.442593 0.575521 0.442593 0.576042 0.443519 0.577604 0.443519 0.578125 0.444444 0.579167 0.444444 0.610417 0.500000 0.610417 0.500926 0.616667 0.512037 0.616667 0.512963 0.617188 0.512963 0.617708 0.513889 0.618229 0.513889 0.618750 0.514815 0.619271 0.514815 0.619792 0.515741 0.620313 0.515741 0.620833 0.516667 0.621354 0.516667 0.621875 0.517593 0.622396 0.517593 0.622917 0.518519 0.623437 0.518519 0.623958 0.519444 0.624479 0.519444 0.625000 0.520370 0.625521 0.520370 0.626042 0.521296 0.626563 0.521296 0.627083 0.522222 0.629167 0.522222 0.630208 0.520370 0.630729 0.520370 0.642188 0.500000 0.642708 0.500000 0.668750 0.453704 0.668750 0.449074 0.667708 0.447222 0.667188 0.447222 0.666667 0.446296 0.663542 0.446296 0.663021 0.445370 0.662500 0.446296 0.661979 0.446296 0.659375 0.450926 0.658854 0.450926 0.654687 0.458333 0.654167 0.458333 0.645312 0.474074 0.644792 0.474074 0.633854 0.493519 0.633333 0.493519 0.632812 0.494444 0.631771 0.494444 0.631250 0.493519 0.630208 0.493519 0.629687 0.492593 0.629167 0.492593 0.628646 0.491667 0.627604 0.491667 0.627083 0.490741 0.626042 0.490741 0.625521 0.489815 0.624479 0.489815 0.623958 0.488889 0.623437 0.488889 0.622917 0.487963 0.621875 0.487963 0.621354 0.487037 0.620313 0.487037 0.619792 0.486111 0.618750 0.486111 0.618229 0.485185 0.617708 0.485185 0.617188 0.484259 0.616146 0.484259 0.615625 0.483333 0.614583 0.483333 0.614062 0.482407 0.613542 0.482407 0.613021 0.481481 0.611979 0.481481 0.593750 0.449074 0.593229 0.449074 0.592187 0.447222 0.591667 0.447222 0.591146 0.446296 0.589063 0.446296 0.588542 0.445370 0.586979 0.445370 0.586458 0.444444 0.584896 0.444444 0.584375 0.443519 0.582812 0.443519 0.582292 0.442593 0.580729 0.442593 0.580208 0.441667 0.578646 0.441667 0.578125 0.440741 0.576562 0.440741 0.576042 0.439815 0.573958 0.439815 0.573438 0.438889
0 0.717969 0.500926 0.081771 0.075926 0.677083 0.462963 0.681771 0.471296 0.681771 0.472222 0.703646 0.511111 0.703646 0.512037 0.711458 0.525926 0.711458 0.526852 0.711979 0.527778 0.711979 0.531481 0.710938 0.533333 0.710417 0.533333 0.710938 0.534259 0.711979 0.534259 0.712500 0.535185 0.713542 0.535185 0.714063 0.536111 0.715104 0.536111 0.715625 0.537037 0.716667 0.537037 0.717187 0.537963 0.717708 0.537963 0.718229 0.538889 0.719271 0.538889 0.719792 0.537963 0.720313 0.537963 0.722917 0.533333 0.723437 0.533333 0.740625 0.502778 0.741146 0.502778 0.758333 0.472222 0.758333 0.471296 0.758854 0.470370 0.758854 0.467593 0.757292 0.464815 0.755208 0.464815 0.754687 0.463889 0.736458 0.496296 0.735938 0.496296 0.728125 0.510185 0.727604 0.510185 0.726562 0.512037 0.725000 0.512037 0.724479 0.511111 0.723437 0.511111 0.722917 0.510185 0.721354 0.510185 0.720833 0.509259 0.719271 0.509259 0.718750 0.508333 0.717187 0.508333 0.716667 0.507407 0.715104 0.507407 0.714583 0.506481 0.713021 0.506481 0.712500 0.505556 0.710938 0.505556 0.710417 0.504630 0.708854 0.504630 0.708333 0.503704 0.707292 0.503704 0.706771 0.502778 0.705729 0.502778 0.704167 0.500000 0.703646 0.500000 0.692187 0.479630 0.692187 0.478704 0.686458 0.468519 0.685937 0.468519 0.684375 0.465741 0.683854 0.465741 0.683333 0.464815 0.681771 0.464815 0.681250 0.463889 0.678646 0.463889 0.678125 0.462963
0 0.316406 0.448148 0.084896 0.074074 0.312500 0.411111 0.311458 0.412963 0.310937 0.412963 0.280208 0.467593 0.279687 0.467593 0.277604 0.471296 0.277604 0.472222 0.274479 0.477778 0.274479 0.478704 0.273958 0.479630 0.273958 0.481481 0.276042 0.485185 0.276562 0.485185 0.288021 0.464815 0.288542 0.464815 0.293750 0.455556 0.294271 0.455556 0.294792 0.454630 0.297396 0.454630 0.297917 0.453704 0.301563 0.453704 0.302083 0.452778 0.306250 0.452778 0.306771 0.451852 0.310417 0.451852 0.310937 0.450926 0.311458 0.450926 0.312500 0.449074 0.313021 0.449074 0.313542 0.448148 0.315625 0.448148 0.316146 0.447222 0.315625 0.446296 0.315625 0.442593 0.317188 0.439815 0.320312 0.439815 0.320833 0.438889 0.321875 0.438889 0.323958 0.442593 0.324479 0.442593 0.333333 0.458333 0.333854 0.458333 0.341146 0.471296 0.341146 0.472222 0.345313 0.479630 0.345833 0.479630 0.348438 0.484259 0.348958 0.484259 0.349479 0.485185 0.352083 0.485185 0.352604 0.484259 0.354167 0.484259 0.354687 0.483333 0.355729 0.483333 0.356250 0.482407 0.356771 0.482407 0.356771 0.481481 0.358854 0.477778 0.358854 0.476852 0.358333 0.476852 0.357812 0.477778 0.356250 0.477778 0.355729 0.478704 0.354167 0.478704 0.353646 0.479630 0.352083 0.479630 0.351042 0.477778 0.350521 0.477778 0.322396 0.427778 0.322396 0.426852 0.313542 0.411111
0 0.401823 0.450926 0.089063 0.075926 0.396875 0.412963 0.396354 0.413889 0.395833 0.413889 0.392708 0.419444 0.392188 0.419444 0.364063 0.469444 0.363542 0.469444 0.359375 0.476852 0.359375 0.477778 0.357292 0.481481 0.357292 0.484259 0.357812 0.485185 0.357812 0.486111 0.358333 0.487037 0.358854 0.487037 0.359375 0.487963 0.360417 0.487963 0.360938 0.487037 0.361979 0.487037 0.362500 0.486111 0.364063 0.486111 0.364583 0.485185 0.365104 0.485185 0.367188 0.481481 0.367708 0.481481 0.372917 0.472222 0.373437 0.472222 0.388021 0.446296 0.388542 0.446296 0.391667 0.440741 0.393229 0.440741 0.393750 0.439815 0.396875 0.439815 0.397396 0.438889 0.400000 0.438889 0.400521 0.437963 0.403646 0.437963 0.405208 0.440741 0.405729 0.440741 0.410417 0.449074 0.410938 0.449074 0.432812 0.487963 0.433333 0.487963 0.433854 0.488889 0.435417 0.488889 0.436458 0.487037 0.436979 0.487037 0.438021 0.485185 0.438542 0.485185 0.439583 0.483333 0.440104 0.483333 0.440625 0.482407 0.441146 0.482407 0.442188 0.480556 0.442708 0.480556 0.443229 0.479630 0.442708 0.478704 0.442708 0.475926 0.443750 0.474074 0.443750 0.473148 0.446354 0.468519 0.445833 0.469444 0.445312 0.469444 0.444271 0.471296 0.443750 0.471296 0.443229 0.472222 0.442708 0.472222 0.441667 0.474074 0.441146 0.474074 0.440625 0.475000 0.440104 0.475000 0.439583 0.475926 0.438021 0.475926 0.436458 0.473148 0.435937 0.473148 0.419792 0.444444 0.419792 0.443519 0.402604 0.412963
0 0.483073 0.444444 0.079687 0.075926 0.483333 0.406481 0.482812 0.407407 0.482292 0.407407 0.481771 0.408333 0.481250 0.408333 0.461979 0.442593 0.461458 0.442593 0.444271 0.473148 0.444271 0.474074 0.443229 0.475926 0.443229 0.478704 0.443750 0.479630 0.443750 0.480556 0.444271 0.481481 0.444792 0.481481 0.445312 0.482407 0.446354 0.482407 0.447917 0.479630 0.448437 0.479630 0.449479 0.477778 0.450000 0.477778 0.451562 0.475000 0.452083 0.475000 0.453646 0.472222 0.454167 0.472222 0.455729 0.469444 0.456250 0.469444 0.457813 0.466667 0.458333 0.466667 0.471875 0.442593 0.472396 0.442593 0.477604 0.433333 0.478125 0.433333 0.480729 0.428704 0.481250 0.428704 0.482292 0.426852 0.484896 0.426852 0.485417 0.427778 0.485938 0.427778 0.486458 0.428704 0.486979 0.428704 0.487500 0.429630 0.488021 0.429630 0.489063 0.431481 0.489583 0.431481 0.491667 0.435185 0.492188 0.435185 0.496875 0.443519 0.497396 0.443519 0.518229 0.480556 0.518750 0.480556 0.519792 0.482407 0.521875 0.482407 0.522917 0.480556 0.522917 0.476852 0.522396 0.475926 0.522396 0.475000 0.521354 0.473148 0.521354 0.472222 0.520312 0.470370 0.520312 0.469444 0.519271 0.467593 0.519271 0.466667 0.518229 0.464815 0.518229 0.463889 0.517188 0.462037 0.517188 0.461111 0.496875 0.425000 0.496875 0.424074 0.489063 0.410185 0.488542 0.410185 0.487500 0.408333 0.486458 0.408333 0.485938 0.407407 0.483854 0.407407
0 0.578125 0.445370 0.083333 0.075926 0.570833 0.407407 0.571875 0.409259 0.571875 0.412037 0.571354 0.412963 0.571354 0.413889 0.546875 0.457407 0.546354 0.457407 0.536458 0.475000 0.540625 0.482407 0.541146 0.482407 0.541667 0.483333 0.542188 0.483333 0.543229 0.481481 0.543750 0.481481 0.557292 0.457407 0.557813 0.457407 0.565104 0.444444 0.565625 0.444444 0.569792 0.437037 0.570312 0.437037 0.572396 0.433333 0.575521 0.438889 0.576042 0.438889 0.576562 0.439815 0.578125 0.439815 0.578646 0.440741 0.580208 0.440741 0.580729 0.441667 0.582292 0.441667 0.582812 0.442593 0.584375 0.442593 0.584896 0.443519 0.586458 0.443519 0.586979 0.444444 0.588542 0.444444 0.589063 0.445370 0.591146 0.445370 0.591667 0.446296 0.592187 0.446296 0.593229 0.448148 0.593750 0.448148 0.611458 0.479630 0.611979 0.479630 0.612500 0.480556 0.613542 0.480556 0.614062 0.481481 0.615104 0.481481 0.615625 0.482407 0.616667 0.482407 0.617188 0.483333 0.617708 0.483333 0.618229 0.482407 0.618750 0.482407 0.619792 0.480556 0.619792 0.477778 0.619271 0.476852 0.619271 0.475926 0.611979 0.462963 0.611979 0.462037 0.581250 0.407407
0 0.660677 0.455556 0.097396 0.075926 0.666667 0.417593 0.656250 0.436111 0.655729 0.436111 0.632292 0.477778 0.631771 0.477778 0.628646 0.483333 0.628125 0.483333 0.627604 0.484259 0.627083 0.484259 0.626563 0.483333 0.625521 0.483333 0.625000 0.482407 0.623958 0.482407 0.623437 0.481481 0.622396 0.481481 0.621875 0.480556 0.620833 0.480556 0.620313 0.479630 0.620313 0.480556 0.618750 0.483333 0.618229 0.483333 0.617708 0.484259 0.618229 0.484259 0.618750 0.485185 0.619792 0.485185 0.620313 0.486111 0.621354 0.486111 0.621875 0.487037 0.622917 0.487037 0.623437 0.487963 0.623958 0.487963 0.624479 0.488889 0.625521 0.488889 0.626042 0.489815 0.627083 0.489815 0.627604 0.490741 0.628646 0.490741 0.629167 0.491667 0.629687 0.491667 0.630208 0.492593 0.631250 0.492593 0.631771 0.493519 0.632812 0.493519 0.633333 0.492593 0.633854 0.492593 0.644792 0.473148 0.645312 0.473148 0.654167 0.457407 0.654687 0.457407 0.658854 0.450000 0.659375 0.450000 0.661979 0.445370 0.662500 0.445370 0.663021 0.444444 0.663542 0.445370 0.666667 0.445370 0.667188 0.446296 0.667708 0.446296 0.669271 0.449074 0.669271 0.453704 0.668229 0.455556 0.670312 0.455556 0.670833 0.456481 0.672917 0.456481 0.674479 0.459259 0.675000 0.459259 0.676562 0.462037 0.678125 0.462037 0.678646 0.462963 0.681250 0.462963 0.681771 0.463889 0.683333 0.463889 0.683854 0.464815 0.684375 0.464815 0.685937 0.467593 0.686458 0.467593 0.692708 0.478704 0.692708 0.479630 0.698438 0.489815 0.699479 0.489815 0.700000 0.490741 0.701562 0.490741 0.702083 0.491667 0.703646 0.491667 0.704167 0.492593 0.706250 0.492593 0.706771 0.493519 0.707812 0.493519 0.708333 0.492593 0.708854 0.492593 0.709375 0.491667 0.709375 0.487963 0.708854 0.487037 0.708854 0.486111 0.706250 0.481481 0.706250 0.480556 0.686458 0.445370 0.686458 0.444444 0.672396 0.419444 0.671875 0.419444 0.671354 0.418519 0.669792 0.418519 0.669271 0.417593
0 0.357292 0.440278 0.089583 0.076852 0.314583 0.401852 0.314063 0.402778 0.313542 0.402778 0.312500 0.404630 0.312500 0.407407 0.313021 0.408333 0.313021 0.409259 0.322917 0.426852 0.322917 0.427778 0.350521 0.476852 0.351042 0.476852 0.352083 0.478704 0.353646 0.478704 0.354167 0.477778 0.355729 0.477778 0.356250 0.476852 0.357812 0.476852 0.358333 0.475926 0.359375 0.475926 0.363542 0.468519 0.364063 0.468519 0.392188 0.418519 0.392708 0.418519 0.395833 0.412963 0.396354 0.412963 0.396875 0.412037 0.402083 0.412037 0.400000 0.408333 0.400000 0.407407 0.399479 0.406481 0.399479 0.405556 0.398958 0.404630 0.398958 0.403704 0.395313 0.403704 0.394792 0.402778 0.390104 0.402778 0.389583 0.403704 0.389062 0.403704 0.374479 0.429630 0.373958 0.429630 0.366667 0.442593 0.366146 0.442593 0.362500 0.449074 0.361979 0.449074 0.361458 0.450000 0.359375 0.446296 0.356250 0.446296 0.355729 0.447222 0.352604 0.447222 0.352083 0.448148 0.350521 0.448148 0.349479 0.446296 0.348958 0.446296 0.331771 0.415741 0.331250 0.415741 0.324479 0.403704 0.323958 0.403704 0.323437 0.402778 0.315625 0.402778 0.315104 0.401852
0 0.441146 0.437963 0.083333 0.074074 0.400521 0.400926 0.400000 0.401852 0.400000 0.402778 0.399479 0.403704 0.399479 0.404630 0.400000 0.405556 0.400000 0.406481 0.400521 0.407407 0.400521 0.408333 0.420312 0.443519 0.420312 0.444444 0.435937 0.472222 0.436458 0.472222 0.438021 0.475000 0.439583 0.475000 0.440104 0.474074 0.440625 0.474074 0.441146 0.473148 0.441667 0.473148 0.442708 0.471296 0.443229 0.471296 0.443750 0.470370 0.444271 0.470370 0.445312 0.468519 0.445833 0.468519 0.446354 0.467593 0.446875 0.467593 0.461458 0.441667 0.461979 0.441667 0.481250 0.407407 0.481771 0.407407 0.482292 0.406481 0.482812 0.406481 0.482812 0.405556 0.481771 0.403704 0.481250 0.403704 0.480729 0.402778 0.479687 0.402778 0.479167 0.401852 0.477604 0.401852 0.477083 0.400926 0.475521 0.400926 0.475000 0.401852 0.474479 0.401852 0.460938 0.425926 0.460417 0.425926 0.452604 0.439815 0.452083 0.439815 0.448958 0.445370 0.448437 0.445370 0.447917 0.444444 0.445833 0.444444 0.445312 0.445370 0.444271 0.445370 0.443750 0.446296 0.442708 0.446296 0.442188 0.447222 0.440625 0.447222 0.440104 0.448148 0.439063 0.448148 0.438542 0.449074 0.437500 0.449074 0.436979 0.450000 0.434896 0.450000 0.434375 0.449074 0.433854 0.449074 0.415625 0.416667 0.415104 0.416667 0.408333 0.404630 0.407813 0.404630 0.405729 0.400926
0 0.531250 0.443981 0.080208 0.075000 0.492188 0.406481 0.491146 0.408333 0.491146 0.411111 0.491667 0.412037 0.491667 0.412963 0.494271 0.417593 0.494271 0.418519 0.529167 0.480556 0.529687 0.480556 0.530208 0.481481 0.531771 0.481481 0.532292 0.480556 0.532813 0.480556 0.546354 0.456481 0.546875 0.456481 0.570833 0.413889 0.570833 0.412963 0.571354 0.412037 0.571354 0.409259 0.569792 0.406481 0.565104 0.406481 0.558333 0.418519 0.557813 0.418519 0.543750 0.443519 0.543229 0.443519 0.542708 0.444444 0.542188 0.444444 0.541667 0.445370 0.541146 0.444444 0.540625 0.444444 0.540104 0.443519 0.539583 0.443519 0.539062 0.442593 0.538542 0.442593 0.538021 0.441667 0.537500 0.441667 0.536979 0.440741 0.536458 0.440741 0.535937 0.439815 0.535417 0.439815 0.533854 0.442593 0.533333 0.442593 0.532292 0.444444 0.531250 0.444444 0.530729 0.445370 0.530208 0.445370 0.528646 0.448148 0.528125 0.448148 0.527083 0.450000 0.526042 0.450000 0.525521 0.450926 0.522917 0.450926 0.522396 0.450000 0.521354 0.450000 0.520312 0.448148 0.519792 0.448148 0.518229 0.445370 0.517708 0.445370 0.514062 0.438889 0.513542 0.438889 0.495833 0.407407 0.495312 0.407407 0.494792 0.406481
0 0.624740 0.445370 0.085938 0.075926 0.581771 0.407407 0.612500 0.462037 0.612500 0.462963 0.619792 0.475926 0.619792 0.476852 0.620313 0.477778 0.620313 0.478704 0.620833 0.479630 0.621875 0.479630 0.622396 0.480556 0.623437 0.480556 0.623958 0.481481 0.625000 0.481481 0.625521 0.482407 0.626563 0.482407 0.627083 0.483333 0.627604 0.483333 0.628125 0.482407 0.628646 0.482407 0.631771 0.476852 0.632292 0.476852 0.655729 0.435185 0.656250 0.435185 0.666667 0.416667 0.666667 0.415741 0.667708 0.413889 0.667708 0.411111 0.667188 0.410185 0.667188 0.409259 0.666667 0.408333 0.666146 0.408333 0.665625 0.407407 0.660937 0.407407 0.659896 0.409259 0.659375 0.409259 0.656250 0.414815 0.655729 0.414815 0.650521 0.424074 0.650000 0.424074 0.634896 0.450926 0.634375 0.450926 0.632292 0.454630 0.631771 0.454630 0.631250 0.455556 0.630729 0.455556 0.630208 0.454630 0.628125 0.454630 0.627604 0.453704 0.625521 0.453704 0.625000 0.452778 0.622917 0.452778 0.622396 0.451852 0.620313 0.451852 0.619792 0.450926 0.617708 0.450926 0.617188 0.450000 0.615625 0.450000 0.607292 0.435185 0.606771 0.435185 0.606250 0.434259 0.606250 0.433333 0.593750 0.411111 0.593229 0.411111 0.591667 0.408333 0.591146 0.408333 0.590625 0.407407
0 0.723958 0.470833 0.084375 0.080556 0.709375 0.430556 0.706771 0.435185 0.706250 0.435185 0.703646 0.439815 0.705208 0.442593 0.705208 0.443519 0.707812 0.448148 0.707812 0.452778 0.706771 0.454630 0.706250 0.454630 0.705729 0.455556 0.704167 0.455556 0.703646 0.454630 0.701042 0.454630 0.691667 0.437963 0.691146 0.437963 0.690625 0.437037 0.690104 0.437037 0.689583 0.436111 0.684375 0.436111 0.683854 0.435185 0.681771 0.435185 0.686979 0.444444 0.686979 0.445370 0.706771 0.480556 0.706771 0.481481 0.709375 0.486111 0.709375 0.487037 0.709896 0.487963 0.709896 0.491667 0.708854 0.493519 0.708333 0.493519 0.707812 0.494444 0.706771 0.494444 0.706250 0.493519 0.704167 0.493519 0.703646 0.492593 0.702083 0.492593 0.701562 0.491667 0.700000 0.491667 0.699479 0.490741 0.698958 0.490741 0.703646 0.499074 0.704167 0.499074 0.705729 0.501852 0.706771 0.501852 0.707292 0.502778 0.708333 0.502778 0.708854 0.503704 0.710417 0.503704 0.710938 0.504630 0.712500 0.504630 0.713021 0.505556 0.714583 0.505556 0.715104 0.506481 0.716667 0.506481 0.717187 0.507407 0.718750 0.507407 0.719271 0.508333 0.720833 0.508333 0.721354 0.509259 0.722917 0.509259 0.723437 0.510185 0.724479 0.510185 0.725000 0.511111 0.726562 0.511111 0.727604 0.509259 0.728125 0.509259 0.735938 0.495370 0.736458 0.495370 0.755208 0.462037 0.755729 0.462037 0.765104 0.445370 0.765104 0.444444 0.766146 0.442593 0.766146 0.439815 0.765625 0.438889 0.765625 0.437963 0.765104 0.437037 0.764583 0.437037 0.764062 0.436111 0.756771 0.436111 0.756250 0.435185 0.747917 0.435185 0.747396 0.434259 0.739583 0.434259 0.739062 0.433333 0.731250 0.433333 0.730729 0.432407 0.722917 0.432407 0.722396 0.431481 0.714583 0.431481 0.714063 0.430556
0 0.317969 0.410185 0.085938 0.074074 0.313542 0.373148 0.313021 0.374074 0.312500 0.374074 0.290625 0.412963 0.290104 0.412963 0.278646 0.433333 0.278646 0.434259 0.275521 0.439815 0.275521 0.440741 0.275000 0.441667 0.275521 0.442593 0.275521 0.444444 0.276562 0.446296 0.277083 0.446296 0.277604 0.447222 0.278125 0.446296 0.279687 0.446296 0.291146 0.425926 0.291667 0.425926 0.292187 0.425000 0.300000 0.425000 0.300521 0.424074 0.304167 0.424074 0.310937 0.412037 0.311458 0.412037 0.312500 0.410185 0.313021 0.410185 0.312500 0.409259 0.312500 0.408333 0.311979 0.407407 0.311979 0.404630 0.313542 0.401852 0.314063 0.401852 0.314583 0.400926 0.315104 0.400926 0.315625 0.401852 0.323437 0.401852 0.323958 0.402778 0.324479 0.402778 0.331250 0.414815 0.331771 0.414815 0.348958 0.445370 0.349479 0.445370 0.350521 0.447222 0.352083 0.447222 0.352604 0.446296 0.355729 0.446296 0.356250 0.445370 0.358854 0.445370 0.358854 0.443519 0.359375 0.442593 0.359375 0.441667 0.360938 0.438889 0.359375 0.438889 0.358854 0.439815 0.355208 0.439815 0.354687 0.438889 0.354167 0.438889 0.317708 0.374074 0.317708 0.373148
0 0.402344 0.412037 0.085938 0.074074 0.397917 0.375000 0.396875 0.376852 0.396354 0.376852 0.365625 0.431481 0.365104 0.431481 0.363021 0.435185 0.363021 0.436111 0.359896 0.441667 0.359896 0.442593 0.359375 0.443519 0.359375 0.445370 0.361458 0.449074 0.361979 0.448148 0.362500 0.448148 0.366146 0.441667 0.366667 0.441667 0.373958 0.428704 0.374479 0.428704 0.389062 0.402778 0.389583 0.402778 0.390104 0.401852 0.394792 0.401852 0.395313 0.402778 0.399479 0.402778 0.399479 0.401852 0.400521 0.400000 0.405729 0.400000 0.407813 0.403704 0.408333 0.403704 0.415104 0.415741 0.415625 0.415741 0.433854 0.448148 0.434375 0.448148 0.434896 0.449074 0.436979 0.449074 0.437500 0.448148 0.438542 0.448148 0.439063 0.447222 0.440104 0.447222 0.440625 0.446296 0.442188 0.446296 0.442708 0.445370 0.443750 0.445370 0.444271 0.444444 0.445312 0.444444 0.444792 0.443519 0.444271 0.443519 0.443750 0.442593 0.443750 0.441667 0.443229 0.440741 0.443229 0.439815 0.442708 0.438889 0.443229 0.437963 0.443229 0.437037 0.443750 0.436111 0.442708 0.436111 0.442188 0.437037 0.440104 0.437037 0.439583 0.437963 0.438542 0.437963 0.438021 0.437037 0.437500 0.437037 0.403125 0.375926 0.401042 0.375926 0.400521 0.375000
0 0.483073 0.406019 0.079687 0.075000 0.482812 0.368519 0.482292 0.369444 0.481771 0.369444 0.477604 0.376852 0.477083 0.376852 0.444271 0.435185 0.444271 0.436111 0.443750 0.437037 0.443750 0.437963 0.443229 0.438889 0.443750 0.439815 0.443750 0.440741 0.444271 0.441667 0.444271 0.442593 0.444792 0.442593 0.445312 0.443519 0.446875 0.443519 0.447396 0.442593 0.448437 0.442593 0.448958 0.441667 0.450000 0.441667 0.450521 0.440741 0.451042 0.440741 0.452083 0.438889 0.452604 0.438889 0.460417 0.425000 0.460938 0.425000 0.474479 0.400926 0.475000 0.400926 0.475521 0.400000 0.477083 0.400000 0.477604 0.400926 0.479167 0.400926 0.480729 0.398148 0.481250 0.398148 0.482292 0.396296 0.482812 0.396296 0.483854 0.394444 0.484375 0.394444 0.484896 0.393519 0.488542 0.393519 0.489063 0.394444 0.489583 0.394444 0.490104 0.395370 0.490625 0.395370 0.491667 0.397222 0.492188 0.397222 0.495312 0.402778 0.495833 0.402778 0.514583 0.436111 0.515104 0.436111 0.518229 0.441667 0.518750 0.441667 0.519792 0.443519 0.521875 0.443519 0.522917 0.441667 0.522917 0.437963 0.522396 0.437037 0.522396 0.436111 0.511458 0.416667 0.511458 0.415741 0.485417 0.369444 0.484896 0.369444 0.484375 0.368519
0 0.577604 0.406481 0.083333 0.075926 0.578125 0.368519 0.577604 0.369444 0.576562 0.369444 0.576042 0.370370 0.574479 0.370370 0.573958 0.371296 0.572917 0.371296 0.572917 0.373148 0.571875 0.375000 0.571875 0.375926 0.552083 0.411111 0.551562 0.411111 0.535937 0.438889 0.536458 0.439815 0.536979 0.439815 0.537500 0.440741 0.538021 0.440741 0.538542 0.441667 0.539062 0.441667 0.539583 0.442593 0.540104 0.442593 0.540625 0.443519 0.541146 0.443519 0.541667 0.444444 0.542188 0.443519 0.542708 0.443519 0.543229 0.442593 0.543750 0.442593 0.557813 0.417593 0.558333 0.417593 0.565625 0.404630 0.566146 0.404630 0.569792 0.398148 0.573958 0.405556 0.574479 0.405556 0.575000 0.406481 0.590625 0.406481 0.591146 0.407407 0.591667 0.407407 0.593229 0.410185 0.593750 0.410185 0.606771 0.433333 0.606771 0.434259 0.607292 0.434259 0.611979 0.442593 0.613542 0.442593 0.614062 0.443519 0.616667 0.443519 0.617188 0.444444 0.617708 0.443519 0.618750 0.443519 0.619271 0.442593 0.619271 0.437963 0.618229 0.436111 0.618229 0.435185 0.603125 0.408333 0.603125 0.407407 0.581771 0.369444 0.581250 0.369444 0.580729 0.368519
0 0.659896 0.417130 0.094792 0.075000 0.667708 0.379630 0.667188 0.380556 0.665625 0.380556 0.652083 0.404630 0.651563 0.404630 0.630729 0.441667 0.630208 0.441667 0.628646 0.444444 0.628125 0.444444 0.627604 0.445370 0.626042 0.445370 0.625521 0.444444 0.622917 0.444444 0.622396 0.443519 0.619271 0.443519 0.618750 0.444444 0.617708 0.444444 0.617188 0.445370 0.616667 0.444444 0.614062 0.444444 0.613542 0.443519 0.612500 0.443519 0.615625 0.449074 0.617188 0.449074 0.617708 0.450000 0.619792 0.450000 0.620313 0.450926 0.622396 0.450926 0.622917 0.451852 0.625000 0.451852 0.625521 0.452778 0.627604 0.452778 0.628125 0.453704 0.630208 0.453704 0.630729 0.454630 0.631250 0.454630 0.631771 0.453704 0.632292 0.453704 0.634375 0.450000 0.634896 0.450000 0.650000 0.423148 0.650521 0.423148 0.655729 0.413889 0.656250 0.413889 0.659375 0.408333 0.659896 0.408333 0.660937 0.406481 0.665625 0.406481 0.666146 0.407407 0.666667 0.407407 0.667708 0.409259 0.667708 0.410185 0.668229 0.411111 0.668229 0.413889 0.667188 0.415741 0.667188 0.416667 0.669271 0.416667 0.669792 0.417593 0.671354 0.417593 0.671875 0.418519 0.672396 0.418519 0.681250 0.434259 0.683854 0.434259 0.684375 0.435185 0.689583 0.435185 0.690104 0.436111 0.690625 0.436111 0.691146 0.437037 0.691667 0.437037 0.701042 0.453704 0.703646 0.453704 0.704167 0.454630 0.705729 0.454630 0.706250 0.453704 0.706771 0.453704 0.707292 0.452778 0.707292 0.448148 0.704688 0.443519 0.704688 0.442593 0.686458 0.410185 0.686458 0.409259 0.670312 0.380556 0.669792 0.380556 0.669271 0.379630