0 0.274740 0.560648 0.088021 0.075000 0.237500 0.523148 0.236979 0.524074 0.235417 0.524074 0.234896 0.525000 0.233854 0.525000 0.233333 0.525926 0.232292 0.525926 0.231771 0.526852 0.231250 0.526852 0.230729 0.527778 0.230729 0.532407 0.231250 0.533333 0.231250 0.534259 0.251563 0.570370 0.252083 0.570370 0.266667 0.596296 0.267188 0.596296 0.268229 0.598148 0.274479 0.598148 0.275521 0.596296 0.276042 0.596296 0.276562 0.595370 0.277083 0.595370 0.278125 0.593519 0.278646 0.593519 0.279167 0.592593 0.279687 0.592593 0.280729 0.590741 0.281250 0.590741 0.282292 0.588889 0.282813 0.588889 0.283333 0.587963 0.283854 0.587963 0.284896 0.586111 0.285417 0.586111 0.285938 0.585185 0.286458 0.585185 0.287500 0.583333 0.288021 0.583333 0.289062 0.581481 0.289583 0.581481 0.290104 0.580556 0.290625 0.580556 0.291667 0.578704 0.292187 0.578704 0.292708 0.577778 0.293229 0.577778 0.294271 0.575926 0.294792 0.575926 0.295833 0.574074 0.296354 0.574074 0.296875 0.573148 0.297396 0.573148 0.298438 0.571296 0.298958 0.571296 0.299479 0.570370 0.300000 0.570370 0.301042 0.568519 0.301563 0.568519 0.302604 0.566667 0.303125 0.566667 0.303646 0.565741 0.304167 0.565741 0.305208 0.563889 0.305729 0.563889 0.306250 0.562963 0.306771 0.562963 0.310937 0.555556 0.311458 0.555556 0.318750 0.542593 0.318750 0.539815 0.317708 0.537963 0.317708 0.537037 0.316667 0.535185 0.316667 0.534259 0.315625 0.532407 0.315625 0.531481 0.314583 0.529630 0.314583 0.528704 0.313542 0.526852 0.313542 0.525926 0.313021 0.525000 0.313021 0.524074 0.312500 0.523148 0.310937 0.523148 0.310417 0.524074 0.309375 0.524074 0.308854 0.525000 0.308333 0.525000 0.307812 0.525926 0.307292 0.525926 0.305208 0.529630 0.304688 0.529630 0.294792 0.547222 0.294271 0.547222 0.293750 0.548148 0.292708 0.548148 0.292187 0.549074 0.291667 0.549074 0.291146 0.550000 0.290625 0.550000 0.290104 0.550926 0.289062 0.550926 0.288542 0.551852 0.288021 0.551852 0.287500 0.552778 0.286979 0.552778 0.286458 0.553704 0.285417 0.553704 0.284896 0.554630 0.284375 0.554630 0.283854 0.555556 0.283333 0.555556 0.282813 0.556481 0.282292 0.556481 0.281771 0.557407 0.280729 0.557407 0.280208 0.558333 0.279687 0.558333 0.279167 0.559259 0.278646 0.559259 0.278125 0.560185 0.277083 0.560185 0.276562 0.561111 0.276042 0.561111 0.275521 0.562037 0.275000 0.562037 0.274479 0.562963 0.273438 0.562963 0.272917 0.563889 0.272396 0.563889 0.271875 0.564815 0.270313 0.564815 0.268750 0.562037 0.268750 0.560185 0.268229 0.559259 0.266667 0.559259 0.266146 0.560185 0.265104 0.560185 0.264583 0.561111 0.261979 0.561111 0.240625 0.523148
0 0.267969 0.521296 0.089063 0.079630 0.312500 0.481481 0.311979 0.482407 0.310417 0.482407 0.309896 0.483333 0.307812 0.483333 0.307292 0.484259 0.305729 0.484259 0.305208 0.485185 0.303646 0.485185 0.303125 0.486111 0.301563 0.486111 0.301042 0.487037 0.300000 0.487037 0.299479 0.487963 0.298958 0.487963 0.285938 0.511111 0.285417 0.511111 0.279167 0.522222 0.278646 0.522222 0.278125 0.523148 0.277083 0.523148 0.276562 0.524074 0.275521 0.524074 0.275000 0.523148 0.272917 0.523148 0.272396 0.524074 0.271354 0.524074 0.270833 0.525000 0.269792 0.525000 0.269271 0.525926 0.267708 0.525926 0.267188 0.526852 0.266146 0.526852 0.265625 0.527778 0.264583 0.527778 0.264062 0.528704 0.263021 0.528704 0.262500 0.529630 0.260937 0.529630 0.260417 0.530556 0.259375 0.530556 0.258854 0.531481 0.257812 0.531481 0.257292 0.532407 0.255208 0.532407 0.252604 0.527778 0.252083 0.527778 0.228125 0.485185 0.226562 0.485185 0.226042 0.486111 0.224479 0.486111 0.223438 0.487963 0.223438 0.491667 0.223958 0.492593 0.223958 0.493519 0.261458 0.560185 0.261979 0.560185 0.262500 0.561111 0.264062 0.561111 0.264583 0.560185 0.265625 0.560185 0.266146 0.559259 0.266667 0.559259 0.267188 0.558333 0.268229 0.558333 0.268229 0.557407 0.291667 0.515741 0.292187 0.515741 0.306250 0.490741 0.306771 0.490741 0.307812 0.488889 0.308333 0.488889 0.308854 0.487963 0.310417 0.487963 0.310937 0.487037 0.311979 0.487037 0.311979 0.482407
0 0.262760 0.491667 0.094271 0.079630 0.309375 0.451852 0.308854 0.452778 0.305208 0.452778 0.304688 0.453704 0.301563 0.453704 0.301042 0.454630 0.297396 0.454630 0.296875 0.455556 0.294271 0.455556 0.293750 0.456481 0.293229 0.456481 0.292187 0.458333 0.291667 0.458333 0.277083 0.484259 0.276562 0.484259 0.270313 0.495370 0.269792 0.495370 0.269271 0.496296 0.267188 0.496296 0.266667 0.497222 0.265104 0.497222 0.264583 0.498148 0.263021 0.498148 0.262500 0.499074 0.260417 0.499074 0.259896 0.500000 0.258333 0.500000 0.257812 0.500926 0.255729 0.500926 0.255208 0.501852 0.253125 0.501852 0.251042 0.498148 0.250521 0.498148 0.225521 0.453704 0.224479 0.453704 0.223958 0.454630 0.218750 0.454630 0.218229 0.455556 0.216667 0.455556 0.215625 0.457407 0.215625 0.461111 0.217188 0.463889 0.217188 0.464815 0.252083 0.526852 0.252604 0.526852 0.255208 0.531481 0.257292 0.531481 0.257812 0.530556 0.258854 0.530556 0.259375 0.529630 0.260417 0.529630 0.260937 0.528704 0.262500 0.528704 0.263021 0.527778 0.264062 0.527778 0.264583 0.526852 0.265625 0.526852 0.266146 0.525926 0.267188 0.525926 0.267708 0.525000 0.269271 0.525000 0.269792 0.524074 0.270833 0.524074 0.271354 0.523148 0.272396 0.523148 0.272917 0.522222 0.273958 0.522222 0.273438 0.521296 0.273438 0.520370 0.272917 0.519444 0.272917 0.516667 0.273958 0.514815 0.273958 0.513889 0.283854 0.496296 0.284375 0.496296 0.308854 0.452778 0.309375 0.452778 0.309896 0.451852
0 0.258073 0.462963 0.089063 0.075926 0.299479 0.425000 0.298958 0.425926 0.291146 0.425926 0.290625 0.426852 0.290104 0.426852 0.280208 0.444444 0.279687 0.444444 0.268750 0.463889 0.268229 0.463889 0.265625 0.468519 0.264583 0.468519 0.264062 0.469444 0.260937 0.469444 0.260417 0.470370 0.257292 0.470370 0.256771 0.471296 0.254167 0.471296 0.253646 0.472222 0.250521 0.472222 0.250000 0.473148 0.246354 0.473148 0.245833 0.472222 0.245312 0.472222 0.241667 0.465741 0.241146 0.465741 0.218750 0.425926 0.215104 0.425926 0.214062 0.427778 0.214062 0.428704 0.213542 0.429630 0.214062 0.430556 0.214062 0.431481 0.214583 0.432407 0.214583 0.433333 0.250521 0.497222 0.251042 0.497222 0.253125 0.500926 0.255208 0.500926 0.255729 0.500000 0.257812 0.500000 0.258333 0.499074 0.259896 0.499074 0.260417 0.498148 0.262500 0.498148 0.263021 0.497222 0.264583 0.497222 0.265104 0.496296 0.266667 0.496296 0.267188 0.495370 0.269271 0.495370 0.269792 0.494444 0.270313 0.494444 0.275000 0.486111 0.274479 0.486111 0.273958 0.485185 0.273438 0.485185 0.272396 0.483333 0.272396 0.482407 0.271875 0.481481 0.271875 0.480556 0.272396 0.479630 0.272396 0.478704 0.272917 0.477778 0.272917 0.476852 0.294271 0.438889 0.294792 0.438889 0.302604 0.425000
0 0.251823 0.434259 0.091146 0.075926 0.283854 0.396296 0.273438 0.414815 0.272917 0.414815 0.266667 0.403704 0.266146 0.403704 0.264583 0.400926 0.264062 0.400926 0.263542 0.400000 0.250521 0.400000 0.250000 0.399074 0.234896 0.399074 0.234375 0.398148 0.219271 0.398148 0.218750 0.397222 0.207292 0.397222 0.206250 0.399074 0.206250 0.402778 0.207813 0.405556 0.207813 0.406481 0.216146 0.421296 0.216667 0.421296 0.241146 0.464815 0.241667 0.464815 0.245312 0.471296 0.245833 0.471296 0.246354 0.472222 0.250000 0.472222 0.250521 0.471296 0.253646 0.471296 0.254167 0.470370 0.256771 0.470370 0.257292 0.469444 0.260417 0.469444 0.260937 0.468519 0.264062 0.468519 0.264583 0.467593 0.265625 0.467593 0.268229 0.462963 0.268750 0.462963 0.277604 0.447222 0.277083 0.448148 0.276042 0.448148 0.275521 0.447222 0.275000 0.447222 0.273438 0.444444 0.273438 0.443519 0.272917 0.442593 0.272917 0.441667 0.273438 0.440741 0.273438 0.439815 0.297396 0.397222 0.288021 0.397222 0.287500 0.396296
0 0.359115 0.401389 0.086979 0.075000 0.317188 0.363889 0.316667 0.364815 0.316146 0.364815 0.315625 0.365741 0.315625 0.369444 0.316146 0.370370 0.316146 0.371296 0.324479 0.386111 0.324479 0.387037 0.351562 0.435185 0.352083 0.435185 0.354167 0.438889 0.358333 0.438889 0.358854 0.437963 0.360417 0.437963 0.377604 0.407407 0.378125 0.407407 0.396354 0.375000 0.396875 0.375000 0.397396 0.374074 0.400000 0.374074 0.400521 0.375000 0.401562 0.375000 0.402083 0.375926 0.402604 0.375926 0.402604 0.375000 0.398958 0.368519 0.398958 0.367593 0.397917 0.367593 0.397396 0.366667 0.396354 0.366667 0.395833 0.365741 0.394271 0.365741 0.393750 0.364815 0.391667 0.364815 0.390625 0.366667 0.390104 0.366667 0.373437 0.396296 0.372917 0.396296 0.368750 0.403704 0.367188 0.400926 0.366667 0.400926 0.352083 0.375000 0.351562 0.375000 0.351042 0.374074 0.349479 0.374074 0.348958 0.373148 0.346354 0.373148 0.345833 0.372222 0.343229 0.372222 0.342708 0.371296 0.340104 0.371296 0.339583 0.370370 0.337500 0.370370 0.336979 0.369444 0.334375 0.369444 0.333854 0.368519 0.331250 0.368519 0.330729 0.367593 0.328125 0.367593 0.327604 0.366667 0.325000 0.366667 0.324479 0.365741 0.321875 0.365741 0.321354 0.364815 0.318750 0.364815 0.318229 0.363889
0 0.438802 0.399537 0.079687 0.075000 0.400521 0.362037 0.400000 0.362963 0.399479 0.362963 0.399479 0.363889 0.398958 0.364815 0.398958 0.366667 0.399479 0.367593 0.399479 0.368519 0.403125 0.375000 0.403125 0.375926 0.436458 0.435185 0.436979 0.435185 0.438021 0.437037 0.439583 0.437037 0.440104 0.436111 0.440625 0.436111 0.441146 0.435185 0.442188 0.435185 0.442708 0.434259 0.443750 0.434259 0.444271 0.433333 0.444792 0.433333 0.477604 0.375000 0.478125 0.375000 0.478646 0.374074 0.478646 0.365741 0.478125 0.364815 0.478125 0.363889 0.477604 0.362963 0.477083 0.362963 0.476562 0.362037 0.475521 0.362037 0.474479 0.363889 0.473958 0.363889 0.457813 0.392593 0.457292 0.392593 0.451042 0.403704 0.450521 0.403704 0.447396 0.409259 0.446875 0.409259 0.445312 0.412037 0.444792 0.412037 0.443750 0.413889 0.442708 0.413889 0.441146 0.411111 0.440625 0.411111 0.437500 0.405556 0.436979 0.405556 0.419271 0.374074 0.418750 0.374074 0.417708 0.372222 0.416667 0.372222 0.416146 0.371296 0.415625 0.371296 0.415104 0.370370 0.414062 0.370370 0.413542 0.369444 0.412500 0.369444 0.411979 0.368519 0.411458 0.368519 0.410938 0.367593 0.409896 0.367593 0.409375 0.366667 0.408333 0.366667 0.407813 0.365741 0.407292 0.365741 0.406771 0.364815 0.405729 0.364815 0.405208 0.363889 0.404167 0.363889 0.403646 0.362963 0.403125 0.362963 0.402604 0.362037
0 0.530990 0.405093 0.082812 0.076852 0.493229 0.366667 0.492708 0.367593 0.492188 0.367593 0.492188 0.368519 0.491146 0.370370 0.491146 0.371296 0.490104 0.373148 0.490104 0.374074 0.489583 0.375000 0.489583 0.375926 0.509375 0.411111 0.509375 0.412037 0.522917 0.436111 0.522917 0.437037 0.523438 0.437963 0.523438 0.438889 0.524479 0.438889 0.525000 0.439815 0.526042 0.439815 0.526563 0.440741 0.527604 0.440741 0.528125 0.441667 0.529167 0.441667 0.529687 0.442593 0.530729 0.442593 0.531250 0.443519 0.532292 0.443519 0.532813 0.442593 0.533333 0.442593 0.535417 0.438889 0.535937 0.438889 0.572396 0.374074 0.572396 0.369444 0.571354 0.367593 0.570833 0.367593 0.570312 0.366667 0.569792 0.366667 0.569271 0.367593 0.567708 0.367593 0.567187 0.368519 0.565625 0.368519 0.565104 0.369444 0.563542 0.369444 0.563021 0.370370 0.561458 0.370370 0.560937 0.371296 0.559896 0.371296 0.559375 0.372222 0.557813 0.372222 0.557292 0.373148 0.555729 0.373148 0.555208 0.374074 0.553646 0.374074 0.553125 0.375000 0.551562 0.375000 0.551042 0.375926 0.550000 0.375926 0.545312 0.384259 0.544792 0.384259 0.531771 0.407407 0.531250 0.407407 0.528125 0.412963 0.527604 0.412963 0.525521 0.416667 0.524479 0.416667 0.523438 0.414815 0.522917 0.414815 0.519271 0.408333 0.518750 0.408333 0.496354 0.368519 0.495833 0.368519 0.495312 0.367593 0.494792 0.367593 0.494271 0.366667
0 0.625000 0.406944 0.083333 0.075000 0.588021 0.369444 0.587500 0.370370 0.585417 0.370370 0.584896 0.371296 0.583333 0.371296 0.592708 0.387963 0.592708 0.388889 0.614583 0.427778 0.614583 0.428704 0.619271 0.437037 0.619271 0.437963 0.619792 0.438889 0.619792 0.440741 0.619271 0.441667 0.619271 0.442593 0.621354 0.442593 0.621875 0.443519 0.625000 0.443519 0.625521 0.444444 0.627083 0.444444 0.627604 0.443519 0.628125 0.443519 0.630208 0.439815 0.630729 0.439815 0.660937 0.386111 0.661458 0.386111 0.663542 0.382407 0.663542 0.381481 0.666667 0.375926 0.666667 0.372222 0.665104 0.369444 0.661458 0.369444 0.660937 0.370370 0.657292 0.370370 0.656771 0.371296 0.652604 0.371296 0.652083 0.372222 0.647917 0.372222 0.647396 0.373148 0.643229 0.373148 0.642708 0.374074 0.639062 0.374074 0.638542 0.375000 0.634375 0.375000 0.633854 0.375926 0.629687 0.375926 0.629167 0.376852 0.626042 0.376852 0.625521 0.377778 0.625000 0.377778 0.613021 0.399074 0.612500 0.399074 0.610417 0.402778 0.609896 0.402778 0.599479 0.384259 0.599479 0.383333 0.593750 0.373148 0.593229 0.373148 0.591146 0.369444
0 0.352083 0.555556 0.081250 0.083333 0.313021 0.513889 0.311458 0.516667 0.311458 0.519444 0.311979 0.520370 0.311979 0.521296 0.312500 0.522222 0.312500 0.523148 0.313542 0.525000 0.313542 0.525926 0.314063 0.526852 0.314063 0.527778 0.315104 0.529630 0.315104 0.530556 0.316146 0.532407 0.316146 0.533333 0.317188 0.535185 0.317188 0.536111 0.318229 0.537963 0.318229 0.538889 0.319271 0.540741 0.319271 0.541667 0.319792 0.542593 0.319792 0.543519 0.320833 0.545370 0.320833 0.546296 0.321875 0.548148 0.321875 0.549074 0.322917 0.550926 0.322917 0.551852 0.323958 0.553704 0.323958 0.554630 0.325000 0.556481 0.325000 0.557407 0.326042 0.559259 0.326042 0.560185 0.327083 0.562037 0.327083 0.562963 0.327604 0.563889 0.327604 0.564815 0.328646 0.566667 0.328646 0.567593 0.329688 0.569444 0.329688 0.570370 0.330729 0.572222 0.330729 0.573148 0.331771 0.575000 0.331771 0.575926 0.332813 0.577778 0.332813 0.578704 0.333854 0.580556 0.333854 0.581481 0.334896 0.583333 0.334896 0.584259 0.335417 0.585185 0.335417 0.586111 0.336458 0.587963 0.336458 0.588889 0.337500 0.590741 0.337500 0.591667 0.338542 0.593519 0.338542 0.594444 0.340104 0.597222 0.346354 0.597222 0.346875 0.596296 0.347396 0.596296 0.348438 0.594444 0.348958 0.594444 0.350000 0.592593 0.350521 0.592593 0.351042 0.591667 0.351562 0.591667 0.352604 0.589815 0.353125 0.589815 0.354167 0.587963 0.354687 0.587963 0.355729 0.586111 0.356250 0.586111 0.356771 0.585185 0.357292 0.585185 0.358333 0.583333 0.358854 0.583333 0.359896 0.581481 0.360417 0.581481 0.361458 0.579630 0.361979 0.579630 0.363021 0.577778 0.363542 0.577778 0.364063 0.576852 0.364583 0.576852 0.365625 0.575000 0.366146 0.575000 0.367188 0.573148 0.367708 0.573148 0.368750 0.571296 0.369271 0.571296 0.369792 0.570370 0.370312 0.570370 0.371354 0.568519 0.371875 0.568519 0.372917 0.566667 0.373437 0.566667 0.374479 0.564815 0.375000 0.564815 0.376042 0.562963 0.376563 0.562963 0.377083 0.562037 0.377604 0.562037 0.378646 0.560185 0.379167 0.560185 0.380208 0.558333 0.380729 0.558333 0.381771 0.556481 0.382292 0.556481 0.383333 0.554630 0.383854 0.554630 0.384375 0.553704 0.384896 0.553704 0.386458 0.550926 0.386979 0.550926 0.388021 0.549074 0.388542 0.549074 0.389583 0.547222 0.390104 0.547222 0.391146 0.545370 0.391667 0.545370 0.392708 0.543519 0.391667 0.541667 0.391667 0.540741 0.389583 0.537037 0.389062 0.537963 0.388542 0.537963 0.387500 0.539815 0.386979 0.539815 0.386458 0.540741 0.385937 0.540741 0.385417 0.541667 0.384896 0.541667 0.383854 0.543519 0.383333 0.543519 0.382812 0.544444 0.382292 0.544444 0.381771 0.545370 0.381250 0.545370 0.380729 0.546296 0.380208 0.546296 0.379688 0.547222 0.379167 0.547222 0.378646 0.548148 0.377604 0.548148 0.377083 0.549074 0.375521 0.549074 0.375000 0.550000 0.374479 0.550000 0.373958 0.549074 0.373437 0.549074 0.372396 0.550926 0.371875 0.550926 0.370833 0.552778 0.370312 0.552778 0.368750 0.555556 0.368229 0.555556 0.367188 0.557407 0.366667 0.557407 0.365625 0.559259 0.365104 0.559259 0.364063 0.561111 0.363542 0.561111 0.362500 0.562963 0.361979 0.562963 0.360417 0.565741 0.358333 0.565741 0.356250 0.562037 0.356250 0.559259 0.357292 0.557407 0.357292 0.556481 0.359896 0.551852 0.360417 0.551852 0.363021 0.547222 0.361979 0.549074 0.361458 0.549074 0.360417 0.550926 0.359896 0.550926 0.358854 0.552778 0.358333 0.552778 0.357292 0.554630 0.356771 0.554630 0.355208 0.557407 0.354687 0.557407 0.353646 0.559259 0.353125 0.559259 0.352083 0.561111 0.351562 0.561111 0.350521 0.562963 0.350000 0.562963 0.348958 0.564815 0.348438 0.564815 0.347917 0.565741 0.345833 0.565741 0.345313 0.564815 0.344792 0.564815 0.328125 0.535185 0.327604 0.535185 0.320312 0.522222 0.319792 0.522222 0.316667 0.516667 0.316146 0.516667 0.314583 0.513889
0 0.430469 0.559259 0.081771 0.085185 0.471354 0.516667 0.469271 0.520370 0.468750 0.520370 0.463021 0.530556 0.462500 0.530556 0.449479 0.553704 0.448958 0.553704 0.446354 0.558333 0.444271 0.558333 0.442708 0.555556 0.442708 0.554630 0.442188 0.553704 0.442188 0.552778 0.442708 0.551852 0.442708 0.550000 0.443229 0.549074 0.442188 0.550926 0.441667 0.550926 0.441146 0.551852 0.440625 0.551852 0.440104 0.552778 0.440104 0.553704 0.439583 0.554630 0.439583 0.555556 0.439063 0.556481 0.439063 0.557407 0.438542 0.558333 0.438542 0.559259 0.438021 0.560185 0.438021 0.561111 0.436979 0.562963 0.436979 0.563889 0.436458 0.564815 0.436458 0.565741 0.435937 0.566667 0.435937 0.567593 0.435417 0.568519 0.435417 0.569444 0.434896 0.570370 0.434375 0.570370 0.433854 0.571296 0.432292 0.571296 0.431771 0.570370 0.431250 0.570370 0.423958 0.557407 0.423958 0.556481 0.417708 0.545370 0.417708 0.544444 0.404687 0.521296 0.404167 0.521296 0.402083 0.517593 0.401042 0.517593 0.400521 0.518519 0.400000 0.518519 0.398438 0.521296 0.397917 0.521296 0.396354 0.524074 0.395833 0.524074 0.394271 0.526852 0.393750 0.526852 0.392188 0.529630 0.391667 0.529630 0.390104 0.532407 0.390104 0.533333 0.389583 0.534259 0.389583 0.535185 0.390104 0.536111 0.390104 0.537037 0.392188 0.540741 0.392188 0.541667 0.398438 0.552778 0.398958 0.552778 0.426042 0.600926 0.426563 0.600926 0.427083 0.601852 0.434375 0.601852 0.467187 0.543519 0.467187 0.542593 0.470313 0.537037 0.470313 0.536111 0.470833 0.535185 0.470833 0.517593
0 0.528646 0.552778 0.081250 0.088889 0.488021 0.508333 0.488542 0.509259 0.488542 0.512963 0.489063 0.513889 0.489063 0.517593 0.489583 0.518519 0.489583 0.522222 0.490104 0.523148 0.490104 0.526852 0.490625 0.527778 0.490625 0.528704 0.491146 0.529630 0.491146 0.530556 0.501563 0.549074 0.501563 0.550000 0.527604 0.596296 0.528125 0.596296 0.528646 0.597222 0.530208 0.597222 0.531250 0.595370 0.531771 0.595370 0.540625 0.579630 0.541146 0.579630 0.561458 0.543519 0.561979 0.543519 0.567708 0.533333 0.567708 0.532407 0.569271 0.529630 0.569271 0.525926 0.567187 0.522222 0.566667 0.522222 0.565625 0.520370 0.565104 0.520370 0.558854 0.531481 0.558333 0.531481 0.543229 0.558333 0.542708 0.558333 0.541667 0.560185 0.539583 0.560185 0.538021 0.557407 0.538021 0.556481 0.536979 0.554630 0.536979 0.553704 0.536458 0.552778 0.535937 0.552778 0.535417 0.553704 0.534896 0.553704 0.531771 0.559259 0.531250 0.559259 0.530729 0.560185 0.530208 0.560185 0.529687 0.559259 0.529167 0.559259 0.528646 0.558333 0.528125 0.558333 0.519271 0.542593 0.518750 0.542593 0.519271 0.543519 0.519271 0.544444 0.519792 0.545370 0.519792 0.546296 0.520833 0.548148 0.520833 0.549074 0.521354 0.550000 0.521354 0.550926 0.521875 0.551852 0.521875 0.552778 0.522396 0.553704 0.522396 0.555556 0.521875 0.556481 0.521875 0.557407 0.520833 0.559259 0.518750 0.559259 0.518229 0.558333 0.517708 0.558333 0.496354 0.520370 0.495833 0.520370 0.491146 0.512037 0.490625 0.512037 0.488542 0.508333
0 0.617188 0.552315 0.094792 0.089815 0.574479 0.507407 0.573438 0.509259 0.572917 0.509259 0.571875 0.511111 0.571354 0.511111 0.569792 0.513889 0.584375 0.539815 0.584375 0.540741 0.592708 0.555556 0.593229 0.555556 0.594792 0.558333 0.595313 0.558333 0.596875 0.561111 0.597396 0.561111 0.598958 0.563889 0.599479 0.563889 0.601042 0.566667 0.601562 0.566667 0.603125 0.569444 0.603646 0.569444 0.605208 0.572222 0.605729 0.572222 0.607292 0.575000 0.607812 0.575000 0.609896 0.578704 0.610417 0.578704 0.611979 0.581481 0.612500 0.581481 0.614062 0.584259 0.614583 0.584259 0.616146 0.587037 0.616667 0.587037 0.618229 0.589815 0.618750 0.589815 0.620313 0.592593 0.620833 0.592593 0.622396 0.595370 0.622917 0.595370 0.623958 0.597222 0.625521 0.597222 0.626563 0.595370 0.627083 0.595370 0.639062 0.574074 0.639583 0.574074 0.664062 0.530556 0.664062 0.529630 0.664583 0.528704 0.664583 0.526852 0.664062 0.525926 0.664062 0.525000 0.663021 0.523148 0.661979 0.523148 0.661458 0.522222 0.659896 0.522222 0.657292 0.526852 0.656771 0.526852 0.652083 0.535185 0.651563 0.535185 0.641146 0.553704 0.640625 0.553704 0.631771 0.569444 0.631250 0.569444 0.630729 0.570370 0.629687 0.570370 0.628646 0.568519 0.628125 0.568519 0.627604 0.567593 0.627083 0.567593 0.626042 0.565741 0.625521 0.565741 0.624479 0.563889 0.623958 0.563889 0.623437 0.562963 0.622917 0.562963 0.621875 0.561111 0.621354 0.561111 0.620833 0.560185 0.620313 0.560185 0.619271 0.558333 0.618750 0.558333 0.618229 0.557407 0.617708 0.557407 0.616146 0.560185 0.614062 0.560185 0.613021 0.558333 0.612500 0.558333 0.611979 0.557407 0.611458 0.557407 0.610417 0.555556 0.609896 0.555556 0.608854 0.553704 0.608333 0.553704 0.607292 0.551852 0.606771 0.551852 0.605729 0.550000 0.605208 0.550000 0.604688 0.549074 0.604167 0.549074 0.590104 0.524074 0.589583 0.524074 0.589063 0.523148 0.588542 0.523148 0.587500 0.521296 0.586979 0.521296 0.585938 0.519444 0.585417 0.519444 0.584896 0.518519 0.584375 0.518519 0.583333 0.516667 0.582812 0.516667 0.582292 0.515741 0.581771 0.515741 0.580729 0.513889 0.580208 0.513889 0.579688 0.512963 0.579167 0.512963 0.578125 0.511111 0.577604 0.511111 0.576562 0.509259 0.576042 0.509259 0.575521 0.508333 0.575000 0.508333
0 0.700781 0.556481 0.091146 0.077778 0.664062 0.517593 0.663542 0.518519 0.663021 0.518519 0.662500 0.519444 0.661979 0.519444 0.660937 0.521296 0.661458 0.521296 0.661979 0.522222 0.663021 0.522222 0.664583 0.525000 0.664583 0.525926 0.665104 0.526852 0.665104 0.528704 0.664583 0.529630 0.664583 0.530556 0.655208 0.547222 0.655208 0.548148 0.659896 0.556481 0.660417 0.556481 0.660937 0.557407 0.661458 0.557407 0.661979 0.558333 0.662500 0.558333 0.663021 0.559259 0.663542 0.559259 0.664062 0.560185 0.664583 0.560185 0.665104 0.561111 0.666146 0.561111 0.666667 0.562037 0.667188 0.562037 0.667708 0.562963 0.668229 0.562963 0.668750 0.563889 0.669271 0.563889 0.669792 0.564815 0.670312 0.564815 0.670833 0.565741 0.671354 0.565741 0.671875 0.566667 0.672396 0.566667 0.672917 0.567593 0.673438 0.567593 0.673958 0.568519 0.674479 0.568519 0.675000 0.569444 0.676042 0.569444 0.676562 0.570370 0.677083 0.570370 0.677604 0.571296 0.678125 0.571296 0.678646 0.572222 0.679167 0.572222 0.679688 0.573148 0.680208 0.573148 0.680729 0.574074 0.681250 0.574074 0.681771 0.575000 0.682292 0.575000 0.682813 0.575926 0.683333 0.575926 0.683854 0.576852 0.684375 0.576852 0.684896 0.577778 0.685937 0.577778 0.686458 0.578704 0.686979 0.578704 0.687500 0.579630 0.688021 0.579630 0.688542 0.580556 0.689063 0.580556 0.689583 0.581481 0.690104 0.581481 0.690625 0.582407 0.691146 0.582407 0.691667 0.583333 0.692187 0.583333 0.692708 0.584259 0.693229 0.584259 0.693750 0.585185 0.694792 0.585185 0.695312 0.586111 0.695833 0.586111 0.696354 0.587037 0.696875 0.587037 0.697396 0.587963 0.697917 0.587963 0.698438 0.588889 0.698958 0.588889 0.699479 0.589815 0.700000 0.589815 0.700521 0.590741 0.701042 0.590741 0.701562 0.591667 0.702083 0.591667 0.702604 0.592593 0.703125 0.592593 0.703646 0.593519 0.704688 0.593519 0.705208 0.594444 0.705729 0.594444 0.706250 0.595370 0.707812 0.595370 0.708854 0.593519 0.709375 0.593519 0.721875 0.571296 0.722396 0.571296 0.746354 0.528704 0.746354 0.525000 0.745833 0.524074 0.745833 0.523148 0.745313 0.523148 0.744792 0.522222 0.743750 0.522222 0.735938 0.536111 0.735417 0.536111 0.718229 0.566667 0.717708 0.566667 0.716146 0.569444 0.713542 0.569444 0.713021 0.568519 0.712500 0.568519 0.711979 0.567593 0.710938 0.567593 0.710417 0.566667 0.709896 0.566667 0.709375 0.565741 0.708333 0.565741 0.707812 0.564815 0.707292 0.564815 0.706771 0.563889 0.706250 0.563889 0.706771 0.564815 0.706771 0.565741 0.706250 0.566667 0.706250 0.567593 0.705208 0.569444 0.702604 0.569444 0.702083 0.568519 0.701042 0.568519 0.700521 0.567593 0.700000 0.567593 0.699479 0.566667 0.698438 0.566667 0.697917 0.565741 0.697396 0.565741 0.695833 0.562963 0.695312 0.562963 0.672917 0.523148 0.672396 0.523148 0.671875 0.522222 0.670833 0.522222 0.670312 0.521296 0.669271 0.521296 0.668750 0.520370 0.667708 0.520370 0.667188 0.519444 0.666667 0.519444 0.666146 0.518519 0.665104 0.518519 0.664583 0.517593
0 0.317969 0.525926 0.098437 0.077778 0.312500 0.487037 0.311979 0.487963 0.310937 0.487963 0.310417 0.488889 0.308854 0.488889 0.308333 0.489815 0.307812 0.489815 0.306771 0.491667 0.306250 0.491667 0.292187 0.516667 0.291667 0.516667 0.268750 0.557407 0.268750 0.561111 0.269271 0.562037 0.269271 0.562963 0.269792 0.563889 0.270313 0.563889 0.270833 0.564815 0.271354 0.564815 0.271875 0.563889 0.272396 0.563889 0.272917 0.562963 0.273958 0.562963 0.274479 0.562037 0.275000 0.562037 0.275521 0.561111 0.276042 0.561111 0.276562 0.560185 0.277604 0.560185 0.278125 0.559259 0.278646 0.559259 0.279167 0.558333 0.279687 0.558333 0.280208 0.557407 0.281250 0.557407 0.281771 0.556481 0.282292 0.556481 0.282813 0.555556 0.283333 0.555556 0.283854 0.554630 0.284375 0.554630 0.284896 0.553704 0.285938 0.553704 0.286458 0.552778 0.286979 0.552778 0.287500 0.551852 0.288021 0.551852 0.288542 0.550926 0.289583 0.550926 0.290104 0.550000 0.290625 0.550000 0.291146 0.549074 0.291667 0.549074 0.292187 0.548148 0.293229 0.548148 0.293750 0.547222 0.294271 0.547222 0.294792 0.546296 0.295312 0.546296 0.305208 0.528704 0.305729 0.528704 0.307812 0.525000 0.308333 0.525000 0.308854 0.524074 0.309896 0.524074 0.310417 0.523148 0.310937 0.523148 0.311458 0.522222 0.311979 0.522222 0.311458 0.521296 0.311458 0.520370 0.310937 0.519444 0.310937 0.516667 0.313021 0.512963 0.314583 0.512963 0.316146 0.515741 0.316667 0.515741 0.319792 0.521296 0.320312 0.521296 0.327604 0.534259 0.328125 0.534259 0.344792 0.563889 0.345313 0.563889 0.345833 0.564815 0.347917 0.564815 0.348438 0.563889 0.348958 0.563889 0.350000 0.562037 0.350521 0.562037 0.351562 0.560185 0.352083 0.560185 0.353125 0.558333 0.353646 0.558333 0.354687 0.556481 0.355208 0.556481 0.356771 0.553704 0.357292 0.553704 0.358333 0.551852 0.358854 0.551852 0.359896 0.550000 0.360417 0.550000 0.361458 0.548148 0.361979 0.548148 0.363021 0.546296 0.363542 0.546296 0.365625 0.542593 0.366146 0.542593 0.367188 0.540741 0.366146 0.542593 0.365625 0.542593 0.365104 0.543519 0.364583 0.543519 0.363542 0.545370 0.363021 0.545370 0.361979 0.547222 0.361458 0.547222 0.360417 0.549074 0.359896 0.549074 0.359375 0.550000 0.358854 0.550000 0.357812 0.551852 0.357292 0.551852 0.356250 0.553704 0.355729 0.553704 0.354687 0.555556 0.354167 0.555556 0.353646 0.556481 0.353125 0.556481 0.352604 0.557407 0.352083 0.556481 0.351042 0.556481 0.315104 0.492593 0.315104 0.491667
0 0.398698 0.530556 0.083854 0.079630 0.400521 0.490741 0.400000 0.491667 0.399479 0.491667 0.398958 0.492593 0.398438 0.492593 0.397917 0.493519 0.397396 0.493519 0.396354 0.495370 0.395833 0.495370 0.394271 0.498148 0.393750 0.498148 0.389062 0.506481 0.388542 0.506481 0.383333 0.515741 0.382812 0.515741 0.377604 0.525000 0.377083 0.525000 0.371875 0.534259 0.371354 0.534259 0.366146 0.543519 0.365625 0.543519 0.360417 0.552778 0.359896 0.552778 0.357812 0.556481 0.357812 0.557407 0.356771 0.559259 0.356771 0.562037 0.358333 0.564815 0.360417 0.564815 0.361979 0.562037 0.362500 0.562037 0.363542 0.560185 0.364063 0.560185 0.365104 0.558333 0.365625 0.558333 0.366667 0.556481 0.367188 0.556481 0.368229 0.554630 0.368750 0.554630 0.370312 0.551852 0.370833 0.551852 0.371875 0.550000 0.372396 0.550000 0.373437 0.548148 0.373958 0.548148 0.375000 0.546296 0.375521 0.546296 0.376563 0.544444 0.377083 0.544444 0.378646 0.541667 0.379167 0.541667 0.380208 0.539815 0.380729 0.539815 0.381771 0.537963 0.382292 0.537963 0.383333 0.536111 0.383854 0.536111 0.385937 0.532407 0.386458 0.532407 0.391146 0.524074 0.391667 0.524074 0.396354 0.515741 0.396875 0.515741 0.397917 0.513889 0.398958 0.513889 0.399479 0.514815 0.400521 0.514815 0.401562 0.516667 0.402083 0.516667 0.404167 0.520370 0.404687 0.520370 0.418229 0.544444 0.418229 0.545370 0.424479 0.556481 0.424479 0.557407 0.431250 0.569444 0.431771 0.569444 0.432292 0.570370 0.433854 0.570370 0.434375 0.569444 0.434896 0.569444 0.434896 0.568519 0.435417 0.567593 0.435417 0.566667 0.435937 0.565741 0.435937 0.564815 0.436458 0.563889 0.436458 0.562963 0.437500 0.561111 0.437500 0.560185 0.438021 0.559259 0.438021 0.558333 0.438542 0.557407 0.438542 0.556481 0.439063 0.555556 0.439063 0.554630 0.439583 0.553704 0.439583 0.552778 0.440104 0.551852 0.440104 0.550926 0.440625 0.550000 0.439063 0.552778 0.438542 0.552778 0.438021 0.553704 0.436979 0.553704 0.436458 0.552778 0.435937 0.552778 0.433854 0.549074 0.433333 0.549074 0.427083 0.537963 0.427083 0.537037 0.401042 0.490741
0 0.482292 0.513889 0.079167 0.088889 0.481250 0.469444 0.480208 0.471296 0.479687 0.471296 0.478125 0.474074 0.478125 0.483333 0.477604 0.484259 0.477604 0.485185 0.476562 0.487037 0.476562 0.487963 0.466667 0.505556 0.466146 0.505556 0.445312 0.542593 0.445312 0.543519 0.444792 0.544444 0.444792 0.545370 0.444271 0.546296 0.444271 0.547222 0.443750 0.548148 0.443750 0.549074 0.443229 0.550000 0.443229 0.551852 0.442708 0.552778 0.442708 0.553704 0.443229 0.554630 0.443229 0.555556 0.444271 0.557407 0.446354 0.557407 0.448958 0.552778 0.449479 0.552778 0.462500 0.529630 0.463021 0.529630 0.468750 0.519444 0.469271 0.519444 0.472917 0.512963 0.473438 0.512963 0.475521 0.509259 0.476042 0.509259 0.477083 0.507407 0.477604 0.507407 0.478646 0.505556 0.479167 0.505556 0.479687 0.504630 0.480208 0.504630 0.480729 0.503704 0.484896 0.503704 0.485417 0.504630 0.485938 0.504630 0.486458 0.505556 0.486979 0.505556 0.488021 0.507407 0.488542 0.507407 0.490625 0.511111 0.491146 0.511111 0.495833 0.519444 0.496354 0.519444 0.517708 0.557407 0.518229 0.557407 0.518750 0.558333 0.520833 0.558333 0.521354 0.557407 0.521354 0.556481 0.521875 0.555556 0.521875 0.553704 0.521354 0.552778 0.521354 0.551852 0.520833 0.550926 0.520833 0.550000 0.520312 0.549074 0.520312 0.548148 0.519271 0.546296 0.519271 0.545370 0.518750 0.544444 0.518750 0.543519 0.518229 0.542593 0.518229 0.541667 0.517708 0.540741 0.517708 0.539815 0.502604 0.512963 0.502604 0.512037 0.491146 0.491667 0.491146 0.490741 0.490104 0.488889 0.490104 0.487037 0.489583 0.486111 0.489583 0.483333 0.489063 0.482407 0.489063 0.480556 0.482812 0.469444
0 0.577083 0.517593 0.081250 0.083333 0.567187 0.475926 0.565104 0.479630 0.565104 0.480556 0.565625 0.480556 0.566146 0.481481 0.567187 0.481481 0.567708 0.482407 0.568229 0.482407 0.568750 0.483333 0.569271 0.483333 0.570833 0.486111 0.570833 0.490741 0.567708 0.496296 0.567708 0.497222 0.565625 0.500926 0.565104 0.500926 0.536458 0.551852 0.537500 0.553704 0.537500 0.554630 0.538542 0.556481 0.538542 0.557407 0.539583 0.559259 0.541667 0.559259 0.542708 0.557407 0.543229 0.557407 0.558333 0.530556 0.558854 0.530556 0.565104 0.519444 0.565625 0.519444 0.568750 0.513889 0.569271 0.513889 0.571354 0.510185 0.571875 0.510185 0.572917 0.508333 0.573438 0.508333 0.574479 0.506481 0.575000 0.507407 0.575521 0.507407 0.576042 0.508333 0.576562 0.508333 0.577604 0.510185 0.578125 0.510185 0.579167 0.512037 0.579688 0.512037 0.580208 0.512963 0.580729 0.512963 0.581771 0.514815 0.582292 0.514815 0.582812 0.515741 0.583333 0.515741 0.584375 0.517593 0.584896 0.517593 0.585417 0.518519 0.585938 0.518519 0.586979 0.520370 0.587500 0.520370 0.588542 0.522222 0.589063 0.522222 0.589583 0.523148 0.590104 0.523148 0.604167 0.548148 0.604688 0.548148 0.605208 0.549074 0.605729 0.549074 0.606771 0.550926 0.607292 0.550926 0.608333 0.552778 0.608854 0.552778 0.609896 0.554630 0.610417 0.554630 0.611458 0.556481 0.611979 0.556481 0.612500 0.557407 0.613021 0.557407 0.614062 0.559259 0.616146 0.559259 0.617188 0.557407 0.617188 0.556481 0.617708 0.555556 0.617188 0.554630 0.617188 0.553704 0.616667 0.552778 0.616667 0.551852 0.609375 0.538889 0.609375 0.537963 0.579688 0.485185 0.579167 0.485185 0.578646 0.484259 0.577604 0.484259 0.577083 0.483333 0.576562 0.483333 0.576042 0.482407 0.575521 0.482407 0.575000 0.481481 0.574479 0.481481 0.573958 0.480556 0.573438 0.480556 0.572917 0.479630 0.571875 0.479630 0.571354 0.478704 0.570833 0.478704 0.570312 0.477778 0.569792 0.477778 0.569271 0.476852 0.568750 0.476852 0.568229 0.475926
0 0.661458 0.532407 0.089583 0.074074 0.668229 0.495370 0.653125 0.522222 0.652604 0.522222 0.631771 0.559259 0.631250 0.559259 0.629687 0.562037 0.629167 0.562037 0.628646 0.562963 0.628125 0.562963 0.627604 0.562037 0.627083 0.562037 0.626563 0.561111 0.626042 0.561111 0.625521 0.560185 0.625000 0.560185 0.623958 0.558333 0.623437 0.558333 0.622917 0.557407 0.622396 0.557407 0.621875 0.556481 0.621354 0.556481 0.620313 0.554630 0.619792 0.554630 0.619271 0.553704 0.618750 0.553704 0.617708 0.551852 0.617188 0.551852 0.616667 0.550926 0.617188 0.551852 0.617188 0.552778 0.617708 0.553704 0.617708 0.554630 0.618229 0.555556 0.617708 0.556481 0.618229 0.556481 0.618750 0.557407 0.619271 0.557407 0.620313 0.559259 0.620833 0.559259 0.621354 0.560185 0.621875 0.560185 0.622917 0.562037 0.623437 0.562037 0.623958 0.562963 0.624479 0.562963 0.625521 0.564815 0.626042 0.564815 0.627083 0.566667 0.627604 0.566667 0.628125 0.567593 0.628646 0.567593 0.629687 0.569444 0.630729 0.569444 0.631250 0.568519 0.631771 0.568519 0.640625 0.552778 0.641146 0.552778 0.651563 0.534259 0.652083 0.534259 0.656771 0.525926 0.657292 0.525926 0.659896 0.521296 0.660417 0.521296 0.661979 0.518519 0.662500 0.518519 0.663021 0.517593 0.663542 0.517593 0.664062 0.516667 0.664583 0.516667 0.665104 0.517593 0.666146 0.517593 0.666667 0.518519 0.667188 0.518519 0.667708 0.519444 0.668750 0.519444 0.669271 0.520370 0.670312 0.520370 0.670833 0.521296 0.671875 0.521296 0.672396 0.522222 0.672917 0.522222 0.695312 0.562037 0.695833 0.562037 0.697396 0.564815 0.697917 0.564815 0.698438 0.565741 0.699479 0.565741 0.700000 0.566667 0.700521 0.566667 0.701042 0.567593 0.702083 0.567593 0.702604 0.568519 0.705208 0.568519 0.705729 0.567593 0.705729 0.566667 0.706250 0.565741 0.706250 0.564815 0.705729 0.563889 0.705729 0.562963 0.705208 0.562037 0.705208 0.561111 0.696354 0.545370 0.696354 0.544444 0.676562 0.509259 0.676562 0.508333 0.670833 0.498148 0.670312 0.498148 0.668750 0.495370
0 0.356771 0.515278 0.088542 0.082407 0.398958 0.474074 0.398438 0.475000 0.397917 0.475000 0.397396 0.475926 0.396354 0.475926 0.395833 0.476852 0.395313 0.476852 0.394792 0.477778 0.394271 0.477778 0.393750 0.478704 0.392708 0.478704 0.392188 0.479630 0.391667 0.479630 0.391146 0.480556 0.390104 0.480556 0.389062 0.482407 0.388542 0.482407 0.377083 0.502778 0.376563 0.502778 0.368750 0.516667 0.368229 0.516667 0.364583 0.523148 0.364063 0.523148 0.363542 0.524074 0.363021 0.524074 0.362500 0.525000 0.361979 0.525000 0.361458 0.525926 0.360938 0.525926 0.360417 0.526852 0.359896 0.526852 0.359375 0.527778 0.358854 0.526852 0.358333 0.526852 0.356250 0.523148 0.356250 0.520370 0.357292 0.518519 0.356771 0.518519 0.355729 0.520370 0.355208 0.520370 0.354687 0.521296 0.354167 0.521296 0.353646 0.522222 0.353125 0.522222 0.352604 0.523148 0.352083 0.523148 0.351562 0.524074 0.348958 0.524074 0.348438 0.523148 0.347917 0.523148 0.331250 0.493519 0.330729 0.493519 0.323437 0.480556 0.322917 0.480556 0.321354 0.477778 0.318750 0.477778 0.318229 0.478704 0.316667 0.478704 0.316146 0.479630 0.314063 0.479630 0.313542 0.480556 0.313021 0.480556 0.313021 0.481481 0.312500 0.482407 0.312500 0.486111 0.315625 0.491667 0.315625 0.492593 0.351042 0.555556 0.352083 0.555556 0.352604 0.556481 0.353125 0.555556 0.353646 0.555556 0.354167 0.554630 0.354687 0.554630 0.355729 0.552778 0.356250 0.552778 0.357292 0.550926 0.357812 0.550926 0.358854 0.549074 0.359375 0.549074 0.359896 0.548148 0.360417 0.548148 0.361458 0.546296 0.361979 0.546296 0.363021 0.544444 0.363542 0.544444 0.364583 0.542593 0.365104 0.542593 0.365625 0.541667 0.366146 0.541667 0.367188 0.539815 0.367708 0.539815 0.371354 0.533333 0.371875 0.533333 0.377083 0.524074 0.377604 0.524074 0.382812 0.514815 0.383333 0.514815 0.388542 0.505556 0.389062 0.505556 0.393750 0.497222 0.394271 0.497222 0.395833 0.494444 0.396354 0.494444 0.397396 0.492593 0.397917 0.492593 0.398438 0.491667 0.398958 0.491667 0.399479 0.490741 0.400000 0.490741 0.400521 0.489815 0.398958 0.487037 0.398958 0.486111 0.397917 0.484259 0.397917 0.483333 0.397396 0.482407 0.397396 0.480556 0.399479 0.476852 0.400000 0.476852 0.400521 0.475926 0.401042 0.475926 0.401042 0.475000 0.400521 0.475000 0.400000 0.474074
0 0.437760 0.512037 0.079687 0.081481 0.477604 0.471296 0.477083 0.472222 0.476562 0.472222 0.475000 0.475000 0.474479 0.475000 0.471354 0.480556 0.470833 0.480556 0.466146 0.488889 0.465625 0.488889 0.454688 0.508333 0.454167 0.508333 0.446875 0.521296 0.446354 0.521296 0.445833 0.522222 0.444271 0.522222 0.442708 0.519444 0.442708 0.518519 0.442188 0.517593 0.442188 0.515741 0.442708 0.514815 0.442708 0.513889 0.443750 0.512037 0.443750 0.511111 0.444271 0.510185 0.444271 0.509259 0.444792 0.508333 0.444271 0.507407 0.443750 0.507407 0.442708 0.509259 0.442708 0.510185 0.441667 0.512037 0.441667 0.512963 0.440625 0.514815 0.440625 0.515741 0.439063 0.518519 0.439063 0.519444 0.438021 0.521296 0.438021 0.522222 0.436979 0.524074 0.436979 0.525000 0.435417 0.527778 0.434896 0.527778 0.434375 0.528704 0.433854 0.527778 0.432812 0.527778 0.431771 0.525926 0.431250 0.525926 0.408333 0.485185 0.407813 0.485185 0.404167 0.478704 0.403646 0.478704 0.402083 0.475926 0.401562 0.475926 0.401042 0.476852 0.400521 0.476852 0.400000 0.477778 0.399479 0.477778 0.397917 0.480556 0.397917 0.482407 0.398438 0.483333 0.398438 0.484259 0.399479 0.486111 0.399479 0.487037 0.427604 0.537037 0.427604 0.537963 0.433333 0.548148 0.433854 0.548148 0.435937 0.551852 0.436458 0.551852 0.436979 0.552778 0.438021 0.552778 0.438542 0.551852 0.439063 0.551852 0.442188 0.546296 0.442708 0.546296 0.466146 0.504630 0.466667 0.504630 0.476042 0.487963 0.476042 0.487037 0.477083 0.485185 0.477083 0.484259 0.477604 0.483333
0 0.529167 0.514815 0.082292 0.088889 0.488021 0.470370 0.488021 0.474074 0.488542 0.475000 0.488542 0.476852 0.489063 0.477778 0.489063 0.479630 0.489583 0.480556 0.489583 0.482407 0.490104 0.483333 0.490104 0.486111 0.490625 0.487037 0.490625 0.488889 0.491667 0.490741 0.491667 0.491667 0.503125 0.512037 0.503125 0.512963 0.528125 0.557407 0.528646 0.557407 0.529167 0.558333 0.529687 0.558333 0.530208 0.559259 0.530729 0.559259 0.531250 0.558333 0.531771 0.558333 0.534896 0.552778 0.535417 0.552778 0.565104 0.500000 0.565625 0.500000 0.567187 0.497222 0.567187 0.496296 0.570312 0.490741 0.570312 0.486111 0.569271 0.484259 0.568750 0.484259 0.568229 0.483333 0.567708 0.483333 0.567187 0.482407 0.566146 0.482407 0.565625 0.481481 0.565104 0.481481 0.564583 0.480556 0.564063 0.481481 0.563542 0.481481 0.556250 0.494444 0.555729 0.494444 0.542188 0.518519 0.541667 0.518519 0.541146 0.519444 0.540625 0.519444 0.540104 0.520370 0.539583 0.519444 0.539062 0.519444 0.535937 0.513889 0.535417 0.513889 0.532292 0.519444 0.531771 0.519444 0.531250 0.520370 0.529687 0.520370 0.529167 0.519444 0.528646 0.519444 0.523438 0.510185 0.522917 0.510185 0.522396 0.511111 0.521875 0.511111 0.521354 0.512037 0.522917 0.514815 0.522917 0.515741 0.523438 0.516667 0.523438 0.520370 0.522396 0.522222 0.521875 0.522222 0.521354 0.523148 0.520312 0.523148 0.519792 0.522222 0.519271 0.522222 0.518750 0.521296 0.518229 0.521296 0.493750 0.477778 0.493229 0.477778 0.490625 0.473148 0.490104 0.473148 0.488542 0.470370
0 0.618490 0.516667 0.101562 0.090741 0.570312 0.471296 0.568229 0.475000 0.567708 0.475000 0.568229 0.475000 0.568750 0.475926 0.569271 0.475926 0.569792 0.476852 0.570312 0.476852 0.570833 0.477778 0.571354 0.477778 0.571875 0.478704 0.572917 0.478704 0.573438 0.479630 0.573958 0.479630 0.574479 0.480556 0.575000 0.480556 0.575521 0.481481 0.576042 0.481481 0.576562 0.482407 0.577083 0.482407 0.577604 0.483333 0.578646 0.483333 0.579167 0.484259 0.579688 0.484259 0.609896 0.537963 0.609896 0.538889 0.616146 0.550000 0.616667 0.550000 0.617188 0.550926 0.617708 0.550926 0.618750 0.552778 0.619271 0.552778 0.619792 0.553704 0.620313 0.553704 0.621354 0.555556 0.621875 0.555556 0.622396 0.556481 0.622917 0.556481 0.623437 0.557407 0.623958 0.557407 0.625000 0.559259 0.625521 0.559259 0.626042 0.560185 0.626563 0.560185 0.627083 0.561111 0.627604 0.561111 0.628125 0.562037 0.628646 0.562037 0.629167 0.561111 0.629687 0.561111 0.631250 0.558333 0.631771 0.558333 0.652604 0.521296 0.653125 0.521296 0.668229 0.494444 0.668229 0.493519 0.668750 0.492593 0.668750 0.491667 0.669271 0.490741 0.668750 0.489815 0.668750 0.488889 0.668229 0.487963 0.668229 0.487037 0.667708 0.487037 0.667188 0.486111 0.666146 0.486111 0.665625 0.485185 0.663542 0.485185 0.662500 0.487037 0.661979 0.487037 0.658854 0.492593 0.658333 0.492593 0.652604 0.502778 0.652083 0.502778 0.636458 0.530556 0.635938 0.530556 0.634375 0.533333 0.633854 0.533333 0.633333 0.534259 0.632812 0.533333 0.631771 0.533333 0.631250 0.532407 0.630729 0.532407 0.630208 0.531481 0.629687 0.531481 0.629167 0.530556 0.628646 0.530556 0.628125 0.529630 0.627604 0.529630 0.627083 0.528704 0.626042 0.528704 0.625521 0.527778 0.625000 0.527778 0.624479 0.526852 0.623958 0.526852 0.623437 0.525926 0.622917 0.525926 0.622396 0.525000 0.621875 0.525000 0.621354 0.524074 0.620833 0.524074 0.620313 0.523148 0.619271 0.523148 0.618750 0.522222 0.618229 0.522222 0.617708 0.521296 0.617188 0.521296 0.616667 0.520370 0.616146 0.520370 0.615625 0.519444 0.612500 0.519444 0.611979 0.518519 0.611458 0.518519 0.610938 0.517593 0.610417 0.517593 0.593750 0.487963 0.593229 0.487963 0.592187 0.486111 0.591146 0.486111 0.590625 0.485185 0.590104 0.485185 0.589583 0.484259 0.588542 0.484259 0.588021 0.483333 0.586979 0.483333 0.586458 0.482407 0.585938 0.482407 0.585417 0.481481 0.584375 0.481481 0.583854 0.480556 0.583333 0.480556 0.582812 0.479630 0.581771 0.479630 0.581250 0.478704 0.580729 0.478704 0.580208 0.477778 0.579167 0.477778 0.578646 0.476852 0.578125 0.476852 0.577604 0.475926 0.576562 0.475926 0.576042 0.475000 0.575521 0.475000 0.575000 0.474074 0.573958 0.474074 0.573438 0.473148 0.572917 0.473148 0.572396 0.472222 0.571354 0.472222 0.570833 0.471296
0 0.711979 0.529167 0.086458 0.078704 0.669271 0.489815 0.669792 0.490741 0.669271 0.491667 0.669271 0.492593 0.668750 0.493519 0.668750 0.494444 0.670312 0.497222 0.670833 0.497222 0.677083 0.508333 0.677083 0.509259 0.696875 0.544444 0.696875 0.545370 0.705729 0.561111 0.705729 0.562037 0.706250 0.562963 0.706771 0.562963 0.707292 0.563889 0.707812 0.563889 0.708333 0.564815 0.709375 0.564815 0.709896 0.565741 0.710417 0.565741 0.710938 0.566667 0.711979 0.566667 0.712500 0.567593 0.713021 0.567593 0.713542 0.568519 0.716146 0.568519 0.717708 0.565741 0.718229 0.565741 0.735417 0.535185 0.735938 0.535185 0.754687 0.501852 0.754687 0.500926 0.755208 0.500000 0.755208 0.498148 0.754687 0.497222 0.754687 0.496296 0.754167 0.495370 0.753646 0.495370 0.753125 0.494444 0.751563 0.494444 0.751042 0.493519 0.748958 0.493519 0.748437 0.492593 0.745833 0.492593 0.745313 0.491667 0.721875 0.533333 0.721354 0.533333 0.718750 0.537963 0.718229 0.537963 0.717708 0.538889 0.716146 0.538889 0.715625 0.537963 0.714583 0.537963 0.714063 0.537037 0.713021 0.537037 0.712500 0.536111 0.711458 0.536111 0.710938 0.535185 0.709375 0.535185 0.708854 0.534259 0.707812 0.534259 0.707292 0.533333 0.706250 0.533333 0.705729 0.532407 0.704688 0.532407 0.704167 0.531481 0.702604 0.531481 0.702083 0.530556 0.701042 0.530556 0.700521 0.529630 0.700000 0.529630 0.696354 0.523148 0.695833 0.523148 0.694271 0.520370 0.694271 0.519444 0.681250 0.496296 0.680729 0.496296 0.680208 0.495370 0.679688 0.495370 0.679167 0.494444 0.678125 0.494444 0.677604 0.493519 0.676042 0.493519 0.675521 0.492593 0.673958 0.492593 0.673438 0.491667 0.671875 0.491667 0.671354 0.490741 0.669792 0.490741
0 0.316927 0.485648 0.086979 0.075000 0.315625 0.448148 0.315104 0.449074 0.312500 0.449074 0.311979 0.450000 0.311458 0.450000 0.309375 0.453704 0.308854 0.453704 0.284375 0.497222 0.283854 0.497222 0.274479 0.513889 0.274479 0.514815 0.273438 0.516667 0.273438 0.519444 0.273958 0.520370 0.273958 0.521296 0.274479 0.522222 0.275000 0.522222 0.275521 0.523148 0.276562 0.523148 0.277083 0.522222 0.278125 0.522222 0.278646 0.521296 0.279167 0.521296 0.285417 0.510185 0.285938 0.510185 0.298958 0.487037 0.299479 0.487037 0.300000 0.486111 0.301042 0.486111 0.301563 0.485185 0.303125 0.485185 0.303646 0.484259 0.305208 0.484259 0.305729 0.483333 0.307292 0.483333 0.307812 0.482407 0.309896 0.482407 0.310417 0.481481 0.311979 0.481481 0.313021 0.479630 0.313542 0.479630 0.314063 0.478704 0.316146 0.478704 0.316667 0.477778 0.318229 0.477778 0.318750 0.476852 0.321354 0.476852 0.322917 0.479630 0.323437 0.479630 0.330729 0.492593 0.331250 0.492593 0.347917 0.522222 0.348438 0.522222 0.348958 0.523148 0.351562 0.523148 0.352083 0.522222 0.352604 0.522222 0.353125 0.521296 0.353646 0.521296 0.354167 0.520370 0.354687 0.520370 0.355208 0.519444 0.355729 0.519444 0.356771 0.517593 0.357292 0.517593 0.360417 0.512037 0.359896 0.512963 0.359375 0.512963 0.358854 0.513889 0.358333 0.513889 0.357812 0.514815 0.357292 0.514815 0.356771 0.515741 0.356250 0.515741 0.355729 0.516667 0.354167 0.516667 0.353646 0.515741 0.353125 0.515741 0.350000 0.510185 0.349479 0.510185 0.346875 0.505556 0.346875 0.504630 0.316146 0.450000 0.316146 0.449074
0 0.399479 0.488889 0.085417 0.077778 0.400000 0.450000 0.399479 0.450926 0.397917 0.450926 0.397396 0.451852 0.396354 0.451852 0.395833 0.452778 0.395313 0.452778 0.390625 0.461111 0.390104 0.461111 0.368750 0.499074 0.368229 0.499074 0.357812 0.517593 0.357812 0.518519 0.356771 0.520370 0.356771 0.523148 0.358333 0.525926 0.358854 0.525926 0.359375 0.526852 0.359896 0.525926 0.360417 0.525926 0.360938 0.525000 0.361458 0.525000 0.361979 0.524074 0.362500 0.524074 0.363021 0.523148 0.363542 0.523148 0.364063 0.522222 0.364583 0.522222 0.368229 0.515741 0.368750 0.515741 0.376563 0.501852 0.377083 0.501852 0.388542 0.481481 0.389062 0.481481 0.390104 0.479630 0.391146 0.479630 0.391667 0.478704 0.392188 0.478704 0.392708 0.477778 0.393750 0.477778 0.394271 0.476852 0.394792 0.476852 0.395313 0.475926 0.395833 0.475926 0.396354 0.475000 0.397396 0.475000 0.397917 0.474074 0.398438 0.474074 0.398958 0.473148 0.400000 0.473148 0.400521 0.474074 0.401042 0.474074 0.401562 0.475000 0.402083 0.475000 0.403646 0.477778 0.404167 0.477778 0.407813 0.484259 0.408333 0.484259 0.431250 0.525000 0.431771 0.525000 0.432812 0.526852 0.433854 0.526852 0.434375 0.527778 0.434896 0.526852 0.435417 0.526852 0.436458 0.525000 0.436458 0.524074 0.437500 0.522222 0.437500 0.521296 0.438542 0.519444 0.438542 0.518519 0.440104 0.515741 0.440104 0.514815 0.441146 0.512963 0.441146 0.512037 0.442188 0.510185 0.442188 0.509259 0.439583 0.513889 0.439063 0.513889 0.438542 0.514815 0.436979 0.514815 0.435417 0.512037 0.434896 0.512037 0.425521 0.495370 0.425521 0.494444 0.400521 0.450000
0 0.482812 0.480556 0.080208 0.083333 0.482292 0.438889 0.481771 0.439815 0.481250 0.439815 0.479687 0.442593 0.479167 0.442593 0.478125 0.444444 0.478125 0.446296 0.477604 0.447222 0.477604 0.448148 0.464062 0.472222 0.463542 0.472222 0.447917 0.500000 0.447917 0.500926 0.447396 0.501852 0.447396 0.502778 0.446354 0.504630 0.446354 0.505556 0.445833 0.506481 0.445833 0.507407 0.444792 0.509259 0.444792 0.510185 0.444271 0.511111 0.444271 0.512037 0.443229 0.513889 0.443229 0.514815 0.442708 0.515741 0.442708 0.517593 0.443229 0.518519 0.443229 0.519444 0.444271 0.521296 0.445833 0.521296 0.446354 0.520370 0.446875 0.520370 0.454167 0.507407 0.454688 0.507407 0.465625 0.487963 0.466146 0.487963 0.470833 0.479630 0.471354 0.479630 0.474479 0.474074 0.475000 0.474074 0.476562 0.471296 0.477083 0.471296 0.478125 0.469444 0.478646 0.469444 0.479687 0.467593 0.480729 0.467593 0.481250 0.466667 0.482812 0.466667 0.483333 0.465741 0.483854 0.466667 0.485417 0.466667 0.485938 0.467593 0.486979 0.467593 0.488021 0.469444 0.488542 0.469444 0.490104 0.472222 0.490625 0.472222 0.493229 0.476852 0.493750 0.476852 0.518229 0.520370 0.518750 0.520370 0.519271 0.521296 0.519792 0.521296 0.520312 0.522222 0.521354 0.522222 0.521875 0.521296 0.522396 0.521296 0.522917 0.520370 0.522917 0.516667 0.522396 0.515741 0.522396 0.514815 0.520833 0.512037 0.520833 0.511111 0.519271 0.508333 0.519271 0.507407 0.517708 0.504630 0.517708 0.503704 0.515625 0.500000 0.515625 0.499074 0.514062 0.496296 0.514062 0.495370 0.511458 0.490741 0.511458 0.489815 0.491667 0.454630 0.491667 0.453704 0.484375 0.440741 0.483854 0.440741 0.482812 0.438889
0 0.576042 0.480556 0.080208 0.077778 0.567708 0.441667 0.566667 0.443519 0.568229 0.443519 0.568750 0.444444 0.569271 0.444444 0.570833 0.447222 0.570833 0.450926 0.570312 0.451852 0.570312 0.452778 0.545833 0.496296 0.545312 0.496296 0.535937 0.512963 0.539062 0.518519 0.539583 0.518519 0.540104 0.519444 0.540625 0.518519 0.541146 0.518519 0.541667 0.517593 0.542188 0.517593 0.555729 0.493519 0.556250 0.493519 0.563542 0.480556 0.564063 0.480556 0.567708 0.474074 0.568229 0.474074 0.570312 0.470370 0.570833 0.470370 0.571354 0.471296 0.572396 0.471296 0.572917 0.472222 0.573438 0.472222 0.573958 0.473148 0.575000 0.473148 0.575521 0.474074 0.576042 0.474074 0.576562 0.475000 0.577604 0.475000 0.578125 0.475926 0.578646 0.475926 0.579167 0.476852 0.580208 0.476852 0.580729 0.477778 0.581250 0.477778 0.581771 0.478704 0.582812 0.478704 0.583333 0.479630 0.583854 0.479630 0.584375 0.480556 0.585417 0.480556 0.585938 0.481481 0.586458 0.481481 0.586979 0.482407 0.588021 0.482407 0.588542 0.483333 0.589583 0.483333 0.590104 0.484259 0.590625 0.484259 0.591146 0.485185 0.592187 0.485185 0.593229 0.487037 0.593750 0.487037 0.610417 0.516667 0.610938 0.516667 0.611458 0.517593 0.611979 0.517593 0.612500 0.518519 0.615104 0.518519 0.615625 0.517593 0.615625 0.516667 0.616146 0.515741 0.616146 0.513889 0.615625 0.512963 0.615625 0.512037 0.608854 0.500000 0.608854 0.499074 0.578646 0.445370 0.577604 0.445370 0.577083 0.444444 0.575000 0.444444 0.574479 0.443519 0.572396 0.443519 0.571875 0.442593 0.570312 0.442593 0.569792 0.441667
0 0.663021 0.494907 0.094792 0.076852 0.667188 0.456481 0.644792 0.496296 0.644271 0.496296 0.630208 0.521296 0.629687 0.521296 0.628646 0.523148 0.627083 0.523148 0.626563 0.522222 0.626042 0.522222 0.625521 0.521296 0.625000 0.521296 0.624479 0.520370 0.623437 0.520370 0.622917 0.519444 0.622396 0.519444 0.621875 0.518519 0.621354 0.518519 0.620833 0.517593 0.619792 0.517593 0.619271 0.516667 0.618750 0.516667 0.618229 0.515741 0.617708 0.515741 0.617188 0.514815 0.616667 0.514815 0.616667 0.515741 0.616146 0.516667 0.616146 0.517593 0.615625 0.518519 0.616146 0.519444 0.616667 0.519444 0.617188 0.520370 0.617708 0.520370 0.618229 0.521296 0.618750 0.521296 0.619271 0.522222 0.620313 0.522222 0.620833 0.523148 0.621354 0.523148 0.621875 0.524074 0.622396 0.524074 0.622917 0.525000 0.623437 0.525000 0.623958 0.525926 0.624479 0.525926 0.625000 0.526852 0.625521 0.526852 0.626042 0.527778 0.627083 0.527778 0.627604 0.528704 0.628125 0.528704 0.628646 0.529630 0.629167 0.529630 0.629687 0.530556 0.630208 0.530556 0.630729 0.531481 0.631250 0.531481 0.631771 0.532407 0.632812 0.532407 0.633333 0.533333 0.633854 0.532407 0.634375 0.532407 0.635938 0.529630 0.636458 0.529630 0.652083 0.501852 0.652604 0.501852 0.658333 0.491667 0.658854 0.491667 0.661979 0.486111 0.662500 0.486111 0.663542 0.484259 0.665625 0.484259 0.666146 0.485185 0.667188 0.485185 0.667708 0.486111 0.668229 0.486111 0.668750 0.487037 0.668750 0.487963 0.669792 0.489815 0.671354 0.489815 0.671875 0.490741 0.673438 0.490741 0.673958 0.491667 0.675521 0.491667 0.676042 0.492593 0.677604 0.492593 0.678125 0.493519 0.679167 0.493519 0.679688 0.494444 0.680208 0.494444 0.680729 0.495370 0.681250 0.495370 0.694792 0.519444 0.694792 0.520370 0.695833 0.522222 0.696354 0.522222 0.700000 0.528704 0.701042 0.528704 0.701562 0.529630 0.702604 0.529630 0.703125 0.530556 0.704688 0.530556 0.705208 0.531481 0.706250 0.531481 0.706771 0.532407 0.709375 0.532407 0.710417 0.530556 0.710417 0.526852 0.709375 0.525000 0.709375 0.524074 0.697396 0.502778 0.697396 0.501852 0.679167 0.469444 0.679167 0.468519 0.674479 0.460185 0.673958 0.460185 0.672396 0.457407 0.670312 0.457407 0.669792 0.456481
0 0.358854 0.476852 0.087500 0.077778 0.398958 0.438889 0.398438 0.439815 0.396354 0.439815 0.395833 0.440741 0.393750 0.440741 0.393229 0.441667 0.391667 0.441667 0.391146 0.442593 0.390625 0.442593 0.383854 0.454630 0.383333 0.454630 0.371875 0.475000 0.371354 0.475000 0.366667 0.483333 0.366146 0.483333 0.364583 0.486111 0.363542 0.486111 0.363021 0.487037 0.362500 0.487037 0.361979 0.487963 0.360938 0.487963 0.360417 0.488889 0.358854 0.488889 0.358333 0.487963 0.357812 0.487963 0.356771 0.486111 0.356771 0.485185 0.356250 0.484259 0.356250 0.483333 0.355208 0.483333 0.354687 0.484259 0.353646 0.484259 0.353125 0.485185 0.352083 0.485185 0.351562 0.486111 0.350521 0.486111 0.350000 0.487037 0.349479 0.487037 0.348958 0.486111 0.348438 0.486111 0.347917 0.485185 0.347396 0.485185 0.331771 0.457407 0.331250 0.457407 0.323437 0.443519 0.322917 0.443519 0.320833 0.439815 0.320312 0.439815 0.319792 0.440741 0.316667 0.440741 0.316146 0.441667 0.315625 0.441667 0.315625 0.442593 0.315104 0.443519 0.315104 0.446296 0.316667 0.449074 0.316667 0.450000 0.347396 0.504630 0.347396 0.505556 0.349479 0.509259 0.350000 0.509259 0.353125 0.514815 0.353646 0.514815 0.354167 0.515741 0.355729 0.515741 0.356250 0.514815 0.356771 0.514815 0.357292 0.513889 0.357812 0.513889 0.358333 0.512963 0.358854 0.512963 0.359375 0.512037 0.359896 0.512037 0.360417 0.511111 0.360938 0.511111 0.368229 0.498148 0.368750 0.498148 0.390104 0.460185 0.390625 0.460185 0.395313 0.451852 0.395833 0.451852 0.396354 0.450926 0.397396 0.450926 0.397917 0.450000 0.399479 0.450000 0.400000 0.449074 0.400000 0.448148 0.398438 0.445370 0.398438 0.443519 0.397917 0.442593 0.398438 0.441667 0.398438 0.440741 0.399479 0.438889 0.400000 0.438889
0 0.438281 0.474074 0.079687 0.079630 0.476042 0.434259 0.475000 0.436111 0.474479 0.436111 0.471354 0.441667 0.470833 0.441667 0.460938 0.459259 0.460417 0.459259 0.448437 0.480556 0.447917 0.480556 0.446354 0.483333 0.445312 0.483333 0.444792 0.482407 0.444271 0.482407 0.442708 0.479630 0.442708 0.476852 0.435417 0.489815 0.433854 0.489815 0.433333 0.488889 0.432812 0.488889 0.431250 0.486111 0.430729 0.486111 0.421875 0.470370 0.421875 0.469444 0.416667 0.460185 0.416146 0.460185 0.407292 0.444444 0.406771 0.444444 0.404167 0.439815 0.403646 0.439815 0.403125 0.438889 0.400521 0.438889 0.400000 0.439815 0.399479 0.439815 0.398958 0.440741 0.398958 0.441667 0.398438 0.442593 0.398958 0.443519 0.398958 0.445370 0.400521 0.448148 0.400521 0.449074 0.426042 0.494444 0.426042 0.495370 0.434896 0.511111 0.435417 0.511111 0.436979 0.513889 0.438542 0.513889 0.439063 0.512963 0.439583 0.512963 0.442188 0.508333 0.442708 0.508333 0.463542 0.471296 0.464062 0.471296 0.477083 0.448148 0.477083 0.447222 0.477604 0.446296 0.477604 0.443519 0.478125 0.442593 0.478125 0.437037 0.476562 0.434259
0 0.529167 0.478704 0.082292 0.081481 0.488542 0.437963 0.488542 0.438889 0.488021 0.439815 0.488021 0.441667 0.488542 0.442593 0.488542 0.443519 0.489583 0.445370 0.489583 0.446296 0.490625 0.448148 0.490625 0.449074 0.491667 0.450926 0.491667 0.451852 0.495312 0.458333 0.495312 0.459259 0.528646 0.518519 0.529167 0.518519 0.529687 0.519444 0.531250 0.519444 0.531771 0.518519 0.532292 0.518519 0.545312 0.495370 0.545833 0.495370 0.569792 0.452778 0.569792 0.451852 0.570312 0.450926 0.570312 0.447222 0.569271 0.445370 0.568750 0.445370 0.568229 0.444444 0.566146 0.444444 0.565625 0.445370 0.565104 0.445370 0.555729 0.462037 0.555208 0.462037 0.543229 0.483333 0.542708 0.483333 0.542188 0.484259 0.541667 0.484259 0.541146 0.483333 0.540625 0.483333 0.539583 0.481481 0.539062 0.481481 0.538021 0.479630 0.537500 0.479630 0.536458 0.477778 0.535937 0.477778 0.535417 0.476852 0.532813 0.481481 0.532292 0.481481 0.531771 0.482407 0.530208 0.482407 0.529687 0.481481 0.529167 0.481481 0.527604 0.478704 0.527083 0.478704 0.525521 0.475926 0.524479 0.477778 0.523958 0.477778 0.523438 0.478704 0.523438 0.480556 0.521875 0.483333 0.519792 0.483333 0.518750 0.481481 0.518229 0.481481 0.517708 0.480556 0.517188 0.480556 0.516667 0.479630 0.516146 0.479630 0.515625 0.478704 0.515104 0.478704 0.513021 0.475000 0.512500 0.475000 0.507812 0.466667 0.507292 0.466667 0.491146 0.437963
0 0.618229 0.480556 0.100000 0.083333 0.569271 0.438889 0.568229 0.440741 0.569792 0.440741 0.570312 0.441667 0.571875 0.441667 0.572396 0.442593 0.574479 0.442593 0.575000 0.443519 0.577083 0.443519 0.577604 0.444444 0.578646 0.444444 0.609375 0.499074 0.609375 0.500000 0.616146 0.512037 0.616146 0.512963 0.616667 0.513889 0.617188 0.513889 0.617708 0.514815 0.618229 0.514815 0.618750 0.515741 0.619271 0.515741 0.619792 0.516667 0.620833 0.516667 0.621354 0.517593 0.621875 0.517593 0.622396 0.518519 0.622917 0.518519 0.623437 0.519444 0.624479 0.519444 0.625000 0.520370 0.625521 0.520370 0.626042 0.521296 0.626563 0.521296 0.627083 0.522222 0.628646 0.522222 0.629687 0.520370 0.630208 0.520370 0.644271 0.495370 0.644792 0.495370 0.667708 0.454630 0.667708 0.453704 0.668229 0.452778 0.668229 0.449074 0.667188 0.447222 0.666667 0.447222 0.666146 0.446296 0.662500 0.446296 0.661979 0.445370 0.660417 0.448148 0.659896 0.448148 0.656771 0.453704 0.656250 0.453704 0.650000 0.464815 0.649479 0.464815 0.634375 0.491667 0.633854 0.491667 0.632812 0.493519 0.632292 0.493519 0.631771 0.494444 0.631250 0.493519 0.630208 0.493519 0.629687 0.492593 0.628646 0.492593 0.628125 0.491667 0.626563 0.491667 0.626042 0.490741 0.625000 0.490741 0.624479 0.489815 0.623437 0.489815 0.622917 0.488889 0.621875 0.488889 0.621354 0.487963 0.620313 0.487963 0.619792 0.487037 0.618750 0.487037 0.618229 0.486111 0.616667 0.486111 0.616146 0.485185 0.615104 0.485185 0.614583 0.484259 0.613542 0.484259 0.593750 0.449074 0.593229 0.449074 0.592187 0.447222 0.591667 0.447222 0.591146 0.446296 0.589063 0.446296 0.588542 0.445370 0.586458 0.445370 0.585938 0.444444 0.583333 0.444444 0.582812 0.443519 0.580729 0.443519 0.580208 0.442593 0.578125 0.442593 0.577604 0.441667 0.575521 0.441667 0.575000 0.440741 0.572917 0.440741 0.572396 0.439815 0.570312 0.439815 0.569792 0.438889
0 0.716667 0.500463 0.080208 0.075000 0.676562 0.462963 0.679688 0.468519 0.679688 0.469444 0.697917 0.501852 0.697917 0.502778 0.709896 0.524074 0.709896 0.525000 0.710938 0.526852 0.710938 0.530556 0.709375 0.533333 0.707812 0.533333 0.708854 0.533333 0.709375 0.534259 0.710938 0.534259 0.711458 0.535185 0.712500 0.535185 0.713021 0.536111 0.714063 0.536111 0.714583 0.537037 0.715625 0.537037 0.716146 0.537963 0.717708 0.537963 0.718229 0.537037 0.718750 0.537037 0.721354 0.532407 0.721875 0.532407 0.745833 0.489815 0.746354 0.489815 0.755729 0.473148 0.755729 0.472222 0.756771 0.470370 0.756771 0.467593 0.755208 0.464815 0.754167 0.464815 0.753646 0.463889 0.752604 0.463889 0.730729 0.502778 0.730208 0.502778 0.726042 0.510185 0.725521 0.510185 0.725000 0.511111 0.722396 0.511111 0.721875 0.510185 0.720313 0.510185 0.719792 0.509259 0.718229 0.509259 0.717708 0.508333 0.716146 0.508333 0.715625 0.507407 0.714063 0.507407 0.713542 0.506481 0.711458 0.506481 0.710938 0.505556 0.709375 0.505556 0.708854 0.504630 0.707292 0.504630 0.706771 0.503704 0.705208 0.503704 0.704688 0.502778 0.704167 0.502778 0.683333 0.465741 0.682813 0.465741 0.682292 0.464815 0.681250 0.464815 0.680729 0.463889 0.677604 0.463889 0.677083 0.462963
0 0.315885 0.448611 0.086979 0.075000 0.311458 0.411111 0.310937 0.412037 0.310417 0.412037 0.294792 0.439815 0.294271 0.439815 0.273438 0.476852 0.273438 0.477778 0.272917 0.478704 0.272917 0.479630 0.272396 0.480556 0.272396 0.481481 0.272917 0.482407 0.272917 0.483333 0.273438 0.484259 0.273958 0.484259 0.274479 0.485185 0.275521 0.485185 0.276562 0.483333 0.277083 0.483333 0.291667 0.457407 0.292187 0.457407 0.293229 0.455556 0.293750 0.455556 0.294271 0.454630 0.296875 0.454630 0.297396 0.453704 0.301042 0.453704 0.301563 0.452778 0.304688 0.452778 0.305208 0.451852 0.308854 0.451852 0.309375 0.450926 0.310417 0.450926 0.311458 0.449074 0.311979 0.449074 0.312500 0.448148 0.315104 0.448148 0.315104 0.447222 0.314583 0.446296 0.314583 0.443519 0.315104 0.442593 0.315104 0.441667 0.315625 0.440741 0.316146 0.440741 0.316667 0.439815 0.319792 0.439815 0.320312 0.438889 0.320833 0.438889 0.322917 0.442593 0.323437 0.442593 0.331250 0.456481 0.331771 0.456481 0.347396 0.484259 0.347917 0.484259 0.348438 0.485185 0.348958 0.485185 0.349479 0.486111 0.350000 0.486111 0.350521 0.485185 0.351562 0.485185 0.352083 0.484259 0.353125 0.484259 0.353646 0.483333 0.354687 0.483333 0.355208 0.482407 0.356250 0.482407 0.356771 0.481481 0.356771 0.480556 0.359375 0.475926 0.358854 0.476852 0.357812 0.476852 0.357292 0.477778 0.355729 0.477778 0.355208 0.478704 0.354167 0.478704 0.353646 0.479630 0.351562 0.479630 0.350521 0.477778 0.350000 0.477778 0.319792 0.424074 0.319792 0.423148 0.313021 0.411111
0 0.401042 0.450926 0.088542 0.075926 0.396875 0.412963 0.396354 0.413889 0.395833 0.413889 0.395313 0.414815 0.394792 0.414815 0.380208 0.440741 0.379688 0.440741 0.357292 0.480556 0.357292 0.481481 0.356771 0.482407 0.356771 0.484259 0.357292 0.485185 0.357292 0.486111 0.357812 0.487037 0.358333 0.487037 0.358854 0.487963 0.360417 0.487963 0.360938 0.487037 0.361979 0.487037 0.362500 0.486111 0.363021 0.486111 0.363542 0.485185 0.364583 0.485185 0.366146 0.482407 0.366667 0.482407 0.371354 0.474074 0.371875 0.474074 0.383333 0.453704 0.383854 0.453704 0.390625 0.441667 0.391146 0.441667 0.391667 0.440741 0.393229 0.440741 0.393750 0.439815 0.395833 0.439815 0.396354 0.438889 0.398438 0.438889 0.398958 0.437963 0.401562 0.437963 0.402083 0.437037 0.402604 0.437037 0.403646 0.438889 0.404167 0.438889 0.406771 0.443519 0.407292 0.443519 0.416146 0.459259 0.416667 0.459259 0.422396 0.469444 0.422396 0.470370 0.430729 0.485185 0.431250 0.485185 0.432812 0.487963 0.433333 0.487963 0.433854 0.488889 0.435417 0.488889 0.444271 0.473148 0.444271 0.472222 0.445312 0.470370 0.445312 0.469444 0.444792 0.468519 0.444792 0.467593 0.441146 0.474074 0.440625 0.474074 0.439583 0.475926 0.437500 0.475926 0.433854 0.469444 0.433333 0.469444 0.431250 0.465741 0.431250 0.464815 0.402083 0.412963
0 0.483073 0.444444 0.079687 0.075926 0.483333 0.406481 0.482812 0.407407 0.482292 0.407407 0.481250 0.409259 0.480729 0.409259 0.465104 0.437037 0.464583 0.437037 0.444792 0.472222 0.444792 0.473148 0.443229 0.475926 0.443229 0.479630 0.444271 0.481481 0.444792 0.481481 0.445312 0.482407 0.446354 0.482407 0.447917 0.479630 0.448437 0.479630 0.464583 0.450926 0.465104 0.450926 0.470833 0.440741 0.471354 0.440741 0.474479 0.435185 0.475000 0.435185 0.477083 0.431481 0.477604 0.431481 0.478646 0.429630 0.479167 0.429630 0.479687 0.428704 0.480208 0.428704 0.480729 0.427778 0.481771 0.427778 0.482292 0.426852 0.484896 0.426852 0.485417 0.427778 0.485938 0.427778 0.486458 0.428704 0.486979 0.428704 0.487500 0.429630 0.488021 0.429630 0.489063 0.431481 0.489583 0.431481 0.491667 0.435185 0.492188 0.435185 0.510417 0.467593 0.510938 0.467593 0.518229 0.480556 0.518750 0.480556 0.519792 0.482407 0.521875 0.482407 0.522917 0.480556 0.522917 0.476852 0.522396 0.475926 0.522396 0.475000 0.513021 0.458333 0.513021 0.457407 0.485417 0.408333 0.484896 0.408333 0.484375 0.407407 0.483854 0.407407
0 0.577604 0.445370 0.083333 0.075926 0.570833 0.407407 0.571354 0.408333 0.571354 0.409259 0.571875 0.410185 0.571875 0.412037 0.570833 0.413889 0.570833 0.414815 0.548958 0.453704 0.548438 0.453704 0.535937 0.475926 0.535937 0.476852 0.536458 0.476852 0.537500 0.478704 0.538021 0.478704 0.539062 0.480556 0.539583 0.480556 0.540625 0.482407 0.541146 0.482407 0.541667 0.483333 0.542188 0.483333 0.542708 0.482407 0.543229 0.482407 0.555208 0.461111 0.555729 0.461111 0.565104 0.444444 0.565625 0.444444 0.569271 0.437963 0.569792 0.437963 0.570312 0.437037 0.571354 0.438889 0.572396 0.438889 0.572917 0.439815 0.575000 0.439815 0.575521 0.440741 0.577604 0.440741 0.578125 0.441667 0.580208 0.441667 0.580729 0.442593 0.582812 0.442593 0.583333 0.443519 0.585938 0.443519 0.586458 0.444444 0.588542 0.444444 0.589063 0.445370 0.591146 0.445370 0.591667 0.446296 0.592187 0.446296 0.593229 0.448148 0.593750 0.448148 0.611979 0.480556 0.613542 0.480556 0.614062 0.481481 0.615104 0.481481 0.615625 0.482407 0.618229 0.482407 0.619271 0.480556 0.619271 0.476852 0.618229 0.475000 0.618229 0.474074 0.606250 0.452778 0.606250 0.451852 0.581250 0.407407
0 0.660417 0.455556 0.095833 0.075926 0.665625 0.417593 0.635938 0.470370 0.635417 0.470370 0.628646 0.482407 0.628125 0.482407 0.627604 0.483333 0.625000 0.483333 0.624479 0.482407 0.623437 0.482407 0.622917 0.481481 0.621354 0.481481 0.620833 0.480556 0.619792 0.480556 0.618229 0.483333 0.615625 0.483333 0.615104 0.482407 0.614062 0.482407 0.613542 0.481481 0.612500 0.481481 0.613542 0.483333 0.614583 0.483333 0.615104 0.484259 0.616146 0.484259 0.616667 0.485185 0.618229 0.485185 0.618750 0.486111 0.619792 0.486111 0.620313 0.487037 0.621354 0.487037 0.621875 0.487963 0.622917 0.487963 0.623437 0.488889 0.624479 0.488889 0.625000 0.489815 0.626042 0.489815 0.626563 0.490741 0.628125 0.490741 0.628646 0.491667 0.629687 0.491667 0.630208 0.492593 0.631250 0.492593 0.631771 0.493519 0.632292 0.492593 0.632812 0.492593 0.633854 0.490741 0.634375 0.490741 0.649479 0.463889 0.650000 0.463889 0.656250 0.452778 0.656771 0.452778 0.659896 0.447222 0.660417 0.447222 0.661979 0.444444 0.662500 0.445370 0.666146 0.445370 0.666667 0.446296 0.667188 0.446296 0.668750 0.449074 0.668750 0.452778 0.668229 0.453704 0.668229 0.454630 0.667708 0.455556 0.669792 0.455556 0.670312 0.456481 0.672396 0.456481 0.673958 0.459259 0.674479 0.459259 0.676042 0.462037 0.677083 0.462037 0.677604 0.462963 0.680729 0.462963 0.681250 0.463889 0.682292 0.463889 0.682813 0.464815 0.683333 0.464815 0.697396 0.489815 0.698438 0.489815 0.698958 0.490741 0.701042 0.490741 0.701562 0.491667 0.703125 0.491667 0.703646 0.492593 0.707292 0.492593 0.708333 0.490741 0.708333 0.487963 0.707812 0.487037 0.707812 0.486111 0.705208 0.481481 0.705208 0.480556 0.689063 0.451852 0.689063 0.450926 0.670833 0.418519 0.668229 0.418519 0.667708 0.417593
0 0.356771 0.440278 0.089583 0.076852 0.314063 0.401852 0.313542 0.402778 0.313021 0.402778 0.311979 0.404630 0.311979 0.407407 0.312500 0.408333 0.312500 0.409259 0.320312 0.423148 0.320312 0.424074 0.350000 0.476852 0.350521 0.476852 0.351562 0.478704 0.353646 0.478704 0.354167 0.477778 0.355208 0.477778 0.355729 0.476852 0.357292 0.476852 0.357812 0.475926 0.358854 0.475926 0.359375 0.475000 0.359896 0.475000 0.379688 0.439815 0.380208 0.439815 0.394792 0.413889 0.395313 0.413889 0.395833 0.412963 0.396354 0.412963 0.396875 0.412037 0.401562 0.412037 0.400000 0.409259 0.400000 0.408333 0.398958 0.406481 0.398958 0.403704 0.394271 0.403704 0.393750 0.402778 0.390104 0.402778 0.389583 0.403704 0.389062 0.403704 0.377083 0.425000 0.376563 0.425000 0.367708 0.440741 0.367188 0.440741 0.363021 0.448148 0.362500 0.448148 0.361458 0.450000 0.360417 0.450000 0.358333 0.446296 0.358333 0.445370 0.357812 0.446296 0.355208 0.446296 0.354687 0.447222 0.352083 0.447222 0.351562 0.448148 0.349479 0.448148 0.348438 0.446296 0.347917 0.446296 0.330729 0.415741 0.330208 0.415741 0.323958 0.404630 0.323437 0.404630 0.322396 0.402778 0.315625 0.402778 0.315104 0.401852
0 0.438802 0.437963 0.078646 0.074074 0.400521 0.400926 0.400000 0.401852 0.399479 0.401852 0.399479 0.406481 0.400521 0.408333 0.400521 0.409259 0.431771 0.464815 0.431771 0.465741 0.433333 0.468519 0.433854 0.468519 0.437500 0.475000 0.439583 0.475000 0.440625 0.473148 0.441146 0.473148 0.446875 0.462963 0.447396 0.462963 0.472396 0.418519 0.472917 0.418519 0.476042 0.412963 0.476042 0.412037 0.478125 0.408333 0.478125 0.403704 0.476562 0.400926 0.475000 0.400926 0.472917 0.404630 0.472396 0.404630 0.455729 0.434259 0.455208 0.434259 0.450000 0.443519 0.449479 0.443519 0.447917 0.446296 0.447396 0.446296 0.446875 0.447222 0.446354 0.447222 0.445833 0.446296 0.444271 0.446296 0.443229 0.444444 0.442708 0.444444 0.442188 0.445370 0.441146 0.445370 0.440625 0.446296 0.440104 0.446296 0.439583 0.447222 0.439063 0.447222 0.438542 0.448148 0.438021 0.448148 0.437500 0.449074 0.436979 0.449074 0.436458 0.450000 0.434375 0.450000 0.433854 0.449074 0.433333 0.449074 0.414062 0.414815 0.413542 0.414815 0.407813 0.404630 0.407292 0.404630 0.405208 0.400926
0 0.529687 0.443981 0.083333 0.075000 0.490104 0.406481 0.489583 0.407407 0.489063 0.407407 0.488021 0.409259 0.488021 0.410185 0.488542 0.411111 0.488542 0.412037 0.491667 0.417593 0.491667 0.418519 0.518750 0.466667 0.519271 0.466667 0.520833 0.469444 0.521354 0.469444 0.522917 0.472222 0.523438 0.472222 0.525000 0.475000 0.525521 0.475000 0.527083 0.477778 0.527604 0.477778 0.529167 0.480556 0.529687 0.480556 0.530208 0.481481 0.531771 0.481481 0.532292 0.480556 0.532813 0.480556 0.548438 0.452778 0.548958 0.452778 0.570312 0.414815 0.570312 0.413889 0.571354 0.412037 0.571354 0.410185 0.570833 0.409259 0.570833 0.408333 0.569792 0.406481 0.565104 0.406481 0.558333 0.418519 0.557813 0.418519 0.543750 0.443519 0.543229 0.443519 0.542188 0.445370 0.541667 0.445370 0.541146 0.444444 0.540104 0.444444 0.539583 0.443519 0.538542 0.443519 0.538021 0.442593 0.536979 0.442593 0.536458 0.441667 0.535417 0.441667 0.534896 0.440741 0.533333 0.443519 0.532813 0.443519 0.532292 0.444444 0.531250 0.444444 0.530729 0.443519 0.529687 0.443519 0.529167 0.442593 0.528125 0.442593 0.527604 0.443519 0.527083 0.443519 0.525000 0.447222 0.524479 0.447222 0.523438 0.449074 0.522917 0.449074 0.522396 0.450000 0.521875 0.450000 0.521354 0.450926 0.520833 0.450926 0.518750 0.447222 0.518229 0.447222 0.496354 0.408333 0.495833 0.408333 0.494792 0.406481
0 0.624219 0.444907 0.084896 0.075000 0.581771 0.407407 0.606771 0.451852 0.606771 0.452778 0.618750 0.474074 0.618750 0.475000 0.619792 0.476852 0.619792 0.479630 0.620833 0.479630 0.621354 0.480556 0.622917 0.480556 0.623437 0.481481 0.624479 0.481481 0.625000 0.482407 0.627604 0.482407 0.628125 0.481481 0.628646 0.481481 0.635417 0.469444 0.635938 0.469444 0.666667 0.414815 0.666667 0.410185 0.665625 0.408333 0.665104 0.408333 0.664583 0.407407 0.659896 0.407407 0.658333 0.410185 0.657813 0.410185 0.654167 0.416667 0.653646 0.416667 0.646354 0.429630 0.645833 0.429630 0.632292 0.453704 0.631771 0.453704 0.630729 0.455556 0.630208 0.455556 0.629687 0.454630 0.627083 0.454630 0.626563 0.453704 0.623958 0.453704 0.623437 0.452778 0.620833 0.452778 0.620313 0.451852 0.618229 0.451852 0.617708 0.450926 0.616146 0.450926 0.615625 0.450000 0.615104 0.450000 0.592187 0.409259 0.591667 0.409259 0.591146 0.408333 0.590625 0.408333 0.590104 0.407407
0 0.722396 0.470370 0.083333 0.079630 0.703646 0.430556 0.700521 0.436111 0.700521 0.437037 0.705208 0.445370 0.705208 0.446296 0.706250 0.448148 0.706250 0.449074 0.706771 0.450000 0.706250 0.450926 0.706250 0.452778 0.705208 0.454630 0.704167 0.454630 0.703646 0.455556 0.703125 0.454630 0.700000 0.454630 0.690625 0.437963 0.690104 0.437963 0.689583 0.437037 0.689063 0.437037 0.688542 0.436111 0.682813 0.436111 0.682292 0.435185 0.680729 0.435185 0.689583 0.450926 0.689583 0.451852 0.705729 0.480556 0.705729 0.481481 0.708333 0.486111 0.708333 0.487037 0.708854 0.487963 0.708854 0.490741 0.707292 0.493519 0.703646 0.493519 0.703125 0.492593 0.701562 0.492593 0.701042 0.491667 0.698958 0.491667 0.698438 0.490741 0.697917 0.490741 0.704167 0.501852 0.704688 0.501852 0.705208 0.502778 0.706771 0.502778 0.707292 0.503704 0.708854 0.503704 0.709375 0.504630 0.710938 0.504630 0.711458 0.505556 0.713542 0.505556 0.714063 0.506481 0.715625 0.506481 0.716146 0.507407 0.717708 0.507407 0.718229 0.508333 0.719792 0.508333 0.720313 0.509259 0.721875 0.509259 0.722396 0.510185 0.725000 0.510185 0.725521 0.509259 0.726042 0.509259 0.730208 0.501852 0.730729 0.501852 0.756250 0.456481 0.756771 0.456481 0.761979 0.447222 0.761979 0.446296 0.764062 0.442593 0.764062 0.439815 0.763542 0.438889 0.763542 0.437963 0.763021 0.437037 0.762500 0.437037 0.761979 0.436111 0.754687 0.436111 0.754167 0.435185 0.745833 0.435185 0.745313 0.434259 0.736979 0.434259 0.736458 0.433333 0.727604 0.433333 0.727083 0.432407 0.718750 0.432407 0.718229 0.431481 0.709375 0.431481 0.708854 0.430556
0 0.316667 0.410185 0.086458 0.074074 0.311979 0.373148 0.310937 0.375000 0.310417 0.375000 0.273958 0.439815 0.273958 0.440741 0.273438 0.441667 0.273438 0.442593 0.273958 0.443519 0.273958 0.444444 0.275000 0.446296 0.275521 0.446296 0.276042 0.447222 0.277083 0.447222 0.277604 0.446296 0.278125 0.446296 0.279687 0.443519 0.280208 0.443519 0.290104 0.425926 0.290625 0.425926 0.291146 0.425000 0.298958 0.425000 0.299479 0.424074 0.303125 0.424074 0.310417 0.411111 0.310937 0.411111 0.311458 0.410185 0.312500 0.410185 0.311979 0.409259 0.311979 0.408333 0.311458 0.407407 0.311458 0.404630 0.313021 0.401852 0.313542 0.401852 0.314063 0.400926 0.315104 0.400926 0.315625 0.401852 0.322396 0.401852 0.323437 0.403704 0.323958 0.403704 0.330208 0.414815 0.330729 0.414815 0.347917 0.445370 0.348438 0.445370 0.349479 0.447222 0.351562 0.447222 0.352083 0.446296 0.354687 0.446296 0.355208 0.445370 0.357812 0.445370 0.358333 0.444444 0.358333 0.442593 0.359375 0.440741 0.359375 0.439815 0.359896 0.438889 0.358854 0.438889 0.358333 0.439815 0.354167 0.439815 0.352083 0.436111 0.351562 0.436111 0.323958 0.387037 0.323958 0.386111 0.316667 0.373148
0 0.401562 0.412037 0.085417 0.074074 0.397396 0.375000 0.396875 0.375926 0.396354 0.375926 0.378125 0.408333 0.377604 0.408333 0.359896 0.439815 0.359896 0.440741 0.358854 0.442593 0.358854 0.446296 0.360417 0.449074 0.361458 0.449074 0.362500 0.447222 0.363021 0.447222 0.367188 0.439815 0.367708 0.439815 0.376563 0.424074 0.377083 0.424074 0.389062 0.402778 0.389583 0.402778 0.390104 0.401852 0.393750 0.401852 0.394271 0.402778 0.398958 0.402778 0.398958 0.401852 0.399479 0.400926 0.400000 0.400926 0.400521 0.400000 0.405208 0.400000 0.407292 0.403704 0.407813 0.403704 0.413542 0.413889 0.414062 0.413889 0.433333 0.448148 0.433854 0.448148 0.434375 0.449074 0.436458 0.449074 0.436979 0.448148 0.437500 0.448148 0.438021 0.447222 0.438542 0.447222 0.439063 0.446296 0.439583 0.446296 0.440104 0.445370 0.440625 0.445370 0.441146 0.444444 0.442188 0.444444 0.442708 0.443519 0.443229 0.443519 0.443750 0.442593 0.443229 0.441667 0.443229 0.440741 0.442708 0.439815 0.442708 0.437963 0.443229 0.437037 0.443229 0.436111 0.444271 0.434259 0.443750 0.435185 0.442708 0.435185 0.442188 0.436111 0.441146 0.436111 0.440625 0.437037 0.440104 0.437037 0.439583 0.437963 0.438021 0.437963 0.436979 0.436111 0.436458 0.436111 0.403125 0.376852 0.402083 0.376852 0.401562 0.375926 0.400521 0.375926 0.400000 0.375000
0 0.483073 0.406019 0.079687 0.075000 0.482812 0.368519 0.482292 0.369444 0.481771 0.369444 0.478125 0.375926 0.477604 0.375926 0.443750 0.436111 0.443750 0.437037 0.443229 0.437963 0.443229 0.439815 0.443750 0.440741 0.443750 0.441667 0.444271 0.442593 0.444792 0.442593 0.445312 0.443519 0.446875 0.443519 0.447917 0.441667 0.448437 0.441667 0.448958 0.440741 0.449479 0.440741 0.450000 0.439815 0.450521 0.439815 0.451042 0.438889 0.451562 0.438889 0.452604 0.437037 0.453125 0.437037 0.455208 0.433333 0.455729 0.433333 0.472396 0.403704 0.472917 0.403704 0.475000 0.400000 0.475521 0.400000 0.477083 0.397222 0.477604 0.397222 0.478646 0.395370 0.479167 0.395370 0.479687 0.394444 0.480208 0.394444 0.480729 0.393519 0.484375 0.393519 0.484896 0.394444 0.485417 0.394444 0.486458 0.396296 0.486979 0.396296 0.488542 0.399074 0.489063 0.399074 0.492708 0.405556 0.494792 0.405556 0.495833 0.407407 0.496354 0.407407 0.514583 0.439815 0.515625 0.439815 0.516146 0.440741 0.516667 0.440741 0.517188 0.441667 0.518229 0.441667 0.518750 0.442593 0.519271 0.442593 0.519792 0.443519 0.521875 0.443519 0.522917 0.441667 0.522917 0.437963 0.522396 0.437037 0.522396 0.436111 0.508854 0.412037 0.508854 0.411111 0.485417 0.369444 0.484896 0.369444 0.484375 0.368519
0 0.577344 0.406481 0.083854 0.075926 0.578125 0.368519 0.577604 0.369444 0.576042 0.369444 0.575521 0.370370 0.573438 0.370370 0.572917 0.371296 0.572917 0.374074 0.535937 0.439815 0.535417 0.439815 0.535417 0.440741 0.536458 0.440741 0.536979 0.441667 0.538021 0.441667 0.538542 0.442593 0.539583 0.442593 0.540104 0.443519 0.541146 0.443519 0.541667 0.444444 0.542188 0.444444 0.543229 0.442593 0.543750 0.442593 0.557813 0.417593 0.558333 0.417593 0.565625 0.404630 0.566146 0.404630 0.567708 0.401852 0.570312 0.406481 0.590104 0.406481 0.590625 0.407407 0.591146 0.407407 0.591667 0.408333 0.592187 0.408333 0.611458 0.442593 0.613021 0.442593 0.613542 0.443519 0.618229 0.443519 0.618750 0.442593 0.618750 0.441667 0.619271 0.440741 0.619271 0.438889 0.618750 0.437963 0.618750 0.437037 0.614062 0.428704 0.614062 0.427778 0.592187 0.388889 0.592187 0.387963 0.582292 0.370370 0.581771 0.370370 0.580729 0.368519
0 0.659115 0.417130 0.094271 0.075000 0.667708 0.379630 0.667188 0.380556 0.664583 0.380556 0.664062 0.381481 0.664062 0.382407 0.661458 0.387037 0.660937 0.387037 0.630729 0.440741 0.630208 0.440741 0.628125 0.444444 0.627604 0.444444 0.627083 0.445370 0.625521 0.445370 0.625000 0.444444 0.621875 0.444444 0.621354 0.443519 0.618750 0.443519 0.618229 0.444444 0.613542 0.444444 0.613021 0.443519 0.611979 0.443519 0.615104 0.449074 0.615625 0.449074 0.616146 0.450000 0.617708 0.450000 0.618229 0.450926 0.620313 0.450926 0.620833 0.451852 0.623437 0.451852 0.623958 0.452778 0.626563 0.452778 0.627083 0.453704 0.629687 0.453704 0.630208 0.454630 0.630729 0.454630 0.631771 0.452778 0.632292 0.452778 0.645833 0.428704 0.646354 0.428704 0.653646 0.415741 0.654167 0.415741 0.657813 0.409259 0.658333 0.409259 0.659896 0.406481 0.664583 0.406481 0.665104 0.407407 0.665625 0.407407 0.667188 0.410185 0.667188 0.414815 0.666146 0.416667 0.667708 0.416667 0.668229 0.417593 0.670833 0.417593 0.680208 0.434259 0.682292 0.434259 0.682813 0.435185 0.688542 0.435185 0.689063 0.436111 0.689583 0.436111 0.690104 0.437037 0.690625 0.437037 0.700000 0.453704 0.703125 0.453704 0.703646 0.454630 0.704167 0.453704 0.705208 0.453704 0.705729 0.452778 0.705729 0.450926 0.706250 0.450000 0.705729 0.449074 0.705729 0.448148 0.704688 0.446296 0.704688 0.445370 0.694792 0.427778 0.694792 0.426852 0.677604 0.396296 0.677604 0.395370 0.669792 0.381481 0.669271 0.381481 0.668750 0.380556 0.668229 0.380556