0 0.284896 0.557407 0.090625 0.072222 0.245312 0.521296 0.244792 0.522222 0.242708 0.522222 0.242188 0.523148 0.241146 0.523148 0.240625 0.524074 0.240104 0.524074 0.240104 0.525000 0.239583 0.525926 0.239583 0.528704 0.240104 0.529630 0.240104 0.530556 0.240625 0.531481 0.240625 0.532407 0.274479 0.592593 0.275000 0.592593 0.275521 0.593519 0.282292 0.593519 0.282813 0.592593 0.283333 0.592593 0.283854 0.591667 0.284896 0.591667 0.285417 0.590741 0.285938 0.590741 0.286458 0.589815 0.287500 0.589815 0.288021 0.588889 0.288542 0.588889 0.289062 0.587963 0.290104 0.587963 0.290625 0.587037 0.291146 0.587037 0.291667 0.586111 0.292187 0.586111 0.292708 0.585185 0.293750 0.585185 0.294271 0.584259 0.294792 0.584259 0.295312 0.583333 0.296354 0.583333 0.296875 0.582407 0.297396 0.582407 0.297917 0.581481 0.298958 0.581481 0.299479 0.580556 0.300000 0.580556 0.300521 0.579630 0.301563 0.579630 0.302083 0.578704 0.302604 0.578704 0.303125 0.577778 0.304167 0.577778 0.304688 0.576852 0.305208 0.576852 0.305729 0.575926 0.306771 0.575926 0.307292 0.575000 0.307812 0.575000 0.308333 0.574074 0.309375 0.574074 0.309896 0.573148 0.310417 0.573148 0.310937 0.572222 0.311458 0.572222 0.311979 0.571296 0.313021 0.571296 0.313542 0.570370 0.314063 0.570370 0.314583 0.569444 0.315625 0.569444 0.316146 0.568519 0.316667 0.568519 0.317188 0.567593 0.318229 0.567593 0.318750 0.566667 0.319271 0.566667 0.319792 0.565741 0.320833 0.565741 0.321354 0.564815 0.321875 0.564815 0.322396 0.563889 0.323437 0.563889 0.323958 0.562963 0.324479 0.562963 0.325000 0.562037 0.326042 0.562037 0.326562 0.561111 0.327083 0.561111 0.327604 0.560185 0.328646 0.560185 0.329167 0.559259 0.329688 0.559259 0.330208 0.558333 0.330208 0.555556 0.329167 0.553704 0.329167 0.552778 0.328646 0.551852 0.328646 0.550926 0.327604 0.549074 0.327604 0.548148 0.326562 0.546296 0.326562 0.545370 0.325521 0.543519 0.325521 0.542593 0.325000 0.541667 0.325000 0.540741 0.323958 0.538889 0.323958 0.537963 0.322917 0.536111 0.322917 0.535185 0.321875 0.533333 0.321875 0.532407 0.321354 0.531481 0.321354 0.530556 0.320312 0.528704 0.320312 0.527778 0.319271 0.525926 0.319271 0.525000 0.318750 0.524074 0.318750 0.523148 0.318229 0.522222 0.315104 0.522222 0.314583 0.523148 0.313542 0.523148 0.313021 0.524074 0.312500 0.524074 0.297917 0.550000 0.297396 0.550000 0.296875 0.550926 0.295833 0.550926 0.295312 0.551852 0.293750 0.551852 0.293229 0.552778 0.292187 0.552778 0.291667 0.553704 0.290625 0.553704 0.290104 0.554630 0.289062 0.554630 0.288542 0.555556 0.286979 0.555556 0.286458 0.556481 0.285417 0.556481 0.284896 0.557407 0.283854 0.557407 0.283333 0.558333 0.281771 0.558333 0.281250 0.559259 0.280208 0.559259 0.279687 0.560185 0.278646 0.560185 0.278125 0.561111 0.276042 0.561111 0.274479 0.558333 0.274479 0.557407 0.269271 0.557407 0.253646 0.529630 0.253646 0.528704 0.253125 0.528704 0.249479 0.522222 0.249479 0.521296
0 0.274740 0.519907 0.083854 0.075000 0.315625 0.482407 0.315104 0.483333 0.312500 0.483333 0.311979 0.484259 0.308854 0.484259 0.308333 0.485185 0.306250 0.485185 0.305729 0.486111 0.305208 0.486111 0.304167 0.487963 0.303646 0.487963 0.285417 0.520370 0.284896 0.520370 0.284375 0.521296 0.283333 0.521296 0.282813 0.522222 0.280729 0.522222 0.280208 0.523148 0.278646 0.523148 0.278125 0.524074 0.276042 0.524074 0.275521 0.525000 0.273958 0.525000 0.273438 0.525926 0.271354 0.525926 0.270833 0.526852 0.269271 0.526852 0.268750 0.527778 0.266667 0.527778 0.266146 0.528704 0.264583 0.528704 0.264062 0.529630 0.261979 0.529630 0.261458 0.528704 0.260937 0.528704 0.248958 0.507407 0.248958 0.506481 0.236458 0.484259 0.233854 0.484259 0.232813 0.486111 0.232813 0.489815 0.233333 0.490741 0.233333 0.491667 0.239063 0.501852 0.239063 0.502778 0.254167 0.529630 0.254167 0.530556 0.269271 0.557407 0.271875 0.557407 0.272396 0.556481 0.273958 0.556481 0.273958 0.554630 0.275521 0.551852 0.275521 0.550926 0.307292 0.494444 0.307812 0.494444 0.311458 0.487963 0.311979 0.487963 0.312500 0.487037 0.314063 0.487037 0.314583 0.486111 0.316667 0.486111 0.316146 0.485185 0.316146 0.484259 0.315625 0.483333
0 0.269271 0.490741 0.090625 0.075926 0.234896 0.452778 0.234375 0.453704 0.227604 0.453704 0.227083 0.454630 0.225000 0.454630 0.224479 0.455556 0.224479 0.456481 0.223958 0.457407 0.223958 0.458333 0.224479 0.459259 0.224479 0.460185 0.225000 0.461111 0.225000 0.462037 0.232813 0.475926 0.232813 0.476852 0.249479 0.506481 0.249479 0.507407 0.260937 0.527778 0.261458 0.527778 0.261979 0.528704 0.264062 0.528704 0.264583 0.527778 0.266146 0.527778 0.266667 0.526852 0.268750 0.526852 0.269271 0.525926 0.270833 0.525926 0.271354 0.525000 0.273438 0.525000 0.273958 0.524074 0.275521 0.524074 0.276042 0.523148 0.278125 0.523148 0.278646 0.522222 0.280208 0.522222 0.280729 0.521296 0.282813 0.521296 0.282292 0.521296 0.280729 0.518519 0.280729 0.517593 0.280208 0.516667 0.280208 0.515741 0.280729 0.514815 0.280729 0.513889 0.281250 0.512963 0.281250 0.512037 0.314583 0.452778 0.310937 0.452778 0.310417 0.453704 0.305208 0.453704 0.304688 0.454630 0.299479 0.454630 0.298958 0.455556 0.297917 0.455556 0.296354 0.458333 0.295833 0.458333 0.275521 0.494444 0.275000 0.494444 0.273958 0.496296 0.272917 0.496296 0.272396 0.497222 0.269792 0.497222 0.269271 0.498148 0.266667 0.498148 0.266146 0.499074 0.263542 0.499074 0.263021 0.500000 0.261458 0.500000 0.260937 0.499074 0.260417 0.499074 0.234896 0.453704
0 0.265885 0.462500 0.083854 0.073148 0.225000 0.425926 0.223958 0.427778 0.223958 0.431481 0.224479 0.432407 0.224479 0.433333 0.235417 0.452778 0.235417 0.453704 0.260417 0.498148 0.260937 0.498148 0.261458 0.499074 0.263021 0.499074 0.263542 0.498148 0.266146 0.498148 0.266667 0.497222 0.269271 0.497222 0.269792 0.496296 0.272396 0.496296 0.272917 0.495370 0.273958 0.495370 0.275000 0.493519 0.275521 0.493519 0.280729 0.484259 0.280729 0.483333 0.279167 0.480556 0.279167 0.478704 0.279687 0.477778 0.279687 0.476852 0.281250 0.474074 0.281250 0.473148 0.307812 0.425926 0.296875 0.425926 0.296354 0.426852 0.295833 0.426852 0.273438 0.466667 0.272917 0.466667 0.271875 0.468519 0.271354 0.468519 0.270833 0.469444 0.266667 0.469444 0.266146 0.470370 0.261979 0.470370 0.261458 0.471296 0.256771 0.471296 0.256250 0.472222 0.254167 0.472222 0.253646 0.471296 0.253125 0.471296 0.227604 0.425926
0 0.259896 0.434259 0.087500 0.074074 0.289583 0.397222 0.289062 0.398148 0.288542 0.398148 0.286979 0.400926 0.276562 0.400926 0.276042 0.400000 0.255208 0.400000 0.254688 0.399074 0.233854 0.399074 0.233333 0.398148 0.217188 0.398148 0.216146 0.400000 0.216146 0.403704 0.217188 0.405556 0.217188 0.406481 0.253125 0.470370 0.253646 0.470370 0.254167 0.471296 0.256250 0.471296 0.256771 0.470370 0.261458 0.470370 0.261979 0.469444 0.266146 0.469444 0.266667 0.468519 0.270833 0.468519 0.271354 0.467593 0.271875 0.467593 0.272917 0.465741 0.273438 0.465741 0.283854 0.447222 0.282813 0.447222 0.280729 0.443519 0.280729 0.440741 0.281250 0.439815 0.281250 0.438889 0.289583 0.424074 0.289583 0.423148 0.303646 0.398148 0.299479 0.398148 0.298958 0.397222
0 0.362500 0.402315 0.083333 0.073148 0.321354 0.365741 0.320833 0.366667 0.320833 0.371296 0.321875 0.373148 0.321875 0.374074 0.336458 0.400000 0.336458 0.400926 0.357292 0.437963 0.357812 0.437963 0.358333 0.438889 0.363021 0.438889 0.363542 0.437963 0.364063 0.437963 0.398438 0.376852 0.398958 0.376852 0.400000 0.375000 0.400521 0.375000 0.401042 0.374074 0.401562 0.375000 0.404167 0.375000 0.401562 0.370370 0.401562 0.369444 0.401042 0.368519 0.401042 0.367593 0.400521 0.366667 0.398958 0.366667 0.398438 0.365741 0.394271 0.365741 0.393750 0.366667 0.393229 0.366667 0.380729 0.388889 0.380208 0.388889 0.373437 0.376852 0.372917 0.376852 0.371875 0.375000 0.369271 0.375000 0.368750 0.374074 0.364583 0.374074 0.364063 0.373148 0.359896 0.373148 0.359375 0.372222 0.355208 0.372222 0.354687 0.371296 0.350521 0.371296 0.350000 0.370370 0.345833 0.370370 0.345313 0.369444 0.341146 0.369444 0.340625 0.368519 0.336458 0.368519 0.335938 0.367593 0.331771 0.367593 0.331250 0.366667 0.327083 0.366667 0.326562 0.365741
0 0.445312 0.399537 0.088542 0.075000 0.477083 0.362037 0.476562 0.362963 0.476042 0.362963 0.475000 0.364815 0.474479 0.364815 0.455208 0.399074 0.454688 0.399074 0.453125 0.401852 0.436979 0.373148 0.435417 0.373148 0.434896 0.372222 0.432812 0.372222 0.432292 0.371296 0.429688 0.371296 0.429167 0.370370 0.426563 0.370370 0.426042 0.369444 0.423958 0.369444 0.423438 0.368519 0.420833 0.368519 0.420312 0.367593 0.417708 0.367593 0.417187 0.366667 0.415104 0.366667 0.414583 0.365741 0.411979 0.365741 0.411458 0.364815 0.408854 0.364815 0.408333 0.363889 0.406250 0.363889 0.405729 0.362963 0.402604 0.362963 0.401562 0.364815 0.401562 0.365741 0.401042 0.366667 0.401562 0.367593 0.401562 0.368519 0.402083 0.369444 0.402083 0.370370 0.411458 0.387037 0.411458 0.387963 0.438542 0.436111 0.439063 0.436111 0.439583 0.437037 0.441667 0.437037 0.442188 0.436111 0.444271 0.436111 0.444792 0.435185 0.444792 0.434259 0.480208 0.371296 0.480729 0.371296 0.482292 0.368519 0.482812 0.368519 0.483333 0.367593 0.484375 0.367593 0.484896 0.368519 0.485938 0.368519 0.486458 0.369444 0.487500 0.369444 0.488021 0.370370 0.489583 0.370370 0.489583 0.369444 0.488542 0.369444 0.488021 0.368519 0.486979 0.368519 0.486458 0.367593 0.485417 0.367593 0.484896 0.366667 0.483854 0.366667 0.483333 0.365741 0.482292 0.365741 0.481771 0.364815 0.480729 0.364815 0.480208 0.363889 0.479167 0.363889 0.478646 0.362963 0.477604 0.362963
0 0.530729 0.405093 0.081250 0.076852 0.568750 0.366667 0.568229 0.367593 0.567708 0.367593 0.565625 0.371296 0.565104 0.371296 0.548438 0.400926 0.547917 0.400926 0.542708 0.410185 0.542188 0.410185 0.539062 0.415741 0.538542 0.415741 0.536979 0.418519 0.536458 0.418519 0.535417 0.420370 0.534896 0.419444 0.534375 0.419444 0.533854 0.418519 0.533333 0.418519 0.532292 0.416667 0.531771 0.416667 0.529687 0.412963 0.529167 0.412963 0.509896 0.378704 0.509375 0.378704 0.507812 0.375926 0.506771 0.375926 0.506250 0.375000 0.505208 0.375000 0.504687 0.374074 0.503646 0.374074 0.503125 0.373148 0.502083 0.373148 0.501563 0.372222 0.500521 0.372222 0.500000 0.371296 0.498958 0.371296 0.498437 0.370370 0.497917 0.370370 0.497396 0.369444 0.496354 0.369444 0.495833 0.368519 0.494792 0.368519 0.494271 0.367593 0.491146 0.367593 0.490625 0.368519 0.490625 0.369444 0.490104 0.370370 0.490104 0.372222 0.490625 0.373148 0.490625 0.374074 0.496354 0.384259 0.496354 0.385185 0.528646 0.442593 0.529167 0.442593 0.529687 0.443519 0.531250 0.443519 0.531771 0.442593 0.532292 0.442593 0.533333 0.440741 0.533854 0.440741 0.534375 0.439815 0.534896 0.439815 0.535937 0.437963 0.536458 0.437963 0.537500 0.436111 0.538021 0.436111 0.539583 0.433333 0.540104 0.433333 0.569271 0.381481 0.569271 0.380556 0.569792 0.379630 0.569792 0.378704 0.570312 0.377778 0.570312 0.376852 0.570833 0.375926 0.570833 0.374074 0.571354 0.373148 0.571354 0.370370 0.570833 0.369444 0.570833 0.368519 0.570312 0.367593 0.569792 0.367593 0.569271 0.366667
0 0.627344 0.406481 0.083854 0.075926 0.666146 0.368519 0.665625 0.369444 0.663542 0.369444 0.663021 0.370370 0.660937 0.370370 0.660417 0.371296 0.658854 0.371296 0.658333 0.372222 0.656250 0.372222 0.655729 0.373148 0.653646 0.373148 0.653125 0.374074 0.651563 0.374074 0.651042 0.375000 0.648958 0.375000 0.648438 0.375926 0.646354 0.375926 0.645833 0.376852 0.644792 0.376852 0.644271 0.377778 0.643750 0.377778 0.631771 0.399074 0.631250 0.399074 0.625521 0.409259 0.625000 0.409259 0.621875 0.414815 0.621354 0.414815 0.620313 0.416667 0.619792 0.416667 0.619271 0.415741 0.618750 0.415741 0.614062 0.407407 0.613542 0.407407 0.592708 0.370370 0.592187 0.370370 0.591667 0.369444 0.589063 0.369444 0.586979 0.373148 0.586458 0.373148 0.585417 0.375000 0.596875 0.395370 0.596875 0.396296 0.618750 0.435185 0.618750 0.436111 0.619792 0.437963 0.619792 0.438889 0.620313 0.439815 0.620313 0.440741 0.621354 0.440741 0.621875 0.441667 0.622917 0.441667 0.623437 0.442593 0.624479 0.442593 0.625000 0.443519 0.626042 0.443519 0.626563 0.444444 0.629167 0.444444 0.630729 0.441667 0.631250 0.441667 0.646354 0.414815 0.646875 0.414815 0.668750 0.375926 0.668750 0.375000 0.669271 0.374074 0.669271 0.373148 0.668750 0.372222 0.668750 0.371296 0.667188 0.368519
0 0.358333 0.553704 0.083333 0.081481 0.317708 0.512963 0.317188 0.513889 0.317188 0.514815 0.316667 0.515741 0.317188 0.516667 0.317188 0.518519 0.317708 0.519444 0.317708 0.520370 0.318229 0.521296 0.318229 0.522222 0.319271 0.524074 0.319271 0.525000 0.319792 0.525926 0.319792 0.526852 0.320833 0.528704 0.320833 0.529630 0.321875 0.531481 0.321875 0.532407 0.322396 0.533333 0.322396 0.534259 0.323437 0.536111 0.323437 0.537037 0.324479 0.538889 0.324479 0.539815 0.325521 0.541667 0.325521 0.542593 0.326042 0.543519 0.326042 0.544444 0.327083 0.546296 0.327083 0.547222 0.328125 0.549074 0.328125 0.550000 0.329167 0.551852 0.329167 0.552778 0.329688 0.553704 0.329688 0.554630 0.330729 0.556481 0.330729 0.557407 0.331771 0.559259 0.331771 0.560185 0.332292 0.561111 0.332292 0.562037 0.333333 0.563889 0.333333 0.564815 0.334375 0.566667 0.334375 0.567593 0.335417 0.569444 0.335417 0.570370 0.335938 0.571296 0.335938 0.572222 0.336979 0.574074 0.336979 0.575000 0.338021 0.576852 0.338021 0.577778 0.339062 0.579630 0.339062 0.580556 0.339583 0.581481 0.339583 0.582407 0.340625 0.584259 0.340625 0.585185 0.341667 0.587037 0.341667 0.587963 0.342708 0.589815 0.342708 0.590741 0.343750 0.592593 0.343750 0.593519 0.344271 0.594444 0.350521 0.594444 0.351042 0.593519 0.351562 0.593519 0.352083 0.592593 0.352604 0.592593 0.353125 0.591667 0.354167 0.591667 0.354687 0.590741 0.355208 0.590741 0.355729 0.589815 0.356250 0.589815 0.356771 0.588889 0.357812 0.588889 0.358333 0.587963 0.358854 0.587963 0.359375 0.587037 0.359896 0.587037 0.360417 0.586111 0.361458 0.586111 0.361979 0.585185 0.362500 0.585185 0.363021 0.584259 0.363542 0.584259 0.364063 0.583333 0.365104 0.583333 0.365625 0.582407 0.366146 0.582407 0.366667 0.581481 0.367188 0.581481 0.367708 0.580556 0.368750 0.580556 0.369271 0.579630 0.369792 0.579630 0.370312 0.578704 0.370833 0.578704 0.371354 0.577778 0.372396 0.577778 0.372917 0.576852 0.373437 0.576852 0.373958 0.575926 0.375000 0.575926 0.375521 0.575000 0.376042 0.575000 0.376563 0.574074 0.377083 0.574074 0.377604 0.573148 0.378646 0.573148 0.379167 0.572222 0.379688 0.572222 0.380208 0.571296 0.380729 0.571296 0.381250 0.570370 0.382292 0.570370 0.382812 0.569444 0.383333 0.569444 0.383854 0.568519 0.384375 0.568519 0.384896 0.567593 0.385937 0.567593 0.386458 0.566667 0.386979 0.566667 0.387500 0.565741 0.388021 0.565741 0.388542 0.564815 0.389583 0.564815 0.390104 0.563889 0.390625 0.563889 0.391146 0.562963 0.391667 0.562963 0.392188 0.562037 0.393229 0.562037 0.393750 0.561111 0.394271 0.561111 0.394792 0.560185 0.395313 0.560185 0.395833 0.559259 0.396354 0.559259 0.396875 0.558333 0.397396 0.558333 0.398438 0.556481 0.398958 0.556481 0.400000 0.554630 0.391146 0.538889 0.390625 0.538889 0.390104 0.539815 0.389062 0.539815 0.388542 0.540741 0.388021 0.540741 0.387500 0.541667 0.386979 0.541667 0.386458 0.542593 0.385937 0.542593 0.384896 0.544444 0.384375 0.544444 0.383333 0.546296 0.382812 0.546296 0.382292 0.547222 0.381771 0.547222 0.380729 0.549074 0.380208 0.549074 0.379167 0.550926 0.378646 0.550926 0.377604 0.552778 0.377083 0.552778 0.376042 0.554630 0.375521 0.554630 0.375000 0.555556 0.374479 0.555556 0.373958 0.556481 0.373437 0.556481 0.372917 0.557407 0.372396 0.557407 0.371875 0.558333 0.370833 0.558333 0.370312 0.559259 0.369792 0.559259 0.369271 0.560185 0.368229 0.560185 0.367708 0.561111 0.366667 0.561111 0.366146 0.562037 0.365625 0.562037 0.365104 0.562963 0.364063 0.562963 0.363542 0.563889 0.362500 0.563889 0.360417 0.560185 0.360417 0.556481 0.360938 0.555556 0.360417 0.556481 0.359375 0.556481 0.358854 0.557407 0.358333 0.557407 0.357812 0.558333 0.357292 0.558333 0.356771 0.559259 0.355729 0.559259 0.355208 0.560185 0.354687 0.560185 0.354167 0.561111 0.353125 0.561111 0.352604 0.562037 0.352083 0.562037 0.351562 0.562963 0.350521 0.562963 0.350000 0.563889 0.348958 0.563889 0.348438 0.562963 0.347917 0.562963 0.345833 0.559259 0.345313 0.559259 0.342187 0.553704 0.342187 0.552778 0.324479 0.521296 0.323958 0.521296 0.320312 0.514815 0.319792 0.514815 0.318750 0.512963
0 0.439063 0.554167 0.097917 0.093519 0.484896 0.507407 0.483854 0.509259 0.483333 0.509259 0.482292 0.511111 0.481771 0.511111 0.480729 0.512963 0.480208 0.512963 0.479167 0.514815 0.478646 0.514815 0.477604 0.516667 0.477083 0.516667 0.476042 0.518519 0.475521 0.518519 0.475000 0.519444 0.474479 0.519444 0.473438 0.521296 0.472917 0.521296 0.471875 0.523148 0.471354 0.523148 0.470313 0.525000 0.469792 0.525000 0.468750 0.526852 0.468229 0.526852 0.467187 0.528704 0.466667 0.528704 0.465625 0.530556 0.465104 0.530556 0.453646 0.550926 0.453125 0.550000 0.452083 0.551852 0.451562 0.551852 0.450521 0.553704 0.450000 0.553704 0.448437 0.556481 0.447917 0.556481 0.447396 0.557407 0.446875 0.557407 0.446354 0.558333 0.445833 0.558333 0.444792 0.560185 0.444271 0.560185 0.443229 0.562037 0.442708 0.562037 0.441667 0.563889 0.441146 0.563889 0.440104 0.565741 0.439583 0.565741 0.438542 0.567593 0.438021 0.567593 0.436979 0.569444 0.436458 0.569444 0.435937 0.570370 0.434375 0.570370 0.433333 0.568519 0.432812 0.568519 0.428646 0.561111 0.428646 0.560185 0.423958 0.551852 0.423958 0.550926 0.418229 0.540741 0.418229 0.539815 0.406771 0.519444 0.406250 0.520370 0.405208 0.520370 0.404687 0.521296 0.404167 0.521296 0.403646 0.522222 0.402604 0.522222 0.402083 0.523148 0.401042 0.523148 0.400521 0.524074 0.399479 0.524074 0.398958 0.525000 0.397917 0.525000 0.397396 0.525926 0.396875 0.525926 0.396354 0.526852 0.395313 0.526852 0.394792 0.527778 0.393750 0.527778 0.393229 0.528704 0.392188 0.528704 0.391667 0.529630 0.391146 0.529630 0.390104 0.531481 0.390104 0.535185 0.391667 0.537963 0.391667 0.538889 0.426042 0.600000 0.428646 0.600000 0.429167 0.600926 0.433333 0.600926 0.435417 0.597222 0.435937 0.597222 0.438021 0.593519 0.438542 0.593519 0.440625 0.589815 0.441146 0.589815 0.443229 0.586111 0.443750 0.586111 0.445833 0.582407 0.446354 0.582407 0.448437 0.578704 0.448958 0.578704 0.451042 0.575000 0.451562 0.575000 0.454167 0.570370 0.454688 0.570370 0.456771 0.566667 0.457292 0.566667 0.487500 0.512963 0.487500 0.512037 0.488021 0.511111 0.488021 0.510185 0.487500 0.509259 0.487500 0.508333 0.486979 0.508333 0.486458 0.507407
0 0.530208 0.556019 0.079167 0.082407 0.569271 0.514815 0.566146 0.520370 0.565625 0.520370 0.560417 0.529630 0.559896 0.529630 0.548438 0.550000 0.547917 0.550000 0.542188 0.560185 0.541667 0.560185 0.541146 0.561111 0.540104 0.561111 0.538021 0.557407 0.538021 0.552778 0.538542 0.551852 0.538542 0.549074 0.539062 0.548148 0.539062 0.546296 0.531771 0.559259 0.531250 0.559259 0.530729 0.560185 0.529167 0.560185 0.528125 0.558333 0.527604 0.558333 0.523958 0.551852 0.523958 0.552778 0.523438 0.553704 0.523438 0.554630 0.522917 0.555556 0.522917 0.556481 0.521354 0.559259 0.519271 0.559259 0.518750 0.558333 0.518229 0.558333 0.495312 0.517593 0.494792 0.517593 0.490625 0.525000 0.490625 0.527778 0.491146 0.528704 0.491146 0.529630 0.493750 0.534259 0.493750 0.535185 0.512500 0.568519 0.512500 0.569444 0.527604 0.596296 0.528125 0.596296 0.528646 0.597222 0.530729 0.597222 0.531771 0.595370 0.532292 0.595370 0.540104 0.581481 0.540625 0.581481 0.554688 0.556481 0.555208 0.556481 0.569271 0.531481 0.569271 0.530556 0.569792 0.529630 0.569792 0.523148 0.569271 0.522222
0 0.625260 0.554167 0.083854 0.089815 0.583333 0.509259 0.583854 0.510185 0.583854 0.512037 0.584375 0.512963 0.584375 0.514815 0.584896 0.515741 0.584896 0.517593 0.585417 0.518519 0.585417 0.520370 0.585938 0.521296 0.585938 0.523148 0.586458 0.524074 0.586458 0.525926 0.586979 0.526852 0.586979 0.528704 0.587500 0.529630 0.587500 0.530556 0.588542 0.532407 0.588542 0.533333 0.610938 0.573148 0.610938 0.574074 0.623958 0.597222 0.624479 0.597222 0.625521 0.599074 0.627604 0.599074 0.629167 0.596296 0.629687 0.596296 0.639062 0.579630 0.639583 0.579630 0.652083 0.557407 0.652604 0.557407 0.667188 0.531481 0.667188 0.527778 0.665625 0.525000 0.665104 0.525000 0.664062 0.523148 0.663021 0.523148 0.660937 0.526852 0.660417 0.526852 0.657292 0.532407 0.656771 0.532407 0.652083 0.540741 0.651563 0.540741 0.643750 0.554630 0.643229 0.554630 0.634375 0.570370 0.633854 0.570370 0.632812 0.572222 0.631771 0.572222 0.631250 0.571296 0.630729 0.571296 0.629687 0.569444 0.629687 0.568519 0.628125 0.565741 0.628125 0.564815 0.627604 0.563889 0.627083 0.563889 0.626563 0.562963 0.626042 0.562963 0.615104 0.543519 0.614583 0.543519 0.614583 0.544444 0.615625 0.546296 0.615625 0.547222 0.616667 0.549074 0.616667 0.550000 0.617188 0.550926 0.617188 0.551852 0.618229 0.553704 0.618229 0.554630 0.618750 0.555556 0.618750 0.559259 0.617708 0.561111 0.617188 0.561111 0.616667 0.562037 0.615625 0.562037 0.615104 0.561111 0.614583 0.561111 0.614062 0.560185 0.613542 0.560185 0.591146 0.520370 0.590625 0.520370 0.586979 0.513889 0.586458 0.513889 0.584375 0.510185 0.583854 0.510185
0 0.708333 0.558333 0.088542 0.081481 0.668750 0.517593 0.668229 0.518519 0.667188 0.518519 0.666667 0.519444 0.666146 0.519444 0.665104 0.521296 0.664583 0.521296 0.664062 0.522222 0.665104 0.524074 0.665625 0.524074 0.667708 0.527778 0.667708 0.531481 0.666146 0.534259 0.679167 0.557407 0.679688 0.557407 0.681250 0.560185 0.681771 0.560185 0.683333 0.562963 0.683854 0.562963 0.685417 0.565741 0.685937 0.565741 0.687500 0.568519 0.688021 0.568519 0.689583 0.571296 0.690104 0.571296 0.691667 0.574074 0.692187 0.574074 0.693750 0.576852 0.694271 0.576852 0.695833 0.579630 0.696354 0.579630 0.697917 0.582407 0.698438 0.582407 0.700000 0.585185 0.700521 0.585185 0.702083 0.587963 0.702604 0.587963 0.704167 0.590741 0.704688 0.590741 0.706250 0.593519 0.706771 0.593519 0.708333 0.596296 0.708854 0.596296 0.709896 0.598148 0.710417 0.598148 0.710938 0.599074 0.712500 0.599074 0.713542 0.597222 0.714063 0.597222 0.719792 0.587037 0.720313 0.587037 0.730208 0.569444 0.730729 0.569444 0.740625 0.551852 0.741146 0.551852 0.752604 0.531481 0.752604 0.526852 0.751563 0.525000 0.751042 0.525000 0.750521 0.524074 0.749479 0.524074 0.748437 0.525926 0.747917 0.525926 0.737500 0.544444 0.736979 0.544444 0.727083 0.562037 0.726562 0.562037 0.721354 0.571296 0.720833 0.571296 0.719792 0.573148 0.718229 0.573148 0.717708 0.572222 0.717187 0.572222 0.716146 0.570370 0.715625 0.570370 0.714583 0.568519 0.714063 0.568519 0.713542 0.567593 0.713021 0.567593 0.711979 0.565741 0.711458 0.565741 0.710938 0.564815 0.710417 0.564815 0.709375 0.562963 0.709375 0.563889 0.710417 0.565741 0.710417 0.566667 0.710938 0.567593 0.710938 0.568519 0.710417 0.569444 0.710417 0.570370 0.708854 0.573148 0.707292 0.573148 0.706771 0.572222 0.706250 0.572222 0.705208 0.570370 0.704688 0.570370 0.703646 0.568519 0.703125 0.568519 0.702083 0.566667 0.701562 0.566667 0.700521 0.564815 0.700000 0.564815 0.698958 0.562963 0.698438 0.562963 0.697917 0.562037 0.697396 0.562037 0.677604 0.526852 0.677083 0.526852 0.675521 0.524074 0.675000 0.524074 0.674479 0.523148 0.673958 0.523148 0.672917 0.521296 0.672396 0.521296 0.671875 0.520370 0.671354 0.520370 0.670312 0.518519 0.669792 0.518519 0.669271 0.517593
0 0.319792 0.525000 0.090625 0.075926 0.314583 0.487037 0.314063 0.487963 0.312500 0.487963 0.311979 0.488889 0.311458 0.488889 0.307812 0.495370 0.307292 0.495370 0.276042 0.550926 0.276042 0.551852 0.274479 0.554630 0.274479 0.557407 0.275000 0.558333 0.275000 0.559259 0.275521 0.560185 0.276042 0.560185 0.276562 0.561111 0.277604 0.561111 0.278125 0.560185 0.279167 0.560185 0.279687 0.559259 0.280729 0.559259 0.281250 0.558333 0.282813 0.558333 0.283333 0.557407 0.284375 0.557407 0.284896 0.556481 0.285938 0.556481 0.286458 0.555556 0.288021 0.555556 0.288542 0.554630 0.289583 0.554630 0.290104 0.553704 0.291146 0.553704 0.291667 0.552778 0.292708 0.552778 0.293229 0.551852 0.294792 0.551852 0.295312 0.550926 0.296354 0.550926 0.296875 0.550000 0.297917 0.550000 0.313021 0.523148 0.314063 0.523148 0.314583 0.522222 0.316146 0.522222 0.316667 0.521296 0.317708 0.521296 0.317188 0.520370 0.317188 0.519444 0.316667 0.518519 0.316667 0.516667 0.316146 0.515741 0.316667 0.514815 0.316667 0.513889 0.317708 0.512037 0.318750 0.512037 0.319792 0.513889 0.320312 0.513889 0.323958 0.520370 0.324479 0.520370 0.342708 0.552778 0.342708 0.553704 0.345313 0.558333 0.345833 0.558333 0.347917 0.562037 0.348438 0.562037 0.348958 0.562963 0.350000 0.562963 0.350521 0.562037 0.351562 0.562037 0.352083 0.561111 0.352604 0.561111 0.353125 0.560185 0.354167 0.560185 0.354687 0.559259 0.355208 0.559259 0.355729 0.558333 0.356771 0.558333 0.357292 0.557407 0.357812 0.557407 0.358333 0.556481 0.358854 0.556481 0.359375 0.555556 0.360417 0.555556 0.360938 0.554630 0.361458 0.554630 0.365104 0.548148 0.364583 0.548148 0.364063 0.549074 0.363021 0.549074 0.362500 0.550000 0.361979 0.550000 0.361458 0.550926 0.360417 0.550926 0.359896 0.551852 0.359375 0.551852 0.358854 0.552778 0.357812 0.552778 0.357292 0.553704 0.356250 0.553704 0.355729 0.554630 0.354167 0.554630 0.353646 0.553704 0.353125 0.553704 0.339583 0.529630 0.339583 0.528704 0.325521 0.503704 0.325521 0.502778 0.317188 0.487963 0.317188 0.487037
0 0.408073 0.530556 0.094271 0.077778 0.403125 0.491667 0.402604 0.492593 0.401042 0.492593 0.400521 0.493519 0.399479 0.493519 0.398438 0.495370 0.397917 0.495370 0.393750 0.502778 0.393229 0.502778 0.387500 0.512963 0.386979 0.512963 0.381771 0.522222 0.381250 0.522222 0.375521 0.532407 0.375000 0.532407 0.369271 0.542593 0.368750 0.542593 0.360938 0.556481 0.360938 0.560185 0.362500 0.562963 0.363542 0.562963 0.364063 0.562037 0.365104 0.562037 0.365625 0.561111 0.366146 0.561111 0.366667 0.560185 0.367708 0.560185 0.368229 0.559259 0.369271 0.559259 0.369792 0.558333 0.370312 0.558333 0.370833 0.557407 0.371875 0.557407 0.372396 0.556481 0.372917 0.556481 0.373437 0.555556 0.373958 0.555556 0.374479 0.554630 0.375000 0.554630 0.375521 0.553704 0.376042 0.553704 0.377083 0.551852 0.377604 0.551852 0.378646 0.550000 0.379167 0.550000 0.380208 0.548148 0.380729 0.548148 0.381771 0.546296 0.382292 0.546296 0.382812 0.545370 0.383333 0.545370 0.384375 0.543519 0.384896 0.543519 0.385937 0.541667 0.386458 0.541667 0.386979 0.540741 0.387500 0.540741 0.388021 0.539815 0.388542 0.539815 0.389062 0.538889 0.390104 0.538889 0.390625 0.537963 0.391146 0.537963 0.389583 0.535185 0.389583 0.531481 0.391146 0.528704 0.391667 0.528704 0.392188 0.527778 0.393229 0.527778 0.393750 0.526852 0.394792 0.526852 0.395313 0.525926 0.396354 0.525926 0.396875 0.525000 0.397396 0.525000 0.397917 0.524074 0.398958 0.524074 0.399479 0.523148 0.400521 0.523148 0.401042 0.522222 0.402083 0.522222 0.402604 0.521296 0.403646 0.521296 0.404167 0.520370 0.404687 0.520370 0.405208 0.519444 0.406250 0.519444 0.406771 0.518519 0.418750 0.539815 0.418750 0.540741 0.424479 0.550926 0.424479 0.551852 0.429167 0.560185 0.429167 0.561111 0.432812 0.567593 0.433333 0.567593 0.434375 0.569444 0.435937 0.569444 0.436458 0.568519 0.436979 0.568519 0.438021 0.566667 0.438542 0.566667 0.439583 0.564815 0.440104 0.564815 0.441146 0.562963 0.441667 0.562963 0.442708 0.561111 0.443229 0.561111 0.444271 0.559259 0.444792 0.559259 0.445833 0.557407 0.446354 0.557407 0.445833 0.557407 0.445312 0.556481 0.444792 0.556481 0.444271 0.555556 0.444271 0.554630 0.443750 0.553704 0.443750 0.550000 0.447917 0.542593 0.446875 0.544444 0.446354 0.544444 0.445312 0.546296 0.444792 0.546296 0.444271 0.547222 0.443750 0.547222 0.442708 0.549074 0.442188 0.549074 0.441146 0.550926 0.440625 0.550926 0.440104 0.551852 0.439583 0.551852 0.439063 0.552778 0.438021 0.552778 0.437500 0.551852 0.436979 0.551852 0.419271 0.520370 0.419271 0.519444 0.403646 0.491667
0 0.483854 0.517130 0.079167 0.082407 0.491667 0.475926 0.491146 0.476852 0.490625 0.476852 0.490104 0.477778 0.489583 0.477778 0.489063 0.478704 0.488542 0.478704 0.488021 0.479630 0.487500 0.479630 0.486979 0.480556 0.486458 0.480556 0.485938 0.481481 0.485417 0.481481 0.484896 0.482407 0.484375 0.482407 0.483854 0.483333 0.483333 0.483333 0.482812 0.484259 0.482292 0.484259 0.480208 0.487963 0.479687 0.487963 0.463542 0.516667 0.463021 0.516667 0.444271 0.550000 0.444271 0.553704 0.444792 0.554630 0.444792 0.555556 0.445312 0.555556 0.445833 0.556481 0.447396 0.556481 0.447917 0.555556 0.448437 0.555556 0.450000 0.552778 0.450521 0.552778 0.451562 0.550926 0.452083 0.550926 0.453125 0.549074 0.453646 0.549074 0.455208 0.546296 0.455729 0.546296 0.465104 0.529630 0.465625 0.529630 0.466667 0.527778 0.467187 0.527778 0.468229 0.525926 0.468750 0.525926 0.469792 0.524074 0.470313 0.524074 0.471354 0.522222 0.471875 0.522222 0.472917 0.520370 0.473438 0.520370 0.474479 0.518519 0.475000 0.518519 0.475521 0.517593 0.476042 0.517593 0.477083 0.515741 0.477604 0.515741 0.478646 0.513889 0.479167 0.513889 0.484896 0.503704 0.485417 0.503704 0.485938 0.504630 0.486979 0.504630 0.488021 0.506481 0.488542 0.506481 0.490104 0.509259 0.490625 0.509259 0.494271 0.515741 0.494792 0.515741 0.518229 0.557407 0.518750 0.557407 0.519271 0.558333 0.521354 0.558333 0.522396 0.556481 0.522396 0.555556 0.522917 0.554630 0.522917 0.553704 0.523438 0.552778 0.523438 0.550926 0.510938 0.528704 0.510938 0.527778 0.491667 0.493519 0.491667 0.492593 0.490104 0.489815 0.490104 0.486111 0.492188 0.482407 0.492708 0.482407 0.493229 0.481481 0.493750 0.481481 0.494271 0.480556
0 0.578385 0.514815 0.079687 0.092593 0.575521 0.468519 0.575000 0.469444 0.574479 0.469444 0.569792 0.477778 0.569792 0.479630 0.570312 0.480556 0.570312 0.485185 0.570833 0.486111 0.570833 0.490741 0.569792 0.492593 0.569792 0.493519 0.560417 0.510185 0.559896 0.510185 0.539583 0.546296 0.539583 0.548148 0.539062 0.549074 0.539062 0.551852 0.538542 0.552778 0.538542 0.557407 0.540104 0.560185 0.541146 0.560185 0.541667 0.559259 0.542188 0.559259 0.547917 0.549074 0.548438 0.549074 0.559896 0.528704 0.560417 0.528704 0.565625 0.519444 0.566146 0.519444 0.569271 0.513889 0.569792 0.513889 0.571354 0.511111 0.571875 0.511111 0.573438 0.508333 0.573958 0.508333 0.574479 0.507407 0.575000 0.507407 0.575521 0.506481 0.576042 0.506481 0.576562 0.505556 0.580208 0.505556 0.580729 0.506481 0.581771 0.506481 0.582292 0.507407 0.582812 0.507407 0.583854 0.509259 0.584375 0.509259 0.586458 0.512963 0.586979 0.512963 0.590625 0.519444 0.591146 0.519444 0.613542 0.559259 0.614062 0.559259 0.614583 0.560185 0.615104 0.560185 0.615625 0.561111 0.616667 0.561111 0.617188 0.560185 0.617708 0.560185 0.618229 0.559259 0.618229 0.555556 0.617708 0.554630 0.617708 0.553704 0.616667 0.551852 0.616667 0.550926 0.616146 0.550000 0.616146 0.549074 0.615104 0.547222 0.615104 0.546296 0.614062 0.544444 0.614062 0.543519 0.613021 0.541667 0.613021 0.540741 0.612500 0.539815 0.612500 0.538889 0.605208 0.525926 0.605208 0.525000 0.588542 0.495370 0.588542 0.494444 0.587500 0.492593 0.587500 0.491667 0.586979 0.490741 0.586979 0.489815 0.586458 0.488889 0.586458 0.487963 0.585938 0.487037 0.585938 0.486111 0.585417 0.485185 0.585417 0.484259 0.577083 0.469444 0.576562 0.469444 0.576042 0.468519
0 0.669531 0.533796 0.081771 0.076852 0.669792 0.495370 0.659896 0.512963 0.659375 0.512963 0.645312 0.537963 0.644792 0.537963 0.632812 0.559259 0.632292 0.559259 0.629687 0.563889 0.629167 0.563889 0.628646 0.564815 0.628646 0.565741 0.630208 0.568519 0.630208 0.569444 0.630729 0.570370 0.631250 0.570370 0.631771 0.571296 0.632812 0.571296 0.633854 0.569444 0.634375 0.569444 0.643229 0.553704 0.643750 0.553704 0.651563 0.539815 0.652083 0.539815 0.656771 0.531481 0.657292 0.531481 0.660417 0.525926 0.660937 0.525926 0.663021 0.522222 0.663542 0.522222 0.664583 0.520370 0.665104 0.520370 0.666146 0.518519 0.666667 0.518519 0.667188 0.517593 0.668229 0.517593 0.668750 0.516667 0.669271 0.516667 0.669792 0.517593 0.670312 0.517593 0.671354 0.519444 0.671875 0.519444 0.672396 0.520370 0.672917 0.520370 0.673958 0.522222 0.674479 0.522222 0.675000 0.523148 0.675521 0.523148 0.677083 0.525926 0.677604 0.525926 0.697396 0.561111 0.697917 0.561111 0.698438 0.562037 0.698958 0.562037 0.700000 0.563889 0.700521 0.563889 0.701562 0.565741 0.702083 0.565741 0.703125 0.567593 0.703646 0.567593 0.704688 0.569444 0.705208 0.569444 0.706250 0.571296 0.706771 0.571296 0.707292 0.572222 0.708854 0.572222 0.709896 0.570370 0.709896 0.569444 0.710417 0.568519 0.710417 0.567593 0.709896 0.566667 0.709896 0.565741 0.708854 0.563889 0.708854 0.562963 0.684896 0.520370 0.684896 0.519444 0.673438 0.499074 0.672917 0.499074 0.671875 0.497222 0.671354 0.497222 0.670833 0.496296 0.670312 0.496296
0 0.360156 0.514815 0.088021 0.077778 0.402083 0.475926 0.401562 0.476852 0.399479 0.476852 0.398958 0.477778 0.397396 0.477778 0.396875 0.478704 0.394792 0.478704 0.394271 0.479630 0.392188 0.479630 0.391667 0.480556 0.390625 0.480556 0.380729 0.498148 0.380208 0.498148 0.369792 0.516667 0.369271 0.516667 0.365104 0.524074 0.364583 0.524074 0.364063 0.525000 0.363542 0.525000 0.363021 0.525926 0.361458 0.525926 0.359375 0.522222 0.359375 0.520370 0.358854 0.520370 0.358333 0.521296 0.357292 0.521296 0.356771 0.522222 0.355729 0.522222 0.355208 0.523148 0.354167 0.523148 0.353646 0.522222 0.353125 0.522222 0.352604 0.521296 0.352083 0.521296 0.327604 0.477778 0.327083 0.477778 0.326562 0.476852 0.324479 0.476852 0.323958 0.477778 0.320833 0.477778 0.320312 0.478704 0.317708 0.478704 0.316146 0.481481 0.316146 0.483333 0.316667 0.484259 0.316667 0.485185 0.317708 0.487037 0.317708 0.487963 0.326042 0.502778 0.326042 0.503704 0.340104 0.528704 0.340104 0.529630 0.353125 0.552778 0.353646 0.552778 0.354167 0.553704 0.355729 0.553704 0.356250 0.552778 0.357292 0.552778 0.357812 0.551852 0.358854 0.551852 0.359375 0.550926 0.359896 0.550926 0.360417 0.550000 0.361458 0.550000 0.361979 0.549074 0.362500 0.549074 0.363021 0.548148 0.364063 0.548148 0.364583 0.547222 0.365625 0.547222 0.368750 0.541667 0.369271 0.541667 0.375000 0.531481 0.375521 0.531481 0.381250 0.521296 0.381771 0.521296 0.386979 0.512037 0.387500 0.512037 0.393229 0.501852 0.393750 0.501852 0.397917 0.494444 0.398438 0.494444 0.399479 0.492593 0.400521 0.492593 0.401042 0.491667 0.402604 0.491667 0.403125 0.490741 0.402083 0.488889 0.402083 0.487963 0.400000 0.484259 0.400000 0.483333 0.399479 0.482407 0.399479 0.479630 0.401042 0.476852 0.401562 0.476852 0.402083 0.475926 0.404167 0.475926
0 0.445573 0.510648 0.091146 0.082407 0.486979 0.469444 0.486458 0.470370 0.485417 0.470370 0.484896 0.471296 0.484375 0.471296 0.483854 0.472222 0.482812 0.472222 0.482292 0.473148 0.481771 0.473148 0.481250 0.474074 0.480729 0.474074 0.480208 0.475000 0.479167 0.475000 0.478646 0.475926 0.478125 0.475926 0.477604 0.476852 0.477083 0.476852 0.476562 0.477778 0.475521 0.477778 0.475000 0.478704 0.474479 0.478704 0.469271 0.487963 0.468750 0.487963 0.455208 0.512037 0.454688 0.512037 0.453125 0.514815 0.452604 0.514815 0.452083 0.515741 0.451562 0.515741 0.451042 0.516667 0.450521 0.516667 0.449479 0.518519 0.448958 0.518519 0.448437 0.519444 0.447917 0.519444 0.447396 0.520370 0.446875 0.520370 0.446354 0.521296 0.444271 0.521296 0.443750 0.520370 0.443229 0.521296 0.442708 0.521296 0.442188 0.522222 0.441667 0.522222 0.441146 0.523148 0.440625 0.523148 0.440104 0.524074 0.439583 0.524074 0.439063 0.525000 0.438542 0.525000 0.438021 0.525926 0.437500 0.525926 0.436979 0.526852 0.435937 0.526852 0.435417 0.527778 0.434896 0.527778 0.434375 0.526852 0.433854 0.526852 0.433333 0.525926 0.432812 0.525926 0.421875 0.506481 0.421875 0.505556 0.413021 0.489815 0.412500 0.489815 0.407292 0.480556 0.406771 0.480556 0.404687 0.476852 0.402083 0.476852 0.401562 0.477778 0.401042 0.477778 0.400000 0.479630 0.400000 0.482407 0.400521 0.483333 0.400521 0.484259 0.402604 0.487963 0.402604 0.488889 0.419792 0.519444 0.419792 0.520370 0.436979 0.550926 0.437500 0.550926 0.438021 0.551852 0.439063 0.551852 0.439583 0.550926 0.440104 0.550926 0.440625 0.550000 0.441146 0.550000 0.442188 0.548148 0.442708 0.548148 0.443750 0.546296 0.444271 0.546296 0.444792 0.545370 0.445312 0.545370 0.446354 0.543519 0.446875 0.543519 0.447917 0.541667 0.448437 0.541667 0.463021 0.515741 0.463542 0.515741 0.479687 0.487037 0.480208 0.487037 0.482292 0.483333 0.482812 0.483333 0.483333 0.482407 0.483854 0.482407 0.484375 0.481481 0.484896 0.481481 0.485417 0.480556 0.485938 0.480556 0.486458 0.479630 0.486979 0.479630 0.487500 0.478704 0.488021 0.478704 0.488542 0.477778 0.489063 0.477778 0.489583 0.476852 0.490104 0.476852 0.490625 0.475926 0.491146 0.475926 0.491146 0.475000 0.490625 0.474074 0.490104 0.474074 0.488542 0.471296 0.488021 0.471296
0 0.530469 0.517593 0.079687 0.083333 0.568750 0.475926 0.565625 0.481481 0.565104 0.481481 0.558854 0.492593 0.558333 0.492593 0.544271 0.517593 0.543750 0.517593 0.542188 0.520370 0.540625 0.520370 0.539062 0.517593 0.539062 0.516667 0.538542 0.515741 0.538542 0.512963 0.539062 0.512037 0.538542 0.512037 0.538021 0.512963 0.536458 0.512963 0.533854 0.517593 0.533333 0.517593 0.531771 0.520370 0.529167 0.520370 0.525521 0.513889 0.525000 0.513889 0.524479 0.514815 0.524479 0.515741 0.523438 0.517593 0.523438 0.518519 0.520833 0.523148 0.519271 0.523148 0.518750 0.522222 0.518229 0.522222 0.516146 0.518519 0.515625 0.518519 0.512500 0.512963 0.512500 0.512037 0.495312 0.481481 0.494271 0.481481 0.493750 0.482407 0.493229 0.482407 0.492708 0.483333 0.492188 0.483333 0.490625 0.486111 0.490625 0.489815 0.492188 0.492593 0.492188 0.493519 0.511458 0.527778 0.511458 0.528704 0.527604 0.557407 0.528125 0.557407 0.529167 0.559259 0.530729 0.559259 0.531250 0.558333 0.531771 0.558333 0.539062 0.545370 0.539583 0.545370 0.559896 0.509259 0.560417 0.509259 0.569271 0.493519 0.569271 0.492593 0.570312 0.490741 0.570312 0.486111 0.569792 0.485185 0.569792 0.480556 0.569271 0.479630 0.569271 0.475926
0 0.626302 0.517130 0.086979 0.093519 0.583333 0.470370 0.582812 0.471296 0.582812 0.474074 0.583333 0.475000 0.583333 0.475926 0.583854 0.476852 0.583854 0.477778 0.584375 0.478704 0.584375 0.479630 0.584896 0.480556 0.584896 0.481481 0.585417 0.482407 0.585417 0.483333 0.585938 0.484259 0.585938 0.485185 0.586458 0.486111 0.586458 0.487037 0.586979 0.487963 0.586979 0.488889 0.587500 0.489815 0.587500 0.490741 0.588021 0.491667 0.588021 0.492593 0.589063 0.494444 0.589063 0.495370 0.605729 0.525000 0.605729 0.525926 0.626042 0.562037 0.626563 0.562037 0.627083 0.562963 0.627604 0.562963 0.628125 0.563889 0.628646 0.563889 0.629167 0.562963 0.629687 0.562963 0.632292 0.558333 0.632812 0.558333 0.644792 0.537037 0.645312 0.537037 0.659375 0.512037 0.659896 0.512037 0.669271 0.495370 0.669271 0.494444 0.669792 0.493519 0.669792 0.489815 0.668750 0.487963 0.668229 0.487963 0.667708 0.487037 0.667188 0.487037 0.666667 0.486111 0.666146 0.486111 0.665625 0.485185 0.665104 0.485185 0.663021 0.488889 0.662500 0.488889 0.659375 0.494444 0.658854 0.494444 0.654687 0.501852 0.654167 0.501852 0.645833 0.516667 0.645312 0.516667 0.635938 0.533333 0.635417 0.533333 0.634375 0.535185 0.632812 0.535185 0.632292 0.534259 0.631771 0.534259 0.631250 0.533333 0.631250 0.532407 0.619792 0.512037 0.618750 0.512037 0.618229 0.512963 0.617708 0.512963 0.618229 0.513889 0.618229 0.514815 0.618750 0.515741 0.618750 0.516667 0.618229 0.517593 0.618229 0.518519 0.617188 0.520370 0.616667 0.520370 0.616146 0.521296 0.615625 0.521296 0.615104 0.520370 0.614583 0.520370 0.614062 0.519444 0.613542 0.519444 0.592708 0.482407 0.592187 0.482407 0.587500 0.474074 0.586979 0.474074 0.584896 0.470370
0 0.713542 0.528241 0.094792 0.087963 0.666146 0.484259 0.666146 0.485185 0.666667 0.485185 0.667188 0.486111 0.667708 0.486111 0.668229 0.487037 0.668750 0.487037 0.670312 0.489815 0.670312 0.493519 0.669792 0.494444 0.670312 0.495370 0.670833 0.495370 0.671354 0.496296 0.671875 0.496296 0.672917 0.498148 0.673438 0.498148 0.685417 0.519444 0.685417 0.520370 0.708854 0.562037 0.709375 0.562037 0.710417 0.563889 0.710938 0.563889 0.711458 0.564815 0.711979 0.564815 0.713021 0.566667 0.713542 0.566667 0.714063 0.567593 0.714583 0.567593 0.715625 0.569444 0.716146 0.569444 0.717187 0.571296 0.717708 0.571296 0.718229 0.572222 0.719792 0.572222 0.720833 0.570370 0.721354 0.570370 0.726562 0.561111 0.727083 0.561111 0.736979 0.543519 0.737500 0.543519 0.747917 0.525000 0.748437 0.525000 0.760417 0.503704 0.760417 0.502778 0.760938 0.501852 0.760938 0.500000 0.758854 0.496296 0.757292 0.496296 0.756771 0.495370 0.755729 0.495370 0.755208 0.494444 0.753646 0.494444 0.753125 0.493519 0.752083 0.493519 0.745313 0.505556 0.744792 0.505556 0.733854 0.525000 0.733333 0.525000 0.725521 0.538889 0.725000 0.538889 0.723958 0.540741 0.723437 0.540741 0.722917 0.541667 0.721875 0.541667 0.721354 0.540741 0.720833 0.540741 0.720313 0.539815 0.719792 0.539815 0.719271 0.538889 0.718750 0.538889 0.718229 0.537963 0.717708 0.537963 0.717187 0.537037 0.716667 0.537037 0.716146 0.536111 0.715625 0.536111 0.715104 0.535185 0.714063 0.535185 0.713542 0.534259 0.713021 0.534259 0.712500 0.535185 0.711979 0.535185 0.711458 0.536111 0.709896 0.536111 0.709375 0.535185 0.708854 0.535185 0.708333 0.534259 0.707812 0.534259 0.707292 0.533333 0.706771 0.533333 0.706250 0.532407 0.705729 0.532407 0.705208 0.531481 0.704688 0.531481 0.704167 0.530556 0.703646 0.530556 0.703125 0.529630 0.702604 0.529630 0.702083 0.528704 0.701562 0.528704 0.701042 0.527778 0.700521 0.527778 0.683333 0.497222 0.682813 0.497222 0.682292 0.496296 0.681771 0.496296 0.681250 0.495370 0.680729 0.495370 0.680208 0.494444 0.679688 0.494444 0.679167 0.493519 0.678125 0.493519 0.677604 0.492593 0.677083 0.492593 0.676562 0.491667 0.676042 0.491667 0.675521 0.490741 0.674479 0.490741 0.673958 0.489815 0.673438 0.489815 0.672917 0.488889 0.672396 0.488889 0.671875 0.487963 0.670833 0.487963 0.670312 0.487037 0.669792 0.487037 0.669271 0.486111 0.668750 0.486111 0.668229 0.485185 0.667188 0.485185 0.666667 0.484259
0 0.321094 0.485185 0.080729 0.074074 0.319792 0.448148 0.319271 0.449074 0.317708 0.449074 0.316667 0.450926 0.316146 0.450926 0.281771 0.512037 0.281771 0.512963 0.281250 0.513889 0.281250 0.514815 0.280729 0.515741 0.280729 0.516667 0.281250 0.517593 0.281250 0.518519 0.282292 0.520370 0.284375 0.520370 0.284896 0.519444 0.285417 0.519444 0.303646 0.487037 0.304167 0.487037 0.305208 0.485185 0.305729 0.485185 0.306250 0.484259 0.308333 0.484259 0.308854 0.483333 0.311979 0.483333 0.312500 0.482407 0.315104 0.482407 0.317708 0.477778 0.320312 0.477778 0.320833 0.476852 0.323958 0.476852 0.324479 0.475926 0.326562 0.475926 0.327083 0.476852 0.327604 0.476852 0.352083 0.520370 0.352604 0.520370 0.353125 0.521296 0.353646 0.521296 0.354167 0.522222 0.355208 0.522222 0.355729 0.521296 0.356771 0.521296 0.357292 0.520370 0.358333 0.520370 0.358854 0.519444 0.359375 0.519444 0.359375 0.518519 0.360417 0.516667 0.360417 0.515741 0.361458 0.513889 0.360417 0.513889 0.359896 0.514815 0.357292 0.514815 0.356771 0.513889 0.356250 0.513889 0.347917 0.499074 0.347917 0.498148 0.332292 0.470370 0.332292 0.469444 0.321354 0.450000 0.321354 0.449074 0.320833 0.448148
0 0.401823 0.488889 0.083854 0.075926 0.400521 0.450926 0.400000 0.451852 0.397917 0.451852 0.397396 0.452778 0.396875 0.452778 0.378125 0.486111 0.377604 0.486111 0.360938 0.515741 0.360938 0.516667 0.359896 0.518519 0.359896 0.522222 0.361458 0.525000 0.363021 0.525000 0.363542 0.524074 0.364063 0.524074 0.364583 0.523148 0.365104 0.523148 0.369271 0.515741 0.369792 0.515741 0.380208 0.497222 0.380729 0.497222 0.390625 0.479630 0.391667 0.479630 0.392188 0.478704 0.394271 0.478704 0.394792 0.477778 0.396875 0.477778 0.397396 0.476852 0.398958 0.476852 0.399479 0.475926 0.401562 0.475926 0.402083 0.475000 0.404167 0.475000 0.406771 0.479630 0.407292 0.479630 0.412500 0.488889 0.413021 0.488889 0.422396 0.505556 0.422396 0.506481 0.432812 0.525000 0.433333 0.525000 0.433854 0.525926 0.434375 0.525926 0.434896 0.526852 0.435417 0.526852 0.435937 0.525926 0.436979 0.525926 0.437500 0.525000 0.438021 0.525000 0.438542 0.524074 0.439063 0.524074 0.439583 0.523148 0.440104 0.523148 0.440625 0.522222 0.441146 0.522222 0.441667 0.521296 0.442188 0.521296 0.442708 0.520370 0.443229 0.520370 0.442708 0.519444 0.442708 0.518519 0.442188 0.517593 0.442188 0.514815 0.442708 0.513889 0.442708 0.512963 0.443750 0.511111 0.443229 0.511111 0.442708 0.512037 0.442188 0.512037 0.441667 0.512963 0.441146 0.512963 0.440625 0.513889 0.438542 0.513889 0.438021 0.512963 0.437500 0.512963 0.426042 0.492593 0.426042 0.491667 0.408333 0.460185 0.408333 0.459259 0.403646 0.450926
0 0.483854 0.481481 0.082292 0.081481 0.494792 0.440741 0.494271 0.441667 0.492708 0.441667 0.492188 0.442593 0.490104 0.442593 0.489583 0.443519 0.488021 0.443519 0.487500 0.444444 0.485938 0.444444 0.485417 0.445370 0.483333 0.445370 0.482812 0.446296 0.481771 0.446296 0.480729 0.448148 0.480208 0.448148 0.465104 0.475000 0.464583 0.475000 0.443229 0.512963 0.443229 0.513889 0.442708 0.514815 0.442708 0.517593 0.443229 0.518519 0.443229 0.519444 0.443750 0.519444 0.444271 0.520370 0.446354 0.520370 0.446875 0.519444 0.447396 0.519444 0.447917 0.518519 0.448437 0.518519 0.448958 0.517593 0.449479 0.517593 0.450521 0.515741 0.451042 0.515741 0.451562 0.514815 0.452083 0.514815 0.452604 0.513889 0.453125 0.513889 0.454688 0.511111 0.455208 0.511111 0.468750 0.487037 0.469271 0.487037 0.474479 0.477778 0.475000 0.477778 0.475521 0.476852 0.476562 0.476852 0.477083 0.475926 0.477604 0.475926 0.478125 0.475000 0.478646 0.475000 0.479167 0.474074 0.480208 0.474074 0.480729 0.473148 0.481250 0.473148 0.481771 0.472222 0.482292 0.472222 0.482812 0.471296 0.483854 0.471296 0.484375 0.470370 0.484896 0.470370 0.485417 0.469444 0.486458 0.469444 0.486979 0.468519 0.488021 0.470370 0.488542 0.470370 0.490104 0.473148 0.490625 0.473148 0.494792 0.480556 0.495312 0.480556 0.513021 0.512037 0.513021 0.512963 0.515625 0.517593 0.516146 0.517593 0.518229 0.521296 0.518750 0.521296 0.519271 0.522222 0.520833 0.522222 0.522917 0.518519 0.522917 0.517593 0.523958 0.515741 0.523958 0.514815 0.525000 0.512963 0.499479 0.467593 0.499479 0.466667 0.491146 0.451852 0.491146 0.450926 0.490625 0.450000 0.490625 0.447222 0.492188 0.444444 0.492708 0.444444 0.493229 0.443519 0.494271 0.443519 0.494792 0.442593 0.495833 0.442593
0 0.578646 0.479167 0.079167 0.082407 0.575000 0.437963 0.573958 0.439815 0.573438 0.439815 0.570312 0.445370 0.570833 0.446296 0.570833 0.447222 0.571354 0.448148 0.571354 0.450926 0.570833 0.451852 0.570833 0.452778 0.553646 0.483333 0.553125 0.483333 0.541146 0.504630 0.541146 0.505556 0.540625 0.506481 0.540625 0.507407 0.540104 0.508333 0.540104 0.510185 0.539583 0.511111 0.539583 0.512037 0.539062 0.512963 0.539062 0.515741 0.539583 0.516667 0.539583 0.517593 0.540625 0.519444 0.542188 0.519444 0.543750 0.516667 0.544271 0.516667 0.558333 0.491667 0.558854 0.491667 0.565104 0.480556 0.565625 0.480556 0.568750 0.475000 0.569271 0.475000 0.571354 0.471296 0.571875 0.471296 0.573438 0.468519 0.573958 0.468519 0.574479 0.467593 0.575000 0.467593 0.575521 0.466667 0.576042 0.466667 0.576562 0.465741 0.577604 0.465741 0.578125 0.464815 0.579688 0.464815 0.580208 0.465741 0.581250 0.465741 0.581771 0.466667 0.582292 0.466667 0.582812 0.467593 0.583333 0.467593 0.584375 0.469444 0.584896 0.469444 0.586979 0.473148 0.587500 0.473148 0.592187 0.481481 0.592708 0.481481 0.613542 0.518519 0.614062 0.518519 0.614583 0.519444 0.615104 0.519444 0.615625 0.520370 0.616146 0.520370 0.616667 0.519444 0.617188 0.519444 0.617708 0.518519 0.617708 0.517593 0.618229 0.516667 0.618229 0.515741 0.617708 0.514815 0.617708 0.513889 0.617188 0.512963 0.617188 0.512037 0.612500 0.503704 0.612500 0.502778 0.606250 0.491667 0.606250 0.490741 0.581250 0.446296 0.581250 0.445370 0.579688 0.442593 0.579167 0.442593 0.576562 0.437963
0 0.669531 0.495833 0.086979 0.078704 0.668750 0.456481 0.652083 0.486111 0.651563 0.486111 0.636458 0.512963 0.635938 0.512963 0.630208 0.523148 0.629687 0.523148 0.629167 0.524074 0.627083 0.524074 0.626042 0.522222 0.631771 0.532407 0.631771 0.533333 0.632292 0.533333 0.632812 0.534259 0.634375 0.534259 0.635417 0.532407 0.635938 0.532407 0.645312 0.515741 0.645833 0.515741 0.654167 0.500926 0.654687 0.500926 0.658854 0.493519 0.659375 0.493519 0.662500 0.487963 0.663021 0.487963 0.665104 0.484259 0.665625 0.484259 0.666146 0.483333 0.666667 0.483333 0.667188 0.484259 0.668229 0.484259 0.668750 0.485185 0.669271 0.485185 0.669792 0.486111 0.670312 0.486111 0.670833 0.487037 0.671875 0.487037 0.672396 0.487963 0.672917 0.487963 0.673438 0.488889 0.673958 0.488889 0.674479 0.489815 0.675521 0.489815 0.676042 0.490741 0.676562 0.490741 0.677083 0.491667 0.677604 0.491667 0.678125 0.492593 0.679167 0.492593 0.679688 0.493519 0.680208 0.493519 0.680729 0.494444 0.681250 0.494444 0.681771 0.495370 0.682292 0.495370 0.682813 0.496296 0.683333 0.496296 0.700521 0.526852 0.701042 0.526852 0.701562 0.527778 0.702083 0.527778 0.702604 0.528704 0.703125 0.528704 0.703646 0.529630 0.704167 0.529630 0.704688 0.530556 0.705208 0.530556 0.705729 0.531481 0.706250 0.531481 0.706771 0.532407 0.707292 0.532407 0.707812 0.533333 0.708333 0.533333 0.708854 0.534259 0.709375 0.534259 0.709896 0.535185 0.711458 0.535185 0.711979 0.534259 0.712500 0.534259 0.713021 0.533333 0.713021 0.528704 0.709896 0.523148 0.709896 0.522222 0.674479 0.459259 0.673958 0.459259 0.673438 0.458333 0.672917 0.458333 0.672396 0.457407 0.670833 0.457407 0.670312 0.456481
0 0.361719 0.476852 0.082812 0.074074 0.324479 0.439815 0.323958 0.440741 0.321354 0.440741 0.320312 0.442593 0.320312 0.446296 0.321875 0.449074 0.321875 0.450000 0.332813 0.469444 0.332813 0.470370 0.348438 0.498148 0.348438 0.499074 0.356250 0.512963 0.356771 0.512963 0.357292 0.513889 0.359896 0.513889 0.360417 0.512963 0.361979 0.512963 0.377604 0.485185 0.378125 0.485185 0.396875 0.451852 0.397396 0.451852 0.397917 0.450926 0.400000 0.450926 0.400521 0.450000 0.403125 0.450000 0.401562 0.447222 0.401562 0.446296 0.400521 0.444444 0.400521 0.441667 0.401042 0.440741 0.396354 0.440741 0.395833 0.441667 0.393750 0.441667 0.391667 0.445370 0.391146 0.445370 0.373958 0.475926 0.373437 0.475926 0.368750 0.484259 0.368229 0.484259 0.367188 0.486111 0.366667 0.486111 0.366146 0.487037 0.364063 0.487037 0.363542 0.487963 0.361458 0.487963 0.359375 0.484259 0.359375 0.483333 0.358854 0.484259 0.356771 0.484259 0.356250 0.485185 0.354687 0.485185 0.354167 0.486111 0.353646 0.486111 0.353125 0.485185 0.352083 0.485185 0.329167 0.444444 0.328646 0.444444 0.326042 0.439815
0 0.447656 0.474074 0.093229 0.077778 0.490104 0.435185 0.489583 0.436111 0.487500 0.436111 0.486979 0.437037 0.484375 0.437037 0.483854 0.437963 0.481250 0.437963 0.480729 0.438889 0.478646 0.438889 0.478125 0.439815 0.476042 0.439815 0.475521 0.440741 0.475000 0.440741 0.465625 0.457407 0.465104 0.457407 0.455208 0.475000 0.454688 0.475000 0.451562 0.480556 0.450521 0.480556 0.450000 0.481481 0.448958 0.481481 0.448437 0.482407 0.446875 0.482407 0.446354 0.483333 0.445312 0.483333 0.444792 0.484259 0.443750 0.484259 0.443229 0.485185 0.442188 0.485185 0.441667 0.486111 0.440625 0.486111 0.440104 0.487037 0.439063 0.487037 0.438542 0.487963 0.437500 0.487963 0.436979 0.488889 0.433854 0.488889 0.409896 0.446296 0.409375 0.446296 0.405729 0.439815 0.405208 0.439815 0.404687 0.438889 0.402604 0.438889 0.402083 0.439815 0.401562 0.439815 0.401562 0.440741 0.401042 0.441667 0.401042 0.444444 0.402083 0.446296 0.402083 0.447222 0.408854 0.459259 0.408854 0.460185 0.426563 0.491667 0.426563 0.492593 0.437500 0.512037 0.438021 0.512037 0.438542 0.512963 0.440625 0.512963 0.441146 0.512037 0.441667 0.512037 0.442188 0.511111 0.442708 0.511111 0.443229 0.510185 0.444271 0.510185 0.464583 0.474074 0.465104 0.474074 0.480208 0.447222 0.480729 0.447222 0.481771 0.445370 0.482812 0.445370 0.483333 0.444444 0.485417 0.444444 0.485938 0.443519 0.487500 0.443519 0.488021 0.442593 0.489583 0.442593 0.490104 0.441667 0.492188 0.441667 0.492708 0.440741 0.494271 0.440741 0.494271 0.439815 0.493750 0.438889 0.493229 0.438889 0.491146 0.435185
0 0.530990 0.479630 0.079687 0.079630 0.568229 0.439815 0.564583 0.446296 0.564063 0.446296 0.555729 0.461111 0.555208 0.461111 0.542708 0.483333 0.542188 0.483333 0.541667 0.484259 0.540625 0.484259 0.540104 0.483333 0.539583 0.483333 0.539062 0.482407 0.539062 0.481481 0.535417 0.481481 0.534896 0.480556 0.534375 0.480556 0.533854 0.479630 0.533333 0.479630 0.531771 0.482407 0.529687 0.482407 0.529167 0.481481 0.528646 0.481481 0.526042 0.476852 0.525521 0.476852 0.522396 0.482407 0.521875 0.482407 0.521354 0.483333 0.519271 0.483333 0.517708 0.480556 0.517188 0.480556 0.496354 0.443519 0.494792 0.443519 0.494271 0.444444 0.493229 0.444444 0.492708 0.445370 0.492188 0.445370 0.491146 0.447222 0.491146 0.450000 0.491667 0.450926 0.491667 0.451852 0.500000 0.466667 0.500000 0.467593 0.529167 0.519444 0.531771 0.519444 0.533333 0.516667 0.533854 0.516667 0.553125 0.482407 0.553646 0.482407 0.570312 0.452778 0.570312 0.451852 0.570833 0.450926 0.570833 0.448148 0.570312 0.447222 0.570312 0.446296 0.569792 0.445370 0.569792 0.443519 0.569271 0.442593 0.569271 0.441667 0.568750 0.440741 0.568750 0.439815
0 0.626302 0.481019 0.086979 0.084259 0.583854 0.438889 0.582812 0.440741 0.582812 0.442593 0.583333 0.443519 0.583333 0.444444 0.587500 0.451852 0.587500 0.452778 0.611979 0.496296 0.611979 0.497222 0.625521 0.521296 0.626042 0.521296 0.627083 0.523148 0.629167 0.523148 0.629687 0.522222 0.630208 0.522222 0.635938 0.512037 0.636458 0.512037 0.651563 0.485185 0.652083 0.485185 0.669271 0.454630 0.669271 0.453704 0.669792 0.452778 0.669792 0.450926 0.669271 0.450000 0.669271 0.449074 0.668750 0.448148 0.668229 0.448148 0.667708 0.447222 0.666667 0.447222 0.666146 0.446296 0.663542 0.446296 0.661458 0.450000 0.660937 0.450000 0.657292 0.456481 0.656771 0.456481 0.651563 0.465741 0.651042 0.465741 0.639062 0.487037 0.638542 0.487037 0.634375 0.494444 0.633854 0.494444 0.633333 0.495370 0.632812 0.495370 0.632292 0.494444 0.631771 0.494444 0.630729 0.492593 0.630208 0.492593 0.629167 0.490741 0.628646 0.490741 0.627083 0.487963 0.626563 0.487963 0.625521 0.486111 0.625000 0.486111 0.623437 0.483333 0.622917 0.483333 0.621875 0.481481 0.621354 0.481481 0.620313 0.479630 0.620313 0.480556 0.619792 0.481481 0.619792 0.482407 0.619271 0.483333 0.618750 0.483333 0.618229 0.484259 0.616146 0.484259 0.615625 0.483333 0.613542 0.483333 0.613021 0.482407 0.611979 0.482407 0.593750 0.450000 0.593229 0.450000 0.591146 0.446296 0.590625 0.446296 0.589063 0.443519 0.588542 0.443519 0.586458 0.439815 0.585938 0.439815 0.585417 0.438889
0 0.720052 0.500926 0.088021 0.079630 0.676042 0.461111 0.710417 0.522222 0.710417 0.523148 0.713542 0.528704 0.713542 0.533333 0.714063 0.534259 0.715104 0.534259 0.715625 0.535185 0.716146 0.535185 0.716667 0.536111 0.717187 0.536111 0.717708 0.537037 0.718229 0.537037 0.718750 0.537963 0.719271 0.537963 0.719792 0.538889 0.720313 0.538889 0.720833 0.539815 0.721354 0.539815 0.721875 0.540741 0.722917 0.540741 0.723437 0.539815 0.723958 0.539815 0.725000 0.537963 0.725521 0.537963 0.733333 0.524074 0.733854 0.524074 0.744792 0.504630 0.745313 0.504630 0.755729 0.486111 0.756250 0.486111 0.763021 0.474074 0.763021 0.473148 0.763542 0.472222 0.763542 0.471296 0.764062 0.470370 0.763542 0.469444 0.763542 0.468519 0.761979 0.465741 0.759896 0.465741 0.759375 0.464815 0.754687 0.473148 0.754167 0.473148 0.743229 0.492593 0.742708 0.492593 0.733333 0.509259 0.732812 0.509259 0.730729 0.512963 0.729688 0.512963 0.729167 0.513889 0.728646 0.512963 0.727604 0.512963 0.727083 0.512037 0.726042 0.512037 0.725521 0.511111 0.725000 0.511111 0.724479 0.510185 0.723437 0.510185 0.722917 0.509259 0.721875 0.509259 0.721354 0.508333 0.720313 0.508333 0.719792 0.507407 0.718750 0.507407 0.718229 0.506481 0.717708 0.506481 0.717187 0.505556 0.716146 0.505556 0.715625 0.504630 0.714583 0.504630 0.714063 0.503704 0.713021 0.503704 0.712500 0.502778 0.711458 0.502778 0.710938 0.501852 0.710417 0.501852 0.709896 0.500926 0.708854 0.500926 0.708333 0.500000 0.707292 0.500000 0.706771 0.499074 0.705729 0.499074 0.688021 0.467593 0.687500 0.467593 0.686458 0.465741 0.685417 0.465741 0.684896 0.464815 0.683333 0.464815 0.682813 0.463889 0.681250 0.463889 0.680729 0.462963 0.679688 0.462963 0.679167 0.462037 0.677604 0.462037 0.677083 0.461111
0 0.320312 0.448611 0.081250 0.073148 0.316146 0.412037 0.281771 0.473148 0.281771 0.474074 0.280208 0.476852 0.280208 0.477778 0.279687 0.478704 0.279687 0.480556 0.281250 0.483333 0.295833 0.457407 0.296354 0.457407 0.297917 0.454630 0.298958 0.454630 0.299479 0.453704 0.304688 0.453704 0.305208 0.452778 0.310417 0.452778 0.310937 0.451852 0.315104 0.451852 0.316146 0.450000 0.316667 0.450000 0.317708 0.448148 0.319271 0.448148 0.319792 0.447222 0.320312 0.447222 0.319792 0.446296 0.319792 0.442593 0.321354 0.439815 0.323958 0.439815 0.324479 0.438889 0.326042 0.438889 0.328646 0.443519 0.329167 0.443519 0.352083 0.484259 0.353125 0.484259 0.353646 0.485185 0.354167 0.485185 0.354687 0.484259 0.356250 0.484259 0.356771 0.483333 0.358854 0.483333 0.359375 0.482407 0.359375 0.480556 0.360417 0.478704 0.360417 0.477778 0.360938 0.476852 0.359896 0.476852 0.359375 0.477778 0.356771 0.477778 0.356250 0.478704 0.353646 0.478704 0.352604 0.476852 0.352083 0.476852 0.343750 0.462037 0.343750 0.461111 0.325000 0.427778 0.325000 0.426852 0.316667 0.412037
0 0.405729 0.450463 0.091667 0.075000 0.398958 0.412963 0.398438 0.413889 0.397396 0.413889 0.392708 0.422222 0.392188 0.422222 0.360938 0.477778 0.360938 0.478704 0.359896 0.480556 0.359896 0.484259 0.361458 0.487037 0.363542 0.487037 0.364063 0.486111 0.366146 0.486111 0.366667 0.485185 0.367188 0.485185 0.368229 0.483333 0.368750 0.483333 0.373437 0.475000 0.373958 0.475000 0.391146 0.444444 0.391667 0.444444 0.393750 0.440741 0.395833 0.440741 0.396354 0.439815 0.401042 0.439815 0.401562 0.438889 0.402083 0.438889 0.402604 0.437963 0.404687 0.437963 0.405208 0.438889 0.405729 0.438889 0.409375 0.445370 0.409896 0.445370 0.433854 0.487963 0.436979 0.487963 0.437500 0.487037 0.438542 0.487037 0.439063 0.486111 0.440104 0.486111 0.440625 0.485185 0.441667 0.485185 0.442188 0.484259 0.443229 0.484259 0.443750 0.483333 0.444792 0.483333 0.445312 0.482407 0.444792 0.482407 0.443229 0.479630 0.443229 0.475000 0.443750 0.474074 0.443229 0.474074 0.442708 0.475000 0.441667 0.475000 0.441146 0.475926 0.439583 0.475926 0.438542 0.474074 0.438021 0.474074 0.426042 0.452778 0.426042 0.451852 0.404167 0.412963
0 0.484635 0.444907 0.081771 0.075000 0.482292 0.407407 0.481250 0.409259 0.480729 0.409259 0.443750 0.475000 0.443750 0.479630 0.444792 0.481481 0.445312 0.481481 0.445833 0.482407 0.446354 0.482407 0.446875 0.481481 0.447917 0.481481 0.448437 0.480556 0.449479 0.480556 0.450000 0.479630 0.451042 0.479630 0.451562 0.478704 0.452083 0.478704 0.454688 0.474074 0.455208 0.474074 0.465104 0.456481 0.465625 0.456481 0.475000 0.439815 0.475521 0.439815 0.476042 0.438889 0.478125 0.438889 0.478646 0.437963 0.480729 0.437963 0.481250 0.437037 0.483854 0.437037 0.484375 0.436111 0.486979 0.436111 0.487500 0.435185 0.489583 0.435185 0.490104 0.434259 0.491146 0.434259 0.493229 0.437963 0.493750 0.437963 0.517188 0.479630 0.517708 0.479630 0.519271 0.482407 0.521354 0.482407 0.521875 0.481481 0.522396 0.481481 0.525521 0.475926 0.502604 0.435185 0.502604 0.434259 0.491146 0.413889 0.491146 0.412963 0.490625 0.412037 0.490625 0.408333 0.491146 0.407407
0 0.579167 0.445370 0.081250 0.075926 0.575521 0.407407 0.574479 0.409259 0.573958 0.409259 0.555729 0.441667 0.555208 0.441667 0.544271 0.461111 0.544271 0.462037 0.543229 0.463889 0.543229 0.464815 0.542708 0.465741 0.542708 0.466667 0.541667 0.468519 0.541667 0.469444 0.540625 0.471296 0.540625 0.472222 0.539583 0.474074 0.539583 0.475000 0.539062 0.475926 0.539062 0.476852 0.538542 0.477778 0.538542 0.479630 0.539583 0.481481 0.539583 0.482407 0.540104 0.482407 0.540625 0.483333 0.541667 0.483333 0.542188 0.482407 0.542708 0.482407 0.555208 0.460185 0.555729 0.460185 0.564063 0.445370 0.564583 0.445370 0.568750 0.437963 0.569271 0.437963 0.571354 0.434259 0.571875 0.434259 0.573438 0.431481 0.573958 0.431481 0.575000 0.429630 0.575521 0.429630 0.576042 0.428704 0.576562 0.428704 0.577083 0.427778 0.581250 0.427778 0.581771 0.428704 0.582292 0.428704 0.584896 0.433333 0.585417 0.433333 0.604167 0.466667 0.604688 0.466667 0.606771 0.470370 0.607292 0.470370 0.609375 0.474074 0.609896 0.474074 0.611979 0.477778 0.612500 0.477778 0.614583 0.481481 0.615104 0.481481 0.616146 0.483333 0.618229 0.483333 0.618750 0.482407 0.619271 0.482407 0.619271 0.481481 0.619792 0.480556 0.619792 0.478704 0.619271 0.477778 0.619271 0.476852 0.616146 0.471296 0.616146 0.470370 0.581250 0.408333 0.580729 0.408333 0.580208 0.407407
0 0.664583 0.456019 0.094792 0.076852 0.667708 0.417593 0.649479 0.450000 0.648958 0.450000 0.632812 0.478704 0.632292 0.478704 0.629687 0.483333 0.629167 0.483333 0.628646 0.484259 0.626563 0.484259 0.625521 0.482407 0.625000 0.482407 0.623958 0.480556 0.623437 0.480556 0.622396 0.478704 0.621875 0.478704 0.620313 0.475926 0.619792 0.475926 0.618750 0.474074 0.618229 0.474074 0.617188 0.472222 0.619792 0.476852 0.619792 0.477778 0.621354 0.480556 0.621875 0.480556 0.622917 0.482407 0.623437 0.482407 0.625000 0.485185 0.625521 0.485185 0.626563 0.487037 0.627083 0.487037 0.628646 0.489815 0.629167 0.489815 0.630208 0.491667 0.630729 0.491667 0.631771 0.493519 0.632292 0.493519 0.632812 0.494444 0.633333 0.494444 0.633854 0.493519 0.634375 0.493519 0.638542 0.486111 0.639062 0.486111 0.651042 0.464815 0.651563 0.464815 0.656771 0.455556 0.657292 0.455556 0.660937 0.449074 0.661458 0.449074 0.663542 0.445370 0.666146 0.445370 0.666667 0.446296 0.667708 0.446296 0.668229 0.447222 0.668750 0.447222 0.669792 0.449074 0.669792 0.450000 0.670312 0.450926 0.670312 0.452778 0.669792 0.453704 0.669792 0.454630 0.669271 0.455556 0.670312 0.455556 0.670833 0.456481 0.672396 0.456481 0.672917 0.457407 0.673438 0.457407 0.673958 0.458333 0.674479 0.458333 0.675521 0.460185 0.677083 0.460185 0.677604 0.461111 0.679167 0.461111 0.679688 0.462037 0.680729 0.462037 0.681250 0.462963 0.682813 0.462963 0.683333 0.463889 0.684896 0.463889 0.685417 0.464815 0.686458 0.464815 0.687500 0.466667 0.688021 0.466667 0.701042 0.489815 0.701562 0.489815 0.702083 0.490741 0.703125 0.490741 0.703646 0.491667 0.704688 0.491667 0.705208 0.492593 0.706250 0.492593 0.706771 0.493519 0.707812 0.493519 0.708333 0.494444 0.710417 0.494444 0.710938 0.493519 0.711458 0.493519 0.711458 0.492593 0.711979 0.491667 0.711979 0.489815 0.711458 0.488889 0.711458 0.487963 0.710417 0.486111 0.710417 0.485185 0.681771 0.434259 0.681771 0.433333 0.675521 0.422222 0.675000 0.422222 0.672917 0.418519 0.669271 0.418519 0.668750 0.417593
0 0.359635 0.440278 0.088021 0.075000 0.316667 0.402778 0.315625 0.404630 0.315625 0.408333 0.316667 0.410185 0.316667 0.411111 0.325521 0.426852 0.325521 0.427778 0.344271 0.461111 0.344271 0.462037 0.352083 0.475926 0.352604 0.475926 0.353646 0.477778 0.356250 0.477778 0.356771 0.476852 0.359375 0.476852 0.359896 0.475926 0.361458 0.475926 0.392188 0.421296 0.392708 0.421296 0.397396 0.412963 0.398438 0.412963 0.398958 0.412037 0.403646 0.412037 0.403646 0.411111 0.401562 0.407407 0.401562 0.406481 0.401042 0.405556 0.401042 0.403704 0.392708 0.403704 0.392188 0.402778 0.391667 0.402778 0.391146 0.403704 0.390625 0.403704 0.390104 0.404630 0.389583 0.404630 0.370833 0.437963 0.370312 0.437963 0.365104 0.447222 0.364583 0.447222 0.364063 0.448148 0.363542 0.448148 0.362500 0.446296 0.360938 0.446296 0.360417 0.447222 0.355729 0.447222 0.355208 0.448148 0.354687 0.448148 0.354167 0.447222 0.353646 0.447222 0.353125 0.446296 0.352604 0.446296 0.329688 0.405556 0.329167 0.405556 0.327604 0.402778
0 0.448958 0.437963 0.094792 0.074074 0.403125 0.400926 0.401562 0.403704 0.401562 0.405556 0.402083 0.406481 0.402083 0.407407 0.404167 0.411111 0.404167 0.412037 0.426563 0.451852 0.426563 0.452778 0.438021 0.473148 0.438542 0.473148 0.439583 0.475000 0.441146 0.475000 0.441667 0.474074 0.442708 0.474074 0.443229 0.473148 0.444271 0.473148 0.480729 0.408333 0.481250 0.408333 0.482292 0.406481 0.491667 0.406481 0.492188 0.405556 0.496354 0.405556 0.495312 0.403704 0.493229 0.403704 0.492708 0.402778 0.486458 0.402778 0.485938 0.401852 0.479687 0.401852 0.479167 0.400926 0.476562 0.400926 0.475521 0.402778 0.475000 0.402778 0.458854 0.431481 0.458333 0.431481 0.452083 0.442593 0.451562 0.442593 0.448958 0.447222 0.446354 0.447222 0.445833 0.448148 0.443229 0.448148 0.442708 0.449074 0.440104 0.449074 0.439583 0.450000 0.436458 0.450000 0.435937 0.449074 0.435417 0.449074 0.413021 0.409259 0.412500 0.409259 0.408854 0.402778 0.408333 0.402778 0.407292 0.400926
0 0.531250 0.443981 0.080208 0.075000 0.492188 0.406481 0.491146 0.408333 0.491146 0.412037 0.491667 0.412963 0.491667 0.413889 0.503125 0.434259 0.503125 0.435185 0.528646 0.480556 0.529167 0.480556 0.529687 0.481481 0.531771 0.481481 0.533333 0.478704 0.533854 0.478704 0.555208 0.440741 0.555729 0.440741 0.570312 0.414815 0.570312 0.413889 0.570833 0.412963 0.570833 0.412037 0.571354 0.411111 0.570833 0.410185 0.570833 0.409259 0.570312 0.408333 0.570312 0.407407 0.569792 0.407407 0.569271 0.406481 0.567708 0.406481 0.567187 0.407407 0.566667 0.407407 0.566146 0.408333 0.565625 0.408333 0.552083 0.432407 0.551562 0.432407 0.546354 0.441667 0.545833 0.441667 0.543229 0.446296 0.542708 0.446296 0.541667 0.448148 0.541146 0.448148 0.540104 0.450000 0.539583 0.450000 0.539062 0.450926 0.535417 0.450926 0.534896 0.450000 0.534375 0.450000 0.533854 0.449074 0.533333 0.449074 0.532292 0.447222 0.531771 0.447222 0.530208 0.444444 0.529687 0.444444 0.529167 0.443519 0.528646 0.443519 0.527083 0.440741 0.526563 0.440741 0.526042 0.441667 0.525521 0.441667 0.525000 0.442593 0.523958 0.442593 0.523438 0.443519 0.522917 0.443519 0.522396 0.444444 0.519792 0.444444 0.519271 0.443519 0.518750 0.443519 0.497917 0.406481
0 0.626042 0.445370 0.086458 0.075926 0.584375 0.407407 0.583854 0.408333 0.583333 0.408333 0.583333 0.409259 0.582812 0.410185 0.616667 0.470370 0.616667 0.471296 0.617188 0.471296 0.618229 0.473148 0.618750 0.473148 0.619792 0.475000 0.620313 0.475000 0.621875 0.477778 0.622396 0.477778 0.623437 0.479630 0.623958 0.479630 0.625000 0.481481 0.625521 0.481481 0.626563 0.483333 0.628646 0.483333 0.629167 0.482407 0.629687 0.482407 0.632292 0.477778 0.632812 0.477778 0.648958 0.449074 0.649479 0.449074 0.668750 0.414815 0.668750 0.413889 0.669271 0.412963 0.669271 0.412037 0.668750 0.411111 0.668750 0.410185 0.667708 0.408333 0.667188 0.408333 0.666667 0.407407 0.663021 0.407407 0.662500 0.408333 0.661979 0.408333 0.659375 0.412963 0.658854 0.412963 0.654687 0.420370 0.654167 0.420370 0.646354 0.434259 0.645833 0.434259 0.634896 0.453704 0.634375 0.453704 0.633333 0.455556 0.631250 0.455556 0.630729 0.454630 0.630208 0.454630 0.629687 0.453704 0.628646 0.453704 0.628125 0.452778 0.627604 0.452778 0.627083 0.451852 0.626042 0.451852 0.625521 0.450926 0.625000 0.450926 0.624479 0.450000 0.623437 0.450000 0.622917 0.449074 0.621875 0.449074 0.621354 0.448148 0.620833 0.448148 0.620313 0.447222 0.619271 0.449074 0.618750 0.449074 0.617708 0.450926 0.616667 0.450926 0.616146 0.450000 0.615625 0.450000 0.593229 0.410185 0.592708 0.410185 0.591667 0.408333 0.591146 0.408333 0.590625 0.407407
0 0.726562 0.471759 0.088542 0.082407 0.726042 0.430556 0.725000 0.432407 0.724479 0.432407 0.716146 0.447222 0.715625 0.447222 0.708854 0.459259 0.708333 0.459259 0.707292 0.461111 0.706771 0.461111 0.701042 0.450926 0.701042 0.450000 0.696875 0.442593 0.696354 0.442593 0.693750 0.437963 0.693229 0.437963 0.692708 0.437037 0.690625 0.437037 0.690104 0.436111 0.686979 0.436111 0.686458 0.435185 0.682813 0.435185 0.682292 0.434259 0.710938 0.485185 0.710938 0.486111 0.711979 0.487963 0.711979 0.488889 0.712500 0.489815 0.712500 0.491667 0.711979 0.492593 0.711979 0.493519 0.711458 0.494444 0.710938 0.494444 0.710417 0.495370 0.708333 0.495370 0.707812 0.494444 0.706771 0.494444 0.706250 0.493519 0.705208 0.493519 0.704688 0.492593 0.703646 0.492593 0.703125 0.491667 0.702083 0.491667 0.701562 0.490741 0.705729 0.498148 0.706771 0.498148 0.707292 0.499074 0.708333 0.499074 0.708854 0.500000 0.709896 0.500000 0.710417 0.500926 0.710938 0.500926 0.711458 0.501852 0.712500 0.501852 0.713021 0.502778 0.714063 0.502778 0.714583 0.503704 0.715625 0.503704 0.716146 0.504630 0.717187 0.504630 0.717708 0.505556 0.718229 0.505556 0.718750 0.506481 0.719792 0.506481 0.720313 0.507407 0.721354 0.507407 0.721875 0.508333 0.722917 0.508333 0.723437 0.509259 0.724479 0.509259 0.725000 0.510185 0.725521 0.510185 0.726042 0.511111 0.727083 0.511111 0.727604 0.512037 0.728646 0.512037 0.729167 0.512963 0.729688 0.512037 0.730729 0.512037 0.732812 0.508333 0.733333 0.508333 0.742708 0.491667 0.743229 0.491667 0.754167 0.472222 0.754687 0.472222 0.765625 0.452778 0.766146 0.452778 0.769792 0.446296 0.769792 0.445370 0.770833 0.443519 0.770833 0.439815 0.769271 0.437037 0.766146 0.437037 0.765625 0.436111 0.759375 0.436111 0.758854 0.435185 0.753125 0.435185 0.752604 0.434259 0.746354 0.434259 0.745833 0.433333 0.740104 0.433333 0.739583 0.432407 0.733854 0.432407 0.733333 0.431481 0.727083 0.431481 0.726562 0.430556
0 0.322656 0.410648 0.082812 0.073148 0.318229 0.374074 0.317708 0.375000 0.317188 0.375000 0.290104 0.423148 0.290104 0.424074 0.281771 0.438889 0.281771 0.439815 0.281250 0.440741 0.281250 0.443519 0.282813 0.446296 0.284375 0.446296 0.295833 0.425926 0.296354 0.425926 0.296875 0.425000 0.308333 0.425000 0.316146 0.411111 0.316146 0.410185 0.315104 0.408333 0.315104 0.404630 0.316667 0.401852 0.327604 0.401852 0.329167 0.404630 0.329688 0.404630 0.352604 0.445370 0.353125 0.445370 0.353646 0.446296 0.354167 0.446296 0.354687 0.447222 0.355208 0.447222 0.355729 0.446296 0.360417 0.446296 0.360938 0.445370 0.362500 0.445370 0.361979 0.444444 0.361979 0.443519 0.362500 0.442593 0.362500 0.441667 0.364063 0.438889 0.363542 0.438889 0.363021 0.439815 0.358333 0.439815 0.357812 0.438889 0.357292 0.438889 0.335938 0.400926 0.335938 0.400000 0.321354 0.374074
0 0.406510 0.412037 0.088021 0.074074 0.401042 0.375000 0.400521 0.375926 0.400000 0.375926 0.398958 0.377778 0.398438 0.377778 0.364583 0.437963 0.364583 0.438889 0.363021 0.441667 0.363021 0.442593 0.362500 0.443519 0.362500 0.444444 0.363021 0.445370 0.363021 0.446296 0.363542 0.447222 0.364063 0.447222 0.364583 0.446296 0.365104 0.446296 0.370312 0.437037 0.370833 0.437037 0.389583 0.403704 0.390104 0.403704 0.390625 0.402778 0.391146 0.402778 0.391667 0.401852 0.392188 0.401852 0.392708 0.402778 0.401562 0.402778 0.403125 0.400000 0.407292 0.400000 0.408333 0.401852 0.408854 0.401852 0.412500 0.408333 0.413021 0.408333 0.435417 0.448148 0.435937 0.448148 0.436458 0.449074 0.439583 0.449074 0.440104 0.448148 0.442708 0.448148 0.443229 0.447222 0.445833 0.447222 0.446354 0.446296 0.448958 0.446296 0.450521 0.443519 0.448958 0.443519 0.448437 0.444444 0.445833 0.444444 0.445312 0.443519 0.444792 0.443519 0.444271 0.442593 0.444271 0.441667 0.443750 0.440741 0.443750 0.439815 0.443229 0.438889 0.443750 0.437963 0.443750 0.437037 0.442188 0.437037 0.441667 0.437963 0.439583 0.437963 0.439063 0.437037 0.438542 0.437037 0.410938 0.387963 0.410938 0.387037 0.404687 0.375926 0.401562 0.375926
0 0.485156 0.406019 0.082812 0.075000 0.483333 0.368519 0.482812 0.369444 0.482292 0.369444 0.480729 0.372222 0.480208 0.372222 0.445312 0.434259 0.445312 0.435185 0.444271 0.437037 0.444271 0.437963 0.443750 0.438889 0.444271 0.439815 0.444271 0.440741 0.444792 0.441667 0.444792 0.442593 0.445312 0.442593 0.445833 0.443519 0.448437 0.443519 0.448958 0.442593 0.451042 0.442593 0.451562 0.441667 0.452083 0.441667 0.458333 0.430556 0.458854 0.430556 0.475000 0.401852 0.475521 0.401852 0.476562 0.400000 0.479167 0.400000 0.479687 0.400926 0.485938 0.400926 0.486458 0.401852 0.492188 0.401852 0.493750 0.399074 0.497396 0.405556 0.497917 0.405556 0.518750 0.442593 0.519271 0.442593 0.519792 0.443519 0.522396 0.443519 0.522917 0.442593 0.523438 0.442593 0.523958 0.441667 0.525000 0.441667 0.525521 0.440741 0.526042 0.440741 0.526563 0.439815 0.495833 0.385185 0.495833 0.384259 0.490104 0.374074 0.490104 0.373148 0.489583 0.372222 0.489583 0.371296 0.488021 0.371296 0.487500 0.370370 0.486458 0.370370 0.485938 0.369444 0.484896 0.369444 0.484375 0.368519
0 0.579427 0.406481 0.080729 0.075926 0.578646 0.368519 0.578125 0.369444 0.577604 0.369444 0.561979 0.397222 0.561458 0.397222 0.539583 0.436111 0.539583 0.437037 0.539062 0.437963 0.539062 0.441667 0.540104 0.443519 0.540625 0.443519 0.541146 0.444444 0.541667 0.444444 0.542188 0.443519 0.542708 0.443519 0.546354 0.437037 0.546875 0.437037 0.561979 0.410185 0.562500 0.410185 0.567708 0.400926 0.568229 0.400926 0.570833 0.396296 0.571354 0.396296 0.572396 0.394444 0.572917 0.394444 0.573438 0.393519 0.573958 0.393519 0.574479 0.392593 0.578125 0.392593 0.578646 0.393519 0.579167 0.393519 0.580208 0.395370 0.580729 0.395370 0.582292 0.398148 0.582812 0.398148 0.586979 0.405556 0.587500 0.405556 0.588021 0.406481 0.590625 0.406481 0.591146 0.407407 0.591667 0.407407 0.592708 0.409259 0.593229 0.409259 0.610938 0.440741 0.611979 0.440741 0.612500 0.441667 0.613542 0.441667 0.614062 0.442593 0.614583 0.442593 0.615104 0.443519 0.616146 0.443519 0.616667 0.444444 0.618229 0.444444 0.619792 0.441667 0.619792 0.439815 0.619271 0.438889 0.619271 0.437963 0.618229 0.436111 0.618229 0.435185 0.596354 0.396296 0.596354 0.395370 0.582292 0.370370 0.581771 0.370370 0.580729 0.368519
0 0.664323 0.417130 0.092188 0.075000 0.669271 0.379630 0.668750 0.380556 0.666667 0.380556 0.646875 0.415741 0.646354 0.415741 0.631250 0.442593 0.630729 0.442593 0.629167 0.445370 0.626563 0.445370 0.626042 0.444444 0.625000 0.444444 0.624479 0.443519 0.623437 0.443519 0.622917 0.442593 0.621875 0.442593 0.621354 0.441667 0.620313 0.441667 0.618229 0.445370 0.618750 0.445370 0.619271 0.446296 0.620313 0.446296 0.620833 0.447222 0.621354 0.447222 0.621875 0.448148 0.622917 0.448148 0.623437 0.449074 0.624479 0.449074 0.625000 0.450000 0.625521 0.450000 0.626042 0.450926 0.627083 0.450926 0.627604 0.451852 0.628125 0.451852 0.628646 0.452778 0.629687 0.452778 0.630208 0.453704 0.630729 0.453704 0.631250 0.454630 0.633333 0.454630 0.634375 0.452778 0.634896 0.452778 0.645833 0.433333 0.646354 0.433333 0.654167 0.419444 0.654687 0.419444 0.658854 0.412037 0.659375 0.412037 0.661979 0.407407 0.662500 0.407407 0.663021 0.406481 0.666667 0.406481 0.667188 0.407407 0.667708 0.407407 0.669271 0.410185 0.669271 0.411111 0.669792 0.412037 0.669792 0.412963 0.669271 0.413889 0.669271 0.414815 0.668229 0.416667 0.668750 0.416667 0.669271 0.417593 0.672917 0.417593 0.675000 0.421296 0.675521 0.421296 0.682813 0.434259 0.686458 0.434259 0.686979 0.435185 0.690104 0.435185 0.690625 0.436111 0.692708 0.436111 0.693229 0.437037 0.693750 0.437037 0.696354 0.441667 0.696875 0.441667 0.701562 0.450000 0.701562 0.450926 0.703125 0.453704 0.705208 0.453704 0.705729 0.454630 0.709375 0.454630 0.710417 0.452778 0.710417 0.449074 0.708854 0.446296 0.708854 0.445370 0.679688 0.393519 0.679688 0.392593 0.675000 0.384259 0.674479 0.384259 0.672396 0.380556 0.671875 0.380556 0.671354 0.379630