0 0.272656 0.561111 0.086979 0.075926 0.236458 0.523148 0.235937 0.524074 0.234896 0.524074 0.234375 0.525000 0.233333 0.525000 0.232813 0.525926 0.231771 0.525926 0.231250 0.526852 0.230729 0.526852 0.230208 0.527778 0.229687 0.527778 0.229167 0.528704 0.229167 0.533333 0.229687 0.534259 0.229687 0.535185 0.243750 0.560185 0.244271 0.560185 0.259896 0.587963 0.260417 0.587963 0.266146 0.598148 0.266667 0.598148 0.267188 0.599074 0.273438 0.599074 0.275000 0.596296 0.275521 0.596296 0.276562 0.594444 0.277083 0.594444 0.278125 0.592593 0.278646 0.592593 0.280208 0.589815 0.280729 0.589815 0.281771 0.587963 0.282292 0.587963 0.283854 0.585185 0.284375 0.585185 0.285417 0.583333 0.285938 0.583333 0.287500 0.580556 0.288021 0.580556 0.289062 0.578704 0.289583 0.578704 0.290625 0.576852 0.291146 0.576852 0.292708 0.574074 0.293229 0.574074 0.294271 0.572222 0.294792 0.572222 0.296354 0.569444 0.296875 0.569444 0.297917 0.567593 0.298438 0.567593 0.299479 0.565741 0.300000 0.565741 0.301563 0.562963 0.302083 0.562963 0.316146 0.537963 0.316146 0.536111 0.315625 0.535185 0.315625 0.534259 0.314583 0.532407 0.314583 0.531481 0.313542 0.529630 0.313542 0.528704 0.312500 0.526852 0.312500 0.525926 0.311979 0.525000 0.311979 0.524074 0.311458 0.523148 0.309896 0.523148 0.309375 0.524074 0.308854 0.524074 0.308333 0.525000 0.307812 0.525000 0.306771 0.526852 0.306250 0.526852 0.305208 0.528704 0.304688 0.528704 0.295312 0.545370 0.294271 0.545370 0.293750 0.546296 0.293229 0.546296 0.292708 0.547222 0.292187 0.547222 0.291667 0.548148 0.290625 0.548148 0.290104 0.549074 0.289583 0.549074 0.289062 0.550000 0.288542 0.550000 0.288021 0.550926 0.287500 0.550926 0.286979 0.551852 0.286458 0.551852 0.285938 0.552778 0.285417 0.552778 0.284896 0.553704 0.284375 0.553704 0.283854 0.554630 0.283333 0.554630 0.282813 0.555556 0.282292 0.555556 0.281771 0.556481 0.281250 0.556481 0.280729 0.557407 0.280208 0.557407 0.279687 0.558333 0.279167 0.558333 0.278646 0.559259 0.278125 0.559259 0.277604 0.560185 0.276562 0.560185 0.276042 0.561111 0.275521 0.561111 0.275000 0.562037 0.274479 0.562037 0.273958 0.562963 0.273438 0.562963 0.272917 0.563889 0.272396 0.563889 0.271875 0.564815 0.269271 0.564815 0.267708 0.562037 0.267708 0.558333 0.267188 0.558333 0.266667 0.559259 0.266146 0.559259 0.265625 0.560185 0.265104 0.560185 0.264583 0.561111 0.263542 0.561111 0.263021 0.562037 0.260937 0.562037 0.256771 0.554630 0.256250 0.554630 0.238542 0.523148
0 0.266927 0.521296 0.091146 0.081481 0.312500 0.480556 0.311979 0.481481 0.310937 0.481481 0.310417 0.482407 0.308854 0.482407 0.308333 0.483333 0.306771 0.483333 0.306250 0.484259 0.305208 0.484259 0.304688 0.485185 0.303125 0.485185 0.302604 0.486111 0.301042 0.486111 0.300521 0.487037 0.299479 0.487037 0.298958 0.487963 0.298438 0.487963 0.290104 0.502778 0.289583 0.502778 0.279167 0.521296 0.278646 0.521296 0.277604 0.523148 0.276562 0.523148 0.276042 0.524074 0.273438 0.524074 0.272917 0.523148 0.271354 0.523148 0.270833 0.524074 0.269792 0.524074 0.269271 0.525000 0.268750 0.525000 0.268229 0.525926 0.267188 0.525926 0.266667 0.526852 0.265625 0.526852 0.265104 0.527778 0.264062 0.527778 0.263542 0.528704 0.262500 0.528704 0.261979 0.529630 0.260937 0.529630 0.260417 0.530556 0.259375 0.530556 0.258854 0.531481 0.257812 0.531481 0.257292 0.532407 0.256250 0.532407 0.255729 0.533333 0.254688 0.533333 0.254167 0.532407 0.253646 0.532407 0.241146 0.510185 0.240625 0.510185 0.226562 0.485185 0.226042 0.486111 0.223438 0.486111 0.222917 0.487037 0.222396 0.487037 0.221875 0.487963 0.221875 0.488889 0.221354 0.489815 0.221354 0.490741 0.221875 0.491667 0.221875 0.492593 0.222917 0.494444 0.222917 0.495370 0.255729 0.553704 0.256250 0.553704 0.260417 0.561111 0.260937 0.561111 0.261458 0.562037 0.262500 0.562037 0.263021 0.561111 0.264062 0.561111 0.264583 0.560185 0.265104 0.560185 0.265625 0.559259 0.266146 0.559259 0.266667 0.558333 0.267188 0.558333 0.284375 0.527778 0.284896 0.527778 0.303646 0.494444 0.304167 0.494444 0.306771 0.489815 0.307292 0.489815 0.307812 0.488889 0.308333 0.488889 0.308854 0.487963 0.309896 0.487963 0.310417 0.487037 0.311979 0.487037 0.311458 0.486111 0.311458 0.482407
0 0.261458 0.492130 0.094792 0.080556 0.307812 0.451852 0.307292 0.452778 0.304167 0.452778 0.303646 0.453704 0.301042 0.453704 0.300521 0.454630 0.297396 0.454630 0.296875 0.455556 0.294271 0.455556 0.293750 0.456481 0.292708 0.456481 0.291667 0.458333 0.291146 0.458333 0.276562 0.484259 0.276042 0.484259 0.269792 0.495370 0.268229 0.495370 0.267708 0.496296 0.266146 0.496296 0.265625 0.497222 0.264062 0.497222 0.263542 0.498148 0.261979 0.498148 0.261458 0.499074 0.259896 0.499074 0.259375 0.500000 0.257812 0.500000 0.257292 0.500926 0.255729 0.500926 0.255208 0.501852 0.253646 0.501852 0.253125 0.502778 0.252604 0.502778 0.252083 0.501852 0.251563 0.501852 0.250521 0.500000 0.250000 0.500000 0.226562 0.458333 0.226042 0.458333 0.223958 0.454630 0.218750 0.454630 0.218229 0.455556 0.215625 0.455556 0.215104 0.456481 0.214583 0.456481 0.214583 0.457407 0.214062 0.458333 0.214062 0.461111 0.215625 0.463889 0.215625 0.464815 0.240625 0.509259 0.241146 0.509259 0.253646 0.531481 0.254167 0.531481 0.254688 0.532407 0.255729 0.532407 0.256250 0.531481 0.257292 0.531481 0.257812 0.530556 0.258854 0.530556 0.259375 0.529630 0.260417 0.529630 0.260937 0.528704 0.261979 0.528704 0.262500 0.527778 0.263542 0.527778 0.264062 0.526852 0.265104 0.526852 0.265625 0.525926 0.266667 0.525926 0.267188 0.525000 0.268229 0.525000 0.268750 0.524074 0.269271 0.524074 0.269792 0.523148 0.270833 0.523148 0.271354 0.522222 0.272396 0.522222 0.271875 0.521296 0.271875 0.520370 0.271354 0.519444 0.271354 0.518519 0.271875 0.517593 0.271875 0.516667 0.273438 0.513889 0.273438 0.512963 0.279167 0.502778 0.279687 0.502778 0.303125 0.461111 0.303646 0.461111 0.308854 0.451852
0 0.256771 0.463426 0.089583 0.076852 0.298958 0.425000 0.298438 0.425926 0.290104 0.425926 0.289583 0.426852 0.289062 0.426852 0.275521 0.450926 0.275000 0.450926 0.266667 0.465741 0.266146 0.465741 0.264583 0.468519 0.263021 0.468519 0.262500 0.469444 0.259896 0.469444 0.259375 0.470370 0.256771 0.470370 0.256250 0.471296 0.253646 0.471296 0.253125 0.472222 0.250521 0.472222 0.250000 0.473148 0.246875 0.473148 0.246354 0.474074 0.245312 0.474074 0.244271 0.472222 0.243750 0.472222 0.237500 0.461111 0.236979 0.461111 0.217708 0.426852 0.217188 0.426852 0.216667 0.425926 0.213542 0.425926 0.213021 0.426852 0.212500 0.426852 0.212500 0.427778 0.211979 0.428704 0.211979 0.431481 0.213542 0.434259 0.213542 0.435185 0.226042 0.457407 0.226562 0.457407 0.250000 0.499074 0.250521 0.499074 0.251563 0.500926 0.252083 0.500926 0.252604 0.501852 0.253125 0.501852 0.253646 0.500926 0.255208 0.500926 0.255729 0.500000 0.257292 0.500000 0.257812 0.499074 0.259375 0.499074 0.259896 0.498148 0.261458 0.498148 0.261979 0.497222 0.263542 0.497222 0.264062 0.496296 0.265625 0.496296 0.266146 0.495370 0.267708 0.495370 0.268229 0.494444 0.269792 0.494444 0.274479 0.486111 0.273958 0.487037 0.273438 0.486111 0.272917 0.486111 0.270833 0.482407 0.270833 0.479630 0.271875 0.477778 0.271875 0.476852 0.286979 0.450000 0.287500 0.450000 0.301563 0.425000
0 0.250521 0.434722 0.091667 0.076852 0.283333 0.396296 0.282813 0.397222 0.282292 0.397222 0.270313 0.418519 0.269792 0.418519 0.269271 0.417593 0.268750 0.417593 0.259896 0.401852 0.259375 0.401852 0.258333 0.400000 0.246875 0.400000 0.246354 0.399074 0.232292 0.399074 0.231771 0.398148 0.217708 0.398148 0.217188 0.397222 0.205729 0.397222 0.204687 0.399074 0.204687 0.402778 0.205208 0.403704 0.205208 0.404630 0.217188 0.425926 0.217708 0.425926 0.236979 0.460185 0.237500 0.460185 0.243750 0.471296 0.244271 0.471296 0.245312 0.473148 0.246354 0.473148 0.246875 0.472222 0.250000 0.472222 0.250521 0.471296 0.253125 0.471296 0.253646 0.470370 0.256250 0.470370 0.256771 0.469444 0.259375 0.469444 0.259896 0.468519 0.262500 0.468519 0.263021 0.467593 0.264583 0.467593 0.266146 0.464815 0.266667 0.464815 0.275000 0.450000 0.275521 0.450000 0.277083 0.447222 0.276562 0.448148 0.274479 0.448148 0.273958 0.447222 0.273438 0.447222 0.271875 0.444444 0.271875 0.440741 0.273438 0.437963 0.273438 0.437037 0.285938 0.414815 0.286458 0.414815 0.296354 0.397222 0.287500 0.397222 0.286979 0.396296
0 0.359115 0.401389 0.089063 0.075000 0.316146 0.363889 0.314583 0.366667 0.314583 0.368519 0.315104 0.369444 0.315104 0.370370 0.316146 0.372222 0.316146 0.373148 0.352083 0.437037 0.352604 0.437037 0.353646 0.438889 0.357812 0.438889 0.358333 0.437963 0.359896 0.437963 0.374479 0.412037 0.375000 0.412037 0.395313 0.375926 0.395833 0.375926 0.396875 0.374074 0.398958 0.374074 0.399479 0.375000 0.400521 0.375000 0.401042 0.375926 0.402083 0.375926 0.402604 0.376852 0.403125 0.376852 0.403646 0.377778 0.399479 0.370370 0.399479 0.369444 0.398958 0.369444 0.398438 0.368519 0.397396 0.368519 0.396875 0.367593 0.396354 0.367593 0.395833 0.366667 0.395313 0.366667 0.394792 0.365741 0.393750 0.365741 0.393229 0.364815 0.391146 0.364815 0.388542 0.369444 0.388021 0.369444 0.371354 0.399074 0.370833 0.399074 0.366146 0.407407 0.365104 0.405556 0.364583 0.405556 0.347917 0.375926 0.347396 0.375926 0.346354 0.374074 0.344792 0.374074 0.344271 0.373148 0.342187 0.373148 0.341667 0.372222 0.339583 0.372222 0.339062 0.371296 0.336979 0.371296 0.336458 0.370370 0.334375 0.370370 0.333854 0.369444 0.331771 0.369444 0.331250 0.368519 0.329167 0.368519 0.328646 0.367593 0.326562 0.367593 0.326042 0.366667 0.323958 0.366667 0.323437 0.365741 0.321354 0.365741 0.320833 0.364815 0.318750 0.364815 0.318229 0.363889
0 0.438802 0.399537 0.079687 0.075000 0.400000 0.362037 0.398958 0.363889 0.398958 0.367593 0.400000 0.369444 0.400000 0.370370 0.436979 0.436111 0.437500 0.436111 0.438021 0.437037 0.439063 0.437037 0.439583 0.436111 0.440104 0.436111 0.441667 0.433333 0.442188 0.433333 0.444792 0.428704 0.445312 0.428704 0.475000 0.375926 0.475000 0.375000 0.478125 0.369444 0.478125 0.367593 0.478646 0.366667 0.478125 0.365741 0.478125 0.364815 0.476562 0.362037 0.475521 0.362037 0.475000 0.362963 0.474479 0.362963 0.460417 0.387963 0.459896 0.387963 0.452083 0.401852 0.451562 0.401852 0.447917 0.408333 0.447396 0.408333 0.445312 0.412037 0.444792 0.412037 0.443750 0.413889 0.443229 0.413889 0.442188 0.415741 0.440104 0.415741 0.439583 0.414815 0.439063 0.414815 0.438542 0.413889 0.438021 0.413889 0.435937 0.410185 0.435417 0.410185 0.431250 0.402778 0.430729 0.402778 0.414062 0.373148 0.413542 0.373148 0.413021 0.372222 0.412500 0.372222 0.411979 0.371296 0.411458 0.371296 0.410938 0.370370 0.410417 0.370370 0.409896 0.369444 0.409375 0.369444 0.408854 0.368519 0.408333 0.368519 0.407292 0.366667 0.406771 0.366667 0.406250 0.365741 0.405729 0.365741 0.405208 0.364815 0.404687 0.364815 0.404167 0.363889 0.403646 0.363889 0.403125 0.362963 0.402604 0.362963 0.402083 0.362037
0 0.530469 0.405093 0.084896 0.076852 0.493750 0.366667 0.493229 0.367593 0.492708 0.367593 0.491667 0.369444 0.491146 0.369444 0.490625 0.370370 0.490104 0.370370 0.489063 0.372222 0.488542 0.372222 0.488021 0.373148 0.504687 0.402778 0.504687 0.403704 0.522396 0.435185 0.522396 0.436111 0.523438 0.437963 0.523438 0.439815 0.524479 0.439815 0.525000 0.440741 0.526563 0.440741 0.527083 0.441667 0.528646 0.441667 0.529167 0.442593 0.530729 0.442593 0.531250 0.443519 0.532813 0.443519 0.533854 0.441667 0.534375 0.441667 0.555208 0.404630 0.555729 0.404630 0.571354 0.376852 0.571354 0.375926 0.572396 0.374074 0.572396 0.373148 0.572917 0.372222 0.572396 0.371296 0.572396 0.369444 0.571354 0.367593 0.567708 0.367593 0.567187 0.368519 0.565104 0.368519 0.564583 0.369444 0.563021 0.369444 0.562500 0.370370 0.560417 0.370370 0.559896 0.371296 0.557813 0.371296 0.557292 0.372222 0.555208 0.372222 0.554688 0.373148 0.552604 0.373148 0.552083 0.374074 0.550521 0.374074 0.550000 0.375000 0.547917 0.375000 0.547396 0.375926 0.545833 0.375926 0.543229 0.380556 0.542708 0.380556 0.528125 0.406481 0.527604 0.406481 0.523958 0.412963 0.523438 0.412963 0.522917 0.413889 0.522396 0.412963 0.521875 0.412963 0.513542 0.398148 0.513021 0.398148 0.505208 0.384259 0.505208 0.383333 0.498437 0.371296 0.497917 0.371296 0.495833 0.367593 0.495312 0.367593 0.494792 0.366667
0 0.624219 0.406944 0.082812 0.075000 0.588021 0.369444 0.587500 0.370370 0.584896 0.370370 0.584375 0.371296 0.582812 0.371296 0.598437 0.399074 0.598437 0.400000 0.616146 0.431481 0.616146 0.432407 0.618750 0.437037 0.618750 0.437963 0.619271 0.438889 0.619271 0.441667 0.618750 0.442593 0.620313 0.442593 0.620833 0.443519 0.624479 0.443519 0.625000 0.444444 0.626563 0.444444 0.627083 0.443519 0.627604 0.443519 0.641667 0.418519 0.642188 0.418519 0.664583 0.378704 0.664583 0.377778 0.665625 0.375926 0.665625 0.372222 0.664583 0.370370 0.664062 0.370370 0.663542 0.369444 0.661979 0.369444 0.661458 0.370370 0.656771 0.370370 0.656250 0.371296 0.652083 0.371296 0.651563 0.372222 0.646875 0.372222 0.646354 0.373148 0.641667 0.373148 0.641146 0.374074 0.636458 0.374074 0.635938 0.375000 0.631771 0.375000 0.631250 0.375926 0.626563 0.375926 0.626042 0.376852 0.621354 0.376852 0.620833 0.377778 0.620313 0.377778 0.611458 0.393519 0.610938 0.393519 0.607812 0.399074 0.607292 0.399074 0.596875 0.380556 0.596875 0.379630 0.593229 0.373148 0.592708 0.373148 0.591146 0.370370 0.590625 0.370370 0.590104 0.369444
0 0.351302 0.556019 0.081771 0.084259 0.313021 0.513889 0.312500 0.514815 0.311979 0.514815 0.311458 0.515741 0.310937 0.515741 0.310937 0.516667 0.310417 0.517593 0.310417 0.518519 0.310937 0.519444 0.310937 0.521296 0.311458 0.522222 0.311458 0.523148 0.312500 0.525000 0.312500 0.525926 0.313021 0.526852 0.313021 0.527778 0.314063 0.529630 0.314063 0.530556 0.315104 0.532407 0.315104 0.533333 0.316146 0.535185 0.316146 0.536111 0.317188 0.537963 0.317188 0.538889 0.318229 0.540741 0.318229 0.541667 0.319271 0.543519 0.319271 0.544444 0.320312 0.546296 0.320312 0.547222 0.320833 0.548148 0.320833 0.549074 0.321875 0.550926 0.321875 0.551852 0.322917 0.553704 0.322917 0.554630 0.323958 0.556481 0.323958 0.557407 0.325000 0.559259 0.325000 0.560185 0.326042 0.562037 0.326042 0.562963 0.327083 0.564815 0.327083 0.565741 0.328125 0.567593 0.328125 0.568519 0.329167 0.570370 0.329167 0.571296 0.330208 0.573148 0.330208 0.574074 0.330729 0.575000 0.330729 0.575926 0.331771 0.577778 0.331771 0.578704 0.332813 0.580556 0.332813 0.581481 0.333854 0.583333 0.333854 0.584259 0.334896 0.586111 0.334896 0.587037 0.335938 0.588889 0.335938 0.589815 0.336979 0.591667 0.336979 0.592593 0.338021 0.594444 0.338021 0.595370 0.339583 0.598148 0.345313 0.598148 0.345833 0.597222 0.346354 0.597222 0.346875 0.596296 0.347396 0.596296 0.348438 0.594444 0.348958 0.594444 0.350000 0.592593 0.350521 0.592593 0.351562 0.590741 0.352083 0.590741 0.352604 0.589815 0.353125 0.589815 0.354167 0.587963 0.354687 0.587963 0.355729 0.586111 0.356250 0.586111 0.357292 0.584259 0.357812 0.584259 0.358333 0.583333 0.358854 0.583333 0.359896 0.581481 0.360417 0.581481 0.361458 0.579630 0.361979 0.579630 0.363021 0.577778 0.363542 0.577778 0.364583 0.575926 0.365104 0.575926 0.365625 0.575000 0.366146 0.575000 0.367188 0.573148 0.367708 0.573148 0.368750 0.571296 0.369271 0.571296 0.370312 0.569444 0.370833 0.569444 0.371875 0.567593 0.372396 0.567593 0.372917 0.566667 0.373437 0.566667 0.374479 0.564815 0.375000 0.564815 0.376042 0.562963 0.376563 0.562963 0.377604 0.561111 0.378125 0.561111 0.378646 0.560185 0.379167 0.560185 0.380208 0.558333 0.380729 0.558333 0.381771 0.556481 0.382292 0.556481 0.383333 0.554630 0.383854 0.554630 0.384896 0.552778 0.385417 0.552778 0.386458 0.550926 0.386979 0.550926 0.390104 0.545370 0.390625 0.545370 0.392188 0.542593 0.392188 0.541667 0.389583 0.537037 0.389583 0.533333 0.391667 0.529630 0.390625 0.531481 0.390104 0.531481 0.389062 0.533333 0.388542 0.533333 0.388021 0.534259 0.387500 0.534259 0.386458 0.536111 0.385937 0.536111 0.384896 0.537963 0.384375 0.537963 0.383854 0.538889 0.383333 0.538889 0.382812 0.539815 0.382292 0.539815 0.381250 0.541667 0.380729 0.541667 0.380208 0.542593 0.379688 0.542593 0.378646 0.544444 0.378125 0.544444 0.377604 0.545370 0.377083 0.545370 0.376563 0.546296 0.376042 0.546296 0.375521 0.547222 0.375000 0.547222 0.374479 0.548148 0.373437 0.548148 0.372917 0.549074 0.372396 0.549074 0.371875 0.550000 0.370312 0.550000 0.367708 0.554630 0.367188 0.554630 0.364583 0.559259 0.364063 0.559259 0.361458 0.563889 0.360938 0.563889 0.359896 0.565741 0.359375 0.565741 0.358854 0.566667 0.358333 0.566667 0.357812 0.565741 0.357292 0.565741 0.356250 0.563889 0.356250 0.562963 0.355729 0.562037 0.355729 0.559259 0.363542 0.545370 0.364063 0.545370 0.364583 0.544444 0.364063 0.543519 0.364063 0.542593 0.363021 0.544444 0.362500 0.544444 0.359896 0.549074 0.359375 0.549074 0.357292 0.552778 0.356771 0.552778 0.354167 0.557407 0.353646 0.557407 0.351042 0.562037 0.350521 0.562037 0.348438 0.565741 0.347917 0.565741 0.347396 0.566667 0.345833 0.566667 0.345313 0.565741 0.344792 0.565741 0.341146 0.559259 0.340625 0.559259 0.320833 0.524074 0.320312 0.524074 0.317188 0.518519 0.316667 0.518519 0.314583 0.514815 0.314063 0.514815 0.313542 0.513889
0 0.430729 0.558796 0.081250 0.086111 0.399479 0.515741 0.393229 0.526852 0.393229 0.527778 0.390104 0.533333 0.390104 0.537037 0.419271 0.588889 0.419792 0.588889 0.427083 0.601852 0.434896 0.601852 0.455208 0.565741 0.455208 0.564815 0.470833 0.537037 0.470833 0.536111 0.471354 0.535185 0.471354 0.533333 0.470833 0.532407 0.470833 0.530556 0.470313 0.529630 0.470313 0.527778 0.469792 0.526852 0.469792 0.525000 0.469271 0.524074 0.469271 0.522222 0.468750 0.521296 0.468750 0.520370 0.464062 0.528704 0.463542 0.528704 0.451042 0.550926 0.450521 0.550926 0.446354 0.558333 0.444271 0.558333 0.442188 0.554630 0.442188 0.550926 0.442708 0.550000 0.442708 0.547222 0.442188 0.547222 0.439063 0.552778 0.438542 0.552778 0.438021 0.553704 0.437500 0.553704 0.437500 0.555556 0.436979 0.556481 0.436979 0.559259 0.436458 0.560185 0.436458 0.562037 0.435937 0.562963 0.435937 0.565741 0.435417 0.566667 0.435417 0.568519 0.433854 0.571296 0.431771 0.571296 0.431250 0.570370 0.430729 0.570370 0.424479 0.559259 0.424479 0.558333 0.417708 0.546296 0.417708 0.545370 0.404167 0.521296 0.403646 0.521296 0.402083 0.518519 0.401562 0.518519 0.400521 0.516667 0.400000 0.516667
0 0.526563 0.550926 0.085417 0.092593 0.483854 0.504630 0.483854 0.505556 0.484375 0.506481 0.484375 0.507407 0.484896 0.508333 0.484896 0.509259 0.485417 0.510185 0.485417 0.511111 0.485938 0.512037 0.485938 0.512963 0.486458 0.513889 0.486458 0.514815 0.486979 0.515741 0.486979 0.516667 0.487500 0.517593 0.487500 0.518519 0.488021 0.519444 0.488021 0.520370 0.488542 0.521296 0.488542 0.522222 0.489063 0.523148 0.489063 0.524074 0.489583 0.525000 0.489583 0.525926 0.490104 0.526852 0.490104 0.527778 0.491146 0.529630 0.491146 0.530556 0.499479 0.545370 0.499479 0.546296 0.527604 0.596296 0.528125 0.596296 0.528646 0.597222 0.529687 0.597222 0.530208 0.596296 0.530729 0.596296 0.532813 0.592593 0.533333 0.592593 0.555208 0.553704 0.555729 0.553704 0.568229 0.531481 0.568229 0.530556 0.569271 0.528704 0.569271 0.526852 0.568750 0.525926 0.568750 0.525000 0.567708 0.523148 0.567187 0.523148 0.566667 0.522222 0.566146 0.522222 0.565104 0.520370 0.563021 0.524074 0.562500 0.524074 0.551042 0.544444 0.550521 0.544444 0.541667 0.560185 0.540104 0.560185 0.539583 0.559259 0.539062 0.559259 0.536458 0.554630 0.536458 0.553704 0.535937 0.552778 0.535417 0.552778 0.532292 0.558333 0.531771 0.558333 0.531250 0.559259 0.530729 0.559259 0.530208 0.560185 0.529687 0.559259 0.529167 0.559259 0.528125 0.557407 0.527604 0.557407 0.518229 0.540741 0.517188 0.540741 0.517188 0.542593 0.519271 0.546296 0.519271 0.547222 0.521354 0.550926 0.521354 0.551852 0.521875 0.552778 0.521875 0.556481 0.520312 0.559259 0.518750 0.559259 0.518229 0.558333 0.517708 0.558333 0.516667 0.556481 0.516146 0.556481 0.506250 0.538889 0.506250 0.537963 0.500000 0.526852 0.499479 0.526852 0.492188 0.513889 0.491667 0.513889 0.489063 0.509259 0.488542 0.509259 0.487500 0.507407 0.486979 0.507407 0.485938 0.505556 0.484896 0.505556 0.484375 0.504630
0 0.615365 0.552778 0.096354 0.087037 0.572396 0.509259 0.570833 0.512037 0.570312 0.512037 0.568229 0.515741 0.567708 0.515741 0.567187 0.516667 0.567187 0.517593 0.585938 0.550926 0.585938 0.551852 0.586458 0.551852 0.589583 0.557407 0.590104 0.557407 0.591146 0.559259 0.591667 0.559259 0.592708 0.561111 0.593229 0.561111 0.593750 0.562037 0.594271 0.562037 0.595313 0.563889 0.595833 0.563889 0.596875 0.565741 0.597396 0.565741 0.598437 0.567593 0.598958 0.567593 0.600000 0.569444 0.600521 0.569444 0.601562 0.571296 0.602083 0.571296 0.603125 0.573148 0.603646 0.573148 0.604688 0.575000 0.605208 0.575000 0.606250 0.576852 0.606771 0.576852 0.607812 0.578704 0.608333 0.578704 0.609375 0.580556 0.609896 0.580556 0.610417 0.581481 0.610938 0.581481 0.611979 0.583333 0.612500 0.583333 0.613542 0.585185 0.614062 0.585185 0.615104 0.587037 0.615625 0.587037 0.616667 0.588889 0.617188 0.588889 0.618229 0.590741 0.618750 0.590741 0.619792 0.592593 0.620313 0.592593 0.621354 0.594444 0.621875 0.594444 0.622917 0.596296 0.625000 0.596296 0.626042 0.594444 0.626563 0.594444 0.652083 0.549074 0.652604 0.549074 0.661979 0.532407 0.661979 0.531481 0.663021 0.529630 0.663021 0.528704 0.663542 0.527778 0.663542 0.525926 0.661979 0.523148 0.661458 0.523148 0.660937 0.522222 0.659896 0.522222 0.659375 0.521296 0.657813 0.524074 0.657292 0.524074 0.653646 0.530556 0.653125 0.530556 0.645833 0.543519 0.645312 0.543519 0.631250 0.568519 0.630729 0.568519 0.630208 0.569444 0.628646 0.569444 0.628125 0.568519 0.627604 0.568519 0.627083 0.567593 0.626563 0.567593 0.625521 0.565741 0.625000 0.565741 0.624479 0.564815 0.623958 0.564815 0.623437 0.563889 0.622917 0.563889 0.622396 0.562963 0.621875 0.562963 0.621354 0.562037 0.620833 0.562037 0.620313 0.561111 0.619792 0.561111 0.618750 0.559259 0.618229 0.559259 0.617708 0.558333 0.616667 0.558333 0.616146 0.559259 0.615625 0.559259 0.615104 0.560185 0.614062 0.560185 0.613542 0.559259 0.613021 0.559259 0.612500 0.558333 0.611979 0.558333 0.610938 0.556481 0.610417 0.556481 0.609896 0.555556 0.609375 0.555556 0.608854 0.554630 0.608333 0.554630 0.607812 0.553704 0.607292 0.553704 0.606250 0.551852 0.605729 0.551852 0.591146 0.525926 0.590625 0.525926 0.589583 0.524074 0.589063 0.524074 0.588021 0.522222 0.587500 0.522222 0.586979 0.521296 0.586458 0.521296 0.585938 0.520370 0.585417 0.520370 0.584896 0.519444 0.584375 0.519444 0.583854 0.518519 0.583333 0.518519 0.582812 0.517593 0.582292 0.517593 0.581771 0.516667 0.581250 0.516667 0.580729 0.515741 0.580208 0.515741 0.579688 0.514815 0.579167 0.514815 0.578646 0.513889 0.578125 0.513889 0.577604 0.512963 0.577083 0.512963 0.576562 0.512037 0.576042 0.512037 0.575521 0.511111 0.575000 0.511111 0.574479 0.510185 0.573958 0.510185 0.573438 0.509259
0 0.697917 0.556019 0.092708 0.076852 0.662500 0.517593 0.661979 0.518519 0.661458 0.518519 0.660417 0.520370 0.659896 0.520370 0.659896 0.521296 0.660937 0.521296 0.661458 0.522222 0.661979 0.522222 0.664062 0.525926 0.664062 0.527778 0.663542 0.528704 0.663542 0.529630 0.662500 0.531481 0.662500 0.532407 0.652604 0.550000 0.652083 0.550000 0.651563 0.550926 0.654167 0.555556 0.654687 0.555556 0.655208 0.556481 0.655729 0.556481 0.656250 0.557407 0.657292 0.557407 0.657813 0.558333 0.658333 0.558333 0.658854 0.559259 0.659375 0.559259 0.659896 0.560185 0.660417 0.560185 0.660937 0.561111 0.661979 0.561111 0.662500 0.562037 0.663021 0.562037 0.663542 0.562963 0.664062 0.562963 0.664583 0.563889 0.665625 0.563889 0.666146 0.564815 0.666667 0.564815 0.667188 0.565741 0.667708 0.565741 0.668229 0.566667 0.669271 0.566667 0.669792 0.567593 0.670312 0.567593 0.670833 0.568519 0.671354 0.568519 0.671875 0.569444 0.672917 0.569444 0.673438 0.570370 0.673958 0.570370 0.674479 0.571296 0.675000 0.571296 0.675521 0.572222 0.676562 0.572222 0.677083 0.573148 0.677604 0.573148 0.678125 0.574074 0.678646 0.574074 0.679167 0.575000 0.679688 0.575000 0.680208 0.575926 0.681250 0.575926 0.681771 0.576852 0.682292 0.576852 0.682813 0.577778 0.683333 0.577778 0.683854 0.578704 0.684896 0.578704 0.685417 0.579630 0.685937 0.579630 0.686458 0.580556 0.686979 0.580556 0.687500 0.581481 0.688542 0.581481 0.689063 0.582407 0.689583 0.582407 0.690104 0.583333 0.690625 0.583333 0.691146 0.584259 0.692187 0.584259 0.692708 0.585185 0.693229 0.585185 0.693750 0.586111 0.694271 0.586111 0.694792 0.587037 0.695312 0.587037 0.695833 0.587963 0.696875 0.587963 0.697396 0.588889 0.697917 0.588889 0.698438 0.589815 0.698958 0.589815 0.699479 0.590741 0.700521 0.590741 0.701042 0.591667 0.701562 0.591667 0.702083 0.592593 0.702604 0.592593 0.703125 0.593519 0.704167 0.593519 0.704688 0.594444 0.706250 0.594444 0.708333 0.590741 0.708854 0.590741 0.744271 0.527778 0.744271 0.524074 0.742708 0.521296 0.741667 0.521296 0.716146 0.566667 0.715625 0.566667 0.714583 0.568519 0.711979 0.568519 0.711458 0.567593 0.710417 0.567593 0.709896 0.566667 0.709375 0.566667 0.708854 0.565741 0.707812 0.565741 0.707292 0.564815 0.706250 0.564815 0.705729 0.563889 0.705208 0.563889 0.705208 0.564815 0.704688 0.565741 0.704688 0.566667 0.703646 0.568519 0.703125 0.568519 0.702604 0.569444 0.702083 0.569444 0.701562 0.568519 0.700521 0.568519 0.700000 0.567593 0.698958 0.567593 0.698438 0.566667 0.697917 0.566667 0.697396 0.565741 0.696354 0.565741 0.694792 0.562963 0.694271 0.562963 0.671354 0.522222 0.670312 0.522222 0.669792 0.521296 0.668750 0.521296 0.668229 0.520370 0.667188 0.520370 0.666667 0.519444 0.665625 0.519444 0.665104 0.518519 0.663542 0.518519 0.663021 0.517593
0 0.315365 0.526852 0.095312 0.077778 0.310417 0.487963 0.309896 0.488889 0.308854 0.488889 0.308333 0.489815 0.307812 0.489815 0.307292 0.490741 0.306771 0.490741 0.304167 0.495370 0.303646 0.495370 0.284896 0.528704 0.284375 0.528704 0.268229 0.557407 0.268229 0.558333 0.267708 0.559259 0.267708 0.562037 0.269271 0.564815 0.271354 0.564815 0.271875 0.563889 0.272396 0.563889 0.272917 0.562963 0.273438 0.562963 0.273958 0.562037 0.274479 0.562037 0.275000 0.561111 0.275521 0.561111 0.276042 0.560185 0.277083 0.560185 0.277604 0.559259 0.278125 0.559259 0.278646 0.558333 0.279167 0.558333 0.279687 0.557407 0.280208 0.557407 0.280729 0.556481 0.281250 0.556481 0.281771 0.555556 0.282292 0.555556 0.282813 0.554630 0.283333 0.554630 0.283854 0.553704 0.284375 0.553704 0.284896 0.552778 0.285417 0.552778 0.285938 0.551852 0.286458 0.551852 0.286979 0.550926 0.287500 0.550926 0.288021 0.550000 0.288542 0.550000 0.289062 0.549074 0.289583 0.549074 0.290104 0.548148 0.291146 0.548148 0.291667 0.547222 0.292187 0.547222 0.292708 0.546296 0.293229 0.546296 0.293750 0.545370 0.294271 0.545370 0.294792 0.544444 0.295312 0.544444 0.295833 0.543519 0.296354 0.543519 0.305208 0.527778 0.305729 0.527778 0.306771 0.525926 0.307292 0.525926 0.308333 0.524074 0.308854 0.524074 0.309375 0.523148 0.309896 0.523148 0.310417 0.522222 0.310937 0.522222 0.310417 0.521296 0.310417 0.519444 0.309896 0.518519 0.309896 0.517593 0.310417 0.516667 0.310417 0.515741 0.310937 0.514815 0.311458 0.514815 0.311979 0.513889 0.312500 0.513889 0.313021 0.512963 0.313542 0.512963 0.314063 0.513889 0.314583 0.513889 0.316667 0.517593 0.317188 0.517593 0.320312 0.523148 0.320833 0.523148 0.340625 0.558333 0.341146 0.558333 0.344792 0.564815 0.345313 0.564815 0.345833 0.565741 0.347396 0.565741 0.347917 0.564815 0.348438 0.564815 0.350521 0.561111 0.351042 0.561111 0.353646 0.556481 0.354167 0.556481 0.356250 0.552778 0.354687 0.555556 0.354167 0.555556 0.353125 0.557407 0.351562 0.557407 0.351042 0.556481 0.350521 0.556481 0.313021 0.489815 0.313021 0.488889 0.312500 0.487963
0 0.396615 0.530093 0.080729 0.080556 0.400000 0.489815 0.398958 0.491667 0.398438 0.491667 0.397396 0.493519 0.396875 0.493519 0.395313 0.496296 0.394792 0.496296 0.392188 0.500926 0.391667 0.500926 0.386458 0.510185 0.385937 0.510185 0.381250 0.518519 0.380729 0.518519 0.375521 0.527778 0.375000 0.527778 0.369792 0.537037 0.369271 0.537037 0.364063 0.546296 0.363542 0.546296 0.356250 0.559259 0.356250 0.562037 0.356771 0.562963 0.356771 0.563889 0.357292 0.564815 0.357812 0.564815 0.358333 0.565741 0.358854 0.565741 0.359375 0.564815 0.359896 0.564815 0.360938 0.562963 0.361458 0.562963 0.364063 0.558333 0.364583 0.558333 0.367188 0.553704 0.367708 0.553704 0.370833 0.548148 0.371354 0.548148 0.373958 0.543519 0.374479 0.543519 0.377083 0.538889 0.377604 0.538889 0.380208 0.534259 0.380729 0.534259 0.385417 0.525926 0.385937 0.525926 0.390104 0.518519 0.390625 0.518519 0.391667 0.516667 0.392188 0.516667 0.392708 0.515741 0.393229 0.515741 0.393750 0.514815 0.394792 0.514815 0.395313 0.513889 0.398438 0.513889 0.398958 0.514815 0.399479 0.514815 0.400000 0.515741 0.400521 0.515741 0.401562 0.517593 0.402083 0.517593 0.403646 0.520370 0.404167 0.520370 0.418229 0.545370 0.418229 0.546296 0.425000 0.558333 0.425000 0.559259 0.430729 0.569444 0.431250 0.569444 0.431771 0.570370 0.433854 0.570370 0.434896 0.568519 0.434896 0.566667 0.435417 0.565741 0.435417 0.562963 0.435937 0.562037 0.435937 0.560185 0.436458 0.559259 0.436458 0.556481 0.436979 0.555556 0.436979 0.553704 0.436458 0.553704 0.435937 0.552778 0.435417 0.552778 0.401042 0.491667 0.401042 0.490741 0.400521 0.489815
0 0.482031 0.514352 0.078646 0.087963 0.478646 0.470370 0.478125 0.471296 0.477604 0.471296 0.476562 0.473148 0.476042 0.473148 0.475521 0.474074 0.476042 0.475000 0.476042 0.475926 0.476562 0.476852 0.476562 0.477778 0.477083 0.478704 0.477083 0.479630 0.477604 0.480556 0.477604 0.485185 0.476042 0.487963 0.476042 0.488889 0.469271 0.500926 0.468750 0.500926 0.443229 0.546296 0.443229 0.550000 0.442708 0.550926 0.442708 0.554630 0.444271 0.557407 0.446354 0.557407 0.450521 0.550000 0.451042 0.550000 0.463542 0.527778 0.464062 0.527778 0.469792 0.517593 0.470313 0.517593 0.472917 0.512963 0.473438 0.512963 0.475521 0.509259 0.476042 0.509259 0.477604 0.506481 0.478125 0.506481 0.478646 0.505556 0.479167 0.505556 0.479687 0.504630 0.480208 0.504630 0.480729 0.503704 0.484375 0.503704 0.484896 0.504630 0.485938 0.504630 0.486979 0.506481 0.487500 0.506481 0.488542 0.508333 0.489063 0.508333 0.491667 0.512963 0.492188 0.512963 0.499479 0.525926 0.500000 0.525926 0.506771 0.537963 0.506771 0.538889 0.516146 0.555556 0.516667 0.555556 0.517708 0.557407 0.518229 0.557407 0.518750 0.558333 0.520312 0.558333 0.521354 0.556481 0.521354 0.552778 0.520833 0.551852 0.520833 0.550926 0.518750 0.547222 0.518750 0.546296 0.516667 0.542593 0.516667 0.541667 0.514062 0.537037 0.514062 0.536111 0.511458 0.531481 0.511458 0.530556 0.508854 0.525926 0.508854 0.525000 0.505729 0.519444 0.505729 0.518519 0.486979 0.485185 0.486979 0.484259 0.479687 0.471296 0.479167 0.471296
0 0.576302 0.518056 0.080729 0.082407 0.566146 0.476852 0.564063 0.480556 0.565104 0.480556 0.565625 0.481481 0.566667 0.481481 0.567187 0.482407 0.568229 0.482407 0.569271 0.484259 0.569792 0.484259 0.570312 0.485185 0.570312 0.486111 0.570833 0.487037 0.570833 0.489815 0.570312 0.490741 0.570312 0.491667 0.541667 0.542593 0.541146 0.542593 0.535937 0.551852 0.536979 0.553704 0.536979 0.554630 0.539062 0.558333 0.539583 0.558333 0.540104 0.559259 0.541667 0.559259 0.550521 0.543519 0.551042 0.543519 0.562500 0.523148 0.563021 0.523148 0.567708 0.514815 0.568229 0.514815 0.570312 0.511111 0.570833 0.511111 0.572396 0.508333 0.573438 0.508333 0.573958 0.509259 0.574479 0.509259 0.575000 0.510185 0.575521 0.510185 0.576042 0.511111 0.576562 0.511111 0.577083 0.512037 0.577604 0.512037 0.578125 0.512963 0.578646 0.512963 0.579167 0.513889 0.579688 0.513889 0.580208 0.514815 0.580729 0.514815 0.581250 0.515741 0.581771 0.515741 0.582292 0.516667 0.582812 0.516667 0.583333 0.517593 0.583854 0.517593 0.584375 0.518519 0.584896 0.518519 0.585417 0.519444 0.585938 0.519444 0.586458 0.520370 0.586979 0.520370 0.587500 0.521296 0.588021 0.521296 0.589063 0.523148 0.589583 0.523148 0.590625 0.525000 0.591146 0.525000 0.605729 0.550926 0.606250 0.550926 0.607292 0.552778 0.607812 0.552778 0.608333 0.553704 0.608854 0.553704 0.609375 0.554630 0.609896 0.554630 0.610417 0.555556 0.610938 0.555556 0.611979 0.557407 0.612500 0.557407 0.613021 0.558333 0.613542 0.558333 0.614062 0.559259 0.615104 0.559259 0.615625 0.558333 0.616146 0.558333 0.616667 0.557407 0.616667 0.552778 0.615104 0.550000 0.615104 0.549074 0.595833 0.514815 0.595833 0.513889 0.580208 0.486111 0.579688 0.486111 0.579167 0.485185 0.578646 0.485185 0.578125 0.484259 0.577604 0.484259 0.577083 0.483333 0.576042 0.483333 0.575521 0.482407 0.574479 0.482407 0.573958 0.481481 0.573438 0.481481 0.572917 0.480556 0.571875 0.480556 0.571354 0.479630 0.570312 0.479630 0.569792 0.478704 0.568750 0.478704 0.568229 0.477778 0.567708 0.477778 0.567187 0.476852
0 0.660677 0.531944 0.088021 0.073148 0.667188 0.495370 0.633333 0.555556 0.632812 0.555556 0.629687 0.561111 0.629167 0.561111 0.628646 0.562037 0.627083 0.562037 0.626563 0.561111 0.626042 0.561111 0.625521 0.560185 0.625000 0.560185 0.624479 0.559259 0.623958 0.559259 0.623437 0.558333 0.622917 0.558333 0.622396 0.557407 0.621875 0.557407 0.621354 0.556481 0.620833 0.556481 0.620313 0.555556 0.619792 0.555556 0.619271 0.554630 0.618750 0.554630 0.618229 0.553704 0.617708 0.553704 0.616667 0.551852 0.617188 0.552778 0.617188 0.557407 0.617708 0.557407 0.618229 0.558333 0.618750 0.558333 0.619792 0.560185 0.620313 0.560185 0.620833 0.561111 0.621354 0.561111 0.621875 0.562037 0.622396 0.562037 0.622917 0.562963 0.623437 0.562963 0.623958 0.563889 0.624479 0.563889 0.625000 0.564815 0.625521 0.564815 0.626563 0.566667 0.627083 0.566667 0.627604 0.567593 0.628125 0.567593 0.628646 0.568519 0.630208 0.568519 0.630729 0.567593 0.631250 0.567593 0.645312 0.542593 0.645833 0.542593 0.653125 0.529630 0.653646 0.529630 0.657292 0.523148 0.657813 0.523148 0.659896 0.519444 0.660417 0.519444 0.661458 0.517593 0.661979 0.517593 0.662500 0.516667 0.663021 0.516667 0.663542 0.517593 0.665104 0.517593 0.665625 0.518519 0.666667 0.518519 0.667188 0.519444 0.668229 0.519444 0.668750 0.520370 0.669792 0.520370 0.670312 0.521296 0.671354 0.521296 0.694271 0.562037 0.694792 0.562037 0.696354 0.564815 0.697396 0.564815 0.697917 0.565741 0.698438 0.565741 0.698958 0.566667 0.700000 0.566667 0.700521 0.567593 0.701562 0.567593 0.702083 0.568519 0.702604 0.568519 0.703125 0.567593 0.703646 0.567593 0.704167 0.566667 0.704167 0.565741 0.704688 0.564815 0.704688 0.563889 0.704167 0.562963 0.704167 0.562037 0.703125 0.560185 0.703125 0.559259 0.693229 0.541667 0.693229 0.540741 0.676562 0.511111 0.676562 0.510185 0.669271 0.497222 0.668750 0.497222 0.667708 0.495370
0 0.356250 0.514815 0.088542 0.083333 0.397917 0.473148 0.397396 0.474074 0.396875 0.474074 0.396354 0.475000 0.395833 0.475000 0.394792 0.476852 0.394271 0.476852 0.393750 0.477778 0.393229 0.477778 0.392708 0.478704 0.392188 0.478704 0.391146 0.480556 0.390625 0.480556 0.390104 0.481481 0.389583 0.481481 0.388542 0.483333 0.388021 0.483333 0.375000 0.506481 0.374479 0.506481 0.367708 0.518519 0.367188 0.518519 0.366146 0.520370 0.365625 0.520370 0.364583 0.522222 0.364063 0.522222 0.363542 0.523148 0.363021 0.523148 0.361979 0.525000 0.361458 0.525000 0.360417 0.526852 0.359896 0.526852 0.359375 0.527778 0.358333 0.527778 0.357812 0.526852 0.357292 0.526852 0.356771 0.525926 0.356771 0.525000 0.355729 0.523148 0.355729 0.521296 0.356250 0.520370 0.356250 0.519444 0.358333 0.515741 0.357812 0.516667 0.357292 0.516667 0.356250 0.518519 0.355729 0.518519 0.355208 0.519444 0.354687 0.519444 0.353646 0.521296 0.353125 0.521296 0.352083 0.523148 0.351562 0.523148 0.351042 0.524074 0.350521 0.524074 0.350000 0.525000 0.348438 0.525000 0.347396 0.523148 0.346875 0.523148 0.329688 0.492593 0.329167 0.492593 0.322917 0.481481 0.322396 0.481481 0.320312 0.477778 0.318229 0.477778 0.317708 0.478704 0.316667 0.478704 0.316146 0.479630 0.314583 0.479630 0.314063 0.480556 0.313021 0.480556 0.311979 0.482407 0.311979 0.486111 0.313542 0.488889 0.313542 0.489815 0.350521 0.555556 0.351042 0.555556 0.351562 0.556481 0.353125 0.556481 0.354167 0.554630 0.354687 0.554630 0.356250 0.551852 0.356771 0.551852 0.358854 0.548148 0.359375 0.548148 0.360938 0.545370 0.361458 0.545370 0.363021 0.542593 0.363542 0.542593 0.365625 0.538889 0.366146 0.538889 0.367708 0.536111 0.368229 0.536111 0.369792 0.533333 0.370312 0.533333 0.372396 0.529630 0.372917 0.529630 0.374479 0.526852 0.375000 0.526852 0.380208 0.517593 0.380729 0.517593 0.398438 0.486111 0.397917 0.485185 0.397917 0.484259 0.397396 0.483333 0.397396 0.480556 0.397917 0.479630 0.397917 0.478704 0.398438 0.477778 0.398958 0.477778 0.400000 0.475926 0.400521 0.475926 0.400521 0.475000 0.400000 0.474074 0.398958 0.474074 0.398438 0.473148
0 0.437500 0.513889 0.079167 0.077778 0.475000 0.475000 0.473438 0.477778 0.472917 0.477778 0.469271 0.484259 0.468750 0.484259 0.461979 0.496296 0.461458 0.496296 0.447917 0.520370 0.447396 0.520370 0.446354 0.522222 0.444792 0.522222 0.444271 0.521296 0.443750 0.521296 0.443229 0.520370 0.443229 0.519444 0.442708 0.518519 0.442708 0.512963 0.443229 0.512037 0.443229 0.509259 0.443750 0.508333 0.443750 0.507407 0.443229 0.507407 0.439583 0.513889 0.439063 0.513889 0.438542 0.514815 0.438542 0.516667 0.438021 0.517593 0.438021 0.519444 0.437500 0.520370 0.437500 0.522222 0.436979 0.523148 0.436979 0.524074 0.436458 0.525000 0.436458 0.525926 0.435417 0.527778 0.434896 0.527778 0.434375 0.528704 0.433854 0.528704 0.433333 0.527778 0.432812 0.527778 0.432292 0.526852 0.431771 0.526852 0.410938 0.489815 0.410417 0.489815 0.405729 0.481481 0.405208 0.481481 0.403125 0.477778 0.402604 0.477778 0.401562 0.475926 0.401042 0.475926 0.400521 0.476852 0.400000 0.476852 0.398958 0.478704 0.398438 0.478704 0.398438 0.479630 0.397917 0.480556 0.397917 0.483333 0.398438 0.484259 0.398438 0.485185 0.401562 0.490741 0.401562 0.491667 0.435417 0.551852 0.435937 0.551852 0.436458 0.552778 0.438021 0.552778 0.438542 0.551852 0.439063 0.551852 0.442188 0.546296 0.442708 0.546296 0.468750 0.500000 0.469271 0.500000 0.475521 0.488889 0.475521 0.487963 0.477083 0.485185 0.477083 0.480556 0.476562 0.479630 0.476562 0.478704 0.476042 0.477778 0.476042 0.476852 0.475521 0.475926 0.475521 0.475000
0 0.526823 0.513889 0.086979 0.090741 0.484896 0.468519 0.484375 0.469444 0.483854 0.469444 0.483854 0.470370 0.483333 0.471296 0.483333 0.472222 0.483854 0.473148 0.483854 0.474074 0.485938 0.477778 0.485938 0.478704 0.488021 0.482407 0.488021 0.483333 0.489583 0.486111 0.489583 0.487037 0.491667 0.490741 0.491667 0.491667 0.510938 0.525926 0.510938 0.526852 0.527604 0.556481 0.528125 0.556481 0.529167 0.558333 0.529687 0.558333 0.530208 0.559259 0.530729 0.558333 0.531250 0.558333 0.531771 0.557407 0.532292 0.557407 0.541146 0.541667 0.541667 0.541667 0.569792 0.491667 0.569792 0.490741 0.570312 0.489815 0.570312 0.487037 0.569792 0.486111 0.569792 0.485185 0.569271 0.485185 0.568229 0.483333 0.567187 0.483333 0.566667 0.482407 0.565625 0.482407 0.565104 0.481481 0.564063 0.481481 0.563542 0.480556 0.555729 0.494444 0.555208 0.494444 0.541667 0.518519 0.541146 0.518519 0.540625 0.519444 0.539062 0.519444 0.538542 0.518519 0.538021 0.518519 0.536458 0.515741 0.535937 0.515741 0.535417 0.514815 0.534896 0.514815 0.533333 0.517593 0.532813 0.517593 0.531250 0.520370 0.529687 0.520370 0.529167 0.519444 0.528646 0.519444 0.526563 0.515741 0.526042 0.515741 0.523438 0.511111 0.522917 0.511111 0.520833 0.507407 0.520312 0.508333 0.520312 0.509259 0.521875 0.512037 0.521875 0.512963 0.523438 0.515741 0.523438 0.516667 0.523958 0.517593 0.523958 0.518519 0.523438 0.519444 0.523438 0.520370 0.522396 0.522222 0.521875 0.522222 0.521354 0.523148 0.520312 0.523148 0.519792 0.522222 0.519271 0.522222 0.516667 0.517593 0.516146 0.517593 0.512500 0.511111 0.511979 0.511111 0.511458 0.510185 0.510938 0.510185 0.509375 0.507407 0.508854 0.507407 0.505729 0.501852 0.505208 0.501852 0.487500 0.470370 0.486979 0.470370 0.485938 0.468519
0 0.617448 0.517130 0.101562 0.087963 0.568750 0.473148 0.568229 0.474074 0.567708 0.474074 0.566667 0.475926 0.567187 0.475926 0.567708 0.476852 0.568229 0.476852 0.568750 0.477778 0.569792 0.477778 0.570312 0.478704 0.571354 0.478704 0.571875 0.479630 0.572917 0.479630 0.573438 0.480556 0.573958 0.480556 0.574479 0.481481 0.575521 0.481481 0.576042 0.482407 0.577083 0.482407 0.577604 0.483333 0.578125 0.483333 0.578646 0.484259 0.579167 0.484259 0.579688 0.485185 0.580208 0.485185 0.596354 0.513889 0.596354 0.514815 0.615625 0.549074 0.615625 0.550000 0.616146 0.550926 0.616667 0.550926 0.617708 0.552778 0.618229 0.552778 0.618750 0.553704 0.619271 0.553704 0.619792 0.554630 0.620313 0.554630 0.620833 0.555556 0.621354 0.555556 0.621875 0.556481 0.622396 0.556481 0.622917 0.557407 0.623437 0.557407 0.623958 0.558333 0.624479 0.558333 0.625000 0.559259 0.625521 0.559259 0.626042 0.560185 0.626563 0.560185 0.627083 0.561111 0.628646 0.561111 0.629167 0.560185 0.629687 0.560185 0.632812 0.554630 0.633333 0.554630 0.667708 0.493519 0.667708 0.492593 0.668229 0.491667 0.668229 0.488889 0.667708 0.487963 0.667708 0.487037 0.667188 0.487037 0.666667 0.486111 0.666146 0.486111 0.665625 0.485185 0.663542 0.485185 0.663021 0.484259 0.660417 0.488889 0.659896 0.488889 0.655729 0.496296 0.655208 0.496296 0.643750 0.516667 0.643229 0.516667 0.633854 0.533333 0.631771 0.533333 0.631250 0.532407 0.630729 0.532407 0.630208 0.531481 0.629167 0.531481 0.628646 0.530556 0.628125 0.530556 0.627604 0.529630 0.626563 0.529630 0.626042 0.528704 0.625521 0.528704 0.625000 0.527778 0.623958 0.527778 0.623437 0.526852 0.622917 0.526852 0.622396 0.525926 0.621354 0.525926 0.620833 0.525000 0.620313 0.525000 0.619792 0.524074 0.619271 0.524074 0.618750 0.523148 0.617708 0.523148 0.617188 0.522222 0.616667 0.522222 0.616146 0.521296 0.615104 0.521296 0.614583 0.520370 0.614062 0.520370 0.613542 0.519444 0.611979 0.519444 0.611458 0.518519 0.610938 0.518519 0.593750 0.487963 0.593229 0.487963 0.592187 0.486111 0.591146 0.486111 0.590625 0.485185 0.589583 0.485185 0.589063 0.484259 0.588021 0.484259 0.587500 0.483333 0.586458 0.483333 0.585938 0.482407 0.584896 0.482407 0.584375 0.481481 0.583333 0.481481 0.582812 0.480556 0.581771 0.480556 0.581250 0.479630 0.580208 0.479630 0.579688 0.478704 0.578646 0.478704 0.578125 0.477778 0.577083 0.477778 0.576562 0.476852 0.575521 0.476852 0.575000 0.475926 0.573958 0.475926 0.573438 0.475000 0.572396 0.475000 0.571875 0.474074 0.570833 0.474074 0.570312 0.473148
0 0.710417 0.529167 0.085417 0.076852 0.668750 0.490741 0.668750 0.491667 0.668229 0.492593 0.668229 0.493519 0.667708 0.494444 0.668750 0.496296 0.669271 0.496296 0.677083 0.510185 0.677083 0.511111 0.693750 0.540741 0.693750 0.541667 0.703646 0.559259 0.703646 0.560185 0.704688 0.562037 0.704688 0.562963 0.705729 0.562963 0.706250 0.563889 0.707292 0.563889 0.707812 0.564815 0.708854 0.564815 0.709375 0.565741 0.709896 0.565741 0.710417 0.566667 0.711458 0.566667 0.711979 0.567593 0.714583 0.567593 0.715625 0.565741 0.716146 0.565741 0.744271 0.515741 0.744792 0.515741 0.751042 0.504630 0.751042 0.503704 0.752604 0.500926 0.752604 0.500000 0.753125 0.499074 0.753125 0.497222 0.751563 0.494444 0.751042 0.494444 0.750521 0.493519 0.747917 0.493519 0.747396 0.492593 0.744792 0.492593 0.744271 0.491667 0.743229 0.491667 0.735938 0.504630 0.735417 0.504630 0.717187 0.537037 0.716667 0.537037 0.716146 0.537963 0.714063 0.537963 0.713542 0.537037 0.711979 0.537037 0.711458 0.536111 0.710417 0.536111 0.709896 0.535185 0.708333 0.535185 0.707812 0.534259 0.706771 0.534259 0.706250 0.533333 0.704688 0.533333 0.704167 0.532407 0.703125 0.532407 0.702604 0.531481 0.701042 0.531481 0.700521 0.530556 0.699479 0.530556 0.679688 0.495370 0.679167 0.495370 0.678646 0.494444 0.677604 0.494444 0.677083 0.493519 0.675000 0.493519 0.674479 0.492593 0.672917 0.492593 0.672396 0.491667 0.670312 0.491667 0.669792 0.490741
0 0.316667 0.486574 0.089583 0.075000 0.311458 0.449074 0.310417 0.450926 0.309896 0.450926 0.303646 0.462037 0.303125 0.462037 0.279687 0.503704 0.279167 0.503704 0.273958 0.512963 0.273958 0.513889 0.272396 0.516667 0.272396 0.517593 0.271875 0.518519 0.271875 0.519444 0.272396 0.520370 0.272396 0.521296 0.273438 0.523148 0.276042 0.523148 0.276562 0.522222 0.277604 0.522222 0.278646 0.520370 0.279167 0.520370 0.289583 0.501852 0.290104 0.501852 0.298438 0.487037 0.298958 0.487037 0.299479 0.486111 0.300521 0.486111 0.301042 0.485185 0.302604 0.485185 0.303125 0.484259 0.304688 0.484259 0.305208 0.483333 0.306250 0.483333 0.306771 0.482407 0.308333 0.482407 0.308854 0.481481 0.310417 0.481481 0.310937 0.480556 0.311979 0.480556 0.312500 0.479630 0.314063 0.479630 0.314583 0.478704 0.316146 0.478704 0.316667 0.477778 0.317708 0.477778 0.318229 0.476852 0.320312 0.476852 0.322396 0.480556 0.322917 0.480556 0.329167 0.491667 0.329688 0.491667 0.346875 0.522222 0.347396 0.522222 0.348438 0.524074 0.350000 0.524074 0.350521 0.523148 0.351042 0.523148 0.351562 0.522222 0.352083 0.522222 0.353125 0.520370 0.353646 0.520370 0.354687 0.518519 0.355208 0.518519 0.355729 0.517593 0.356250 0.517593 0.357292 0.515741 0.357812 0.515741 0.358333 0.514815 0.358854 0.514815 0.361458 0.510185 0.360938 0.511111 0.360417 0.511111 0.359896 0.512037 0.359375 0.512037 0.358854 0.512963 0.358333 0.512963 0.357292 0.514815 0.356771 0.514815 0.356250 0.515741 0.355729 0.515741 0.355208 0.516667 0.353125 0.516667 0.352083 0.514815 0.351562 0.514815 0.317188 0.453704 0.317188 0.452778 0.315104 0.449074
0 0.397135 0.488889 0.081771 0.077778 0.399479 0.450000 0.398958 0.450926 0.397917 0.450926 0.397396 0.451852 0.396354 0.451852 0.395833 0.452778 0.395313 0.452778 0.393229 0.456481 0.392708 0.456481 0.374479 0.488889 0.373958 0.488889 0.356771 0.519444 0.356771 0.520370 0.356250 0.521296 0.356250 0.523148 0.357292 0.525000 0.357292 0.525926 0.357812 0.525926 0.358333 0.526852 0.359375 0.526852 0.359896 0.525926 0.360417 0.525926 0.361458 0.524074 0.361979 0.524074 0.363021 0.522222 0.363542 0.522222 0.364063 0.521296 0.364583 0.521296 0.365625 0.519444 0.366146 0.519444 0.367188 0.517593 0.367708 0.517593 0.374479 0.505556 0.375000 0.505556 0.388021 0.482407 0.388542 0.482407 0.389583 0.480556 0.390104 0.480556 0.390625 0.479630 0.391146 0.479630 0.392188 0.477778 0.392708 0.477778 0.393229 0.476852 0.393750 0.476852 0.394271 0.475926 0.394792 0.475926 0.395833 0.474074 0.396354 0.474074 0.396875 0.473148 0.397396 0.473148 0.397917 0.472222 0.398438 0.472222 0.398958 0.473148 0.400000 0.473148 0.401042 0.475000 0.401562 0.475000 0.402604 0.476852 0.403125 0.476852 0.405208 0.480556 0.405729 0.480556 0.410417 0.488889 0.410938 0.488889 0.431771 0.525926 0.432292 0.525926 0.432812 0.526852 0.433333 0.526852 0.433854 0.527778 0.434375 0.527778 0.434896 0.526852 0.435417 0.526852 0.435937 0.525926 0.435937 0.525000 0.436458 0.524074 0.436458 0.523148 0.436979 0.522222 0.436979 0.520370 0.437500 0.519444 0.437500 0.517593 0.438021 0.516667 0.438021 0.514815 0.436979 0.514815 0.436458 0.513889 0.435937 0.513889 0.402604 0.454630 0.402604 0.453704 0.400521 0.450000
0 0.483333 0.480556 0.080208 0.083333 0.478125 0.438889 0.477604 0.439815 0.477083 0.439815 0.477083 0.440741 0.477604 0.441667 0.477604 0.442593 0.478125 0.443519 0.478125 0.446296 0.476562 0.449074 0.476562 0.450000 0.470833 0.460185 0.470313 0.460185 0.446875 0.501852 0.446354 0.501852 0.444271 0.505556 0.444271 0.508333 0.443750 0.509259 0.443750 0.512037 0.443229 0.512963 0.443229 0.518519 0.443750 0.519444 0.443750 0.520370 0.444271 0.520370 0.444792 0.521296 0.446354 0.521296 0.447396 0.519444 0.447917 0.519444 0.461458 0.495370 0.461979 0.495370 0.468750 0.483333 0.469271 0.483333 0.472917 0.476852 0.473438 0.476852 0.476042 0.472222 0.476562 0.472222 0.477604 0.470370 0.478125 0.470370 0.479167 0.468519 0.479687 0.468519 0.480208 0.467593 0.480729 0.467593 0.481250 0.466667 0.482812 0.466667 0.483333 0.465741 0.483854 0.466667 0.485938 0.466667 0.486458 0.467593 0.486979 0.467593 0.487500 0.468519 0.488021 0.468519 0.489583 0.471296 0.490104 0.471296 0.492188 0.475000 0.492708 0.475000 0.516146 0.516667 0.516667 0.516667 0.519271 0.521296 0.519792 0.521296 0.520312 0.522222 0.521354 0.522222 0.521875 0.521296 0.522396 0.521296 0.522917 0.520370 0.522917 0.519444 0.523438 0.518519 0.523438 0.517593 0.522917 0.516667 0.522917 0.515741 0.521354 0.512963 0.521354 0.512037 0.506771 0.486111 0.506771 0.485185 0.484896 0.446296 0.484375 0.446296 0.483333 0.444444 0.482812 0.444444 0.481771 0.442593 0.481250 0.442593 0.480208 0.440741 0.479687 0.440741 0.479167 0.439815 0.478646 0.439815
0 0.575260 0.480556 0.079687 0.075926 0.567187 0.442593 0.566667 0.443519 0.568229 0.443519 0.570833 0.448148 0.570833 0.450000 0.570312 0.450926 0.570312 0.451852 0.567187 0.457407 0.567187 0.458333 0.564583 0.462963 0.564063 0.462963 0.535417 0.513889 0.535937 0.514815 0.536458 0.514815 0.538021 0.517593 0.538542 0.517593 0.539062 0.518519 0.540625 0.518519 0.541146 0.517593 0.541667 0.517593 0.555208 0.493519 0.555729 0.493519 0.563542 0.479630 0.564063 0.479630 0.567708 0.473148 0.568229 0.473148 0.568750 0.472222 0.570312 0.472222 0.570833 0.473148 0.571875 0.473148 0.572396 0.474074 0.573438 0.474074 0.573958 0.475000 0.575000 0.475000 0.575521 0.475926 0.576562 0.475926 0.577083 0.476852 0.578125 0.476852 0.578646 0.477778 0.579688 0.477778 0.580208 0.478704 0.581250 0.478704 0.581771 0.479630 0.582812 0.479630 0.583333 0.480556 0.584375 0.480556 0.584896 0.481481 0.585938 0.481481 0.586458 0.482407 0.587500 0.482407 0.588021 0.483333 0.589063 0.483333 0.589583 0.484259 0.590625 0.484259 0.591146 0.485185 0.592187 0.485185 0.593229 0.487037 0.593750 0.487037 0.610938 0.517593 0.611458 0.517593 0.611979 0.518519 0.614062 0.518519 0.615104 0.516667 0.615104 0.512963 0.614062 0.511111 0.614062 0.510185 0.602604 0.489815 0.602604 0.488889 0.578125 0.445370 0.577083 0.445370 0.576562 0.444444 0.573958 0.444444 0.573438 0.443519 0.570833 0.443519 0.570312 0.442593
0 0.661719 0.494444 0.095312 0.075926 0.666146 0.456481 0.664583 0.459259 0.664583 0.460185 0.661979 0.464815 0.661458 0.464815 0.630208 0.520370 0.629687 0.520370 0.628646 0.522222 0.628125 0.522222 0.627604 0.523148 0.627083 0.522222 0.626042 0.522222 0.625521 0.521296 0.624479 0.521296 0.623958 0.520370 0.622917 0.520370 0.622396 0.519444 0.621875 0.519444 0.621354 0.518519 0.620313 0.518519 0.619792 0.517593 0.619271 0.517593 0.618750 0.516667 0.617708 0.516667 0.617188 0.515741 0.616146 0.515741 0.615625 0.514815 0.615625 0.516667 0.614062 0.519444 0.614583 0.519444 0.615104 0.520370 0.616146 0.520370 0.616667 0.521296 0.617188 0.521296 0.617708 0.522222 0.618750 0.522222 0.619271 0.523148 0.619792 0.523148 0.620313 0.524074 0.620833 0.524074 0.621354 0.525000 0.622396 0.525000 0.622917 0.525926 0.623437 0.525926 0.623958 0.526852 0.625000 0.526852 0.625521 0.527778 0.626042 0.527778 0.626563 0.528704 0.627604 0.528704 0.628125 0.529630 0.628646 0.529630 0.629167 0.530556 0.630208 0.530556 0.630729 0.531481 0.631250 0.531481 0.631771 0.532407 0.633854 0.532407 0.643229 0.515741 0.643750 0.515741 0.655208 0.495370 0.655729 0.495370 0.659896 0.487963 0.660417 0.487963 0.663021 0.483333 0.663542 0.484259 0.665625 0.484259 0.666146 0.485185 0.666667 0.485185 0.667188 0.486111 0.667708 0.486111 0.668229 0.487037 0.668229 0.487963 0.668750 0.488889 0.668750 0.489815 0.669792 0.489815 0.670312 0.490741 0.672396 0.490741 0.672917 0.491667 0.674479 0.491667 0.675000 0.492593 0.677083 0.492593 0.677604 0.493519 0.678646 0.493519 0.679167 0.494444 0.679688 0.494444 0.698438 0.527778 0.698958 0.527778 0.699479 0.528704 0.700521 0.528704 0.701042 0.529630 0.702604 0.529630 0.703125 0.530556 0.704167 0.530556 0.704688 0.531481 0.706250 0.531481 0.706771 0.532407 0.707292 0.532407 0.707812 0.531481 0.708333 0.531481 0.709375 0.529630 0.709375 0.526852 0.708333 0.525000 0.708333 0.524074 0.702604 0.513889 0.702604 0.512963 0.686979 0.485185 0.686979 0.484259 0.672396 0.458333 0.671875 0.458333 0.671354 0.457407 0.669792 0.457407 0.669271 0.456481
0 0.358073 0.476389 0.086979 0.078704 0.401562 0.437037 0.401042 0.437963 0.399479 0.437963 0.398958 0.438889 0.397396 0.438889 0.396875 0.439815 0.395313 0.439815 0.394792 0.440741 0.393229 0.440741 0.392708 0.441667 0.391146 0.441667 0.390104 0.443519 0.389583 0.443519 0.376563 0.466667 0.376042 0.466667 0.368750 0.479630 0.368229 0.479630 0.365104 0.485185 0.364583 0.485185 0.364063 0.486111 0.363021 0.486111 0.362500 0.487037 0.361979 0.487037 0.361458 0.487963 0.360938 0.487963 0.360417 0.488889 0.357812 0.488889 0.356250 0.486111 0.356250 0.482407 0.355208 0.482407 0.354687 0.483333 0.354167 0.483333 0.353646 0.484259 0.353125 0.484259 0.352604 0.485185 0.351562 0.485185 0.351042 0.486111 0.350521 0.486111 0.350000 0.487037 0.348438 0.487037 0.347917 0.486111 0.347396 0.486111 0.346354 0.484259 0.345833 0.484259 0.326562 0.450000 0.326042 0.450000 0.321354 0.441667 0.320833 0.441667 0.319792 0.439815 0.319271 0.440741 0.316146 0.440741 0.315625 0.441667 0.315104 0.441667 0.314583 0.442593 0.314583 0.447222 0.317708 0.452778 0.317708 0.453704 0.351562 0.513889 0.352083 0.513889 0.353125 0.515741 0.355208 0.515741 0.355729 0.514815 0.356250 0.514815 0.356771 0.513889 0.357292 0.513889 0.358333 0.512037 0.358854 0.512037 0.359375 0.511111 0.359896 0.511111 0.360417 0.510185 0.360938 0.510185 0.361458 0.509259 0.361979 0.509259 0.373958 0.487963 0.374479 0.487963 0.392708 0.455556 0.393229 0.455556 0.395313 0.451852 0.395833 0.451852 0.396354 0.450926 0.397396 0.450926 0.397917 0.450000 0.398958 0.450000 0.399479 0.449074 0.400000 0.449074 0.398438 0.446296 0.398438 0.445370 0.397917 0.444444 0.397917 0.441667 0.399479 0.438889 0.400000 0.438889 0.400521 0.437963 0.401562 0.437963
0 0.438021 0.475463 0.079167 0.076852 0.473958 0.437037 0.470833 0.442593 0.470313 0.442593 0.463021 0.455556 0.462500 0.455556 0.447396 0.482407 0.446875 0.482407 0.446354 0.483333 0.444792 0.483333 0.443229 0.480556 0.443229 0.479630 0.442708 0.478704 0.442708 0.477778 0.440625 0.477778 0.440104 0.476852 0.439583 0.476852 0.439583 0.477778 0.439063 0.478704 0.439063 0.479630 0.438542 0.480556 0.438542 0.481481 0.438021 0.482407 0.438021 0.483333 0.437500 0.484259 0.437500 0.485185 0.436979 0.486111 0.436979 0.487037 0.435417 0.489815 0.433333 0.489815 0.431771 0.487037 0.431250 0.487037 0.408854 0.447222 0.408333 0.447222 0.404687 0.440741 0.404167 0.440741 0.402604 0.437963 0.402083 0.437963 0.401562 0.438889 0.400521 0.438889 0.400000 0.439815 0.399479 0.439815 0.398438 0.441667 0.398438 0.444444 0.398958 0.445370 0.398958 0.446296 0.403125 0.453704 0.403125 0.454630 0.435937 0.512963 0.436458 0.512963 0.436979 0.513889 0.438542 0.513889 0.439063 0.512963 0.439583 0.512963 0.446354 0.500926 0.446875 0.500926 0.470313 0.459259 0.470833 0.459259 0.476042 0.450000 0.476042 0.449074 0.477604 0.446296 0.477604 0.443519 0.477083 0.442593 0.477083 0.441667 0.476042 0.439815 0.475521 0.439815
0 0.527083 0.478704 0.086458 0.081481 0.484375 0.437963 0.483854 0.438889 0.483854 0.442593 0.490104 0.453704 0.490104 0.454630 0.513542 0.496296 0.514062 0.496296 0.516667 0.500926 0.517188 0.500926 0.519792 0.505556 0.520312 0.505556 0.522917 0.510185 0.523438 0.510185 0.526042 0.514815 0.526563 0.514815 0.528646 0.518519 0.529167 0.518519 0.529687 0.519444 0.531250 0.519444 0.532813 0.516667 0.533333 0.516667 0.564063 0.462037 0.564583 0.462037 0.566667 0.458333 0.566667 0.457407 0.569792 0.451852 0.569792 0.450926 0.570312 0.450000 0.570312 0.448148 0.568229 0.444444 0.566146 0.444444 0.565625 0.445370 0.565104 0.445370 0.555729 0.462037 0.555208 0.462037 0.543229 0.483333 0.540625 0.483333 0.540104 0.482407 0.539583 0.482407 0.539062 0.481481 0.538542 0.481481 0.538021 0.480556 0.537500 0.480556 0.536979 0.479630 0.536458 0.479630 0.535937 0.478704 0.535417 0.478704 0.534896 0.477778 0.533333 0.480556 0.532813 0.480556 0.531771 0.482407 0.530208 0.482407 0.529687 0.481481 0.529167 0.481481 0.528646 0.480556 0.528125 0.480556 0.527604 0.479630 0.527083 0.479630 0.526563 0.478704 0.526042 0.478704 0.525521 0.477778 0.525000 0.477778 0.523958 0.475926 0.523438 0.475926 0.522917 0.475000 0.522917 0.475926 0.523438 0.476852 0.523438 0.480556 0.521875 0.483333 0.519792 0.483333 0.518750 0.481481 0.518229 0.481481 0.517708 0.480556 0.516667 0.480556 0.516146 0.481481 0.515625 0.481481 0.496875 0.448148 0.496354 0.448148 0.494792 0.445370 0.494271 0.445370 0.493750 0.444444 0.493229 0.444444 0.492708 0.443519 0.492188 0.443519 0.491667 0.442593 0.491146 0.442593 0.490625 0.441667 0.490104 0.441667 0.489583 0.440741 0.489063 0.440741 0.488542 0.439815 0.488021 0.439815 0.487500 0.438889 0.486979 0.438889 0.486458 0.437963
0 0.617708 0.481019 0.100000 0.082407 0.568750 0.439815 0.567708 0.441667 0.570312 0.441667 0.570833 0.442593 0.573438 0.442593 0.573958 0.443519 0.576562 0.443519 0.577083 0.444444 0.578125 0.444444 0.603125 0.488889 0.603125 0.489815 0.614583 0.510185 0.614583 0.511111 0.615625 0.512963 0.615625 0.513889 0.616146 0.514815 0.617188 0.514815 0.617708 0.515741 0.618750 0.515741 0.619271 0.516667 0.619792 0.516667 0.620313 0.517593 0.621354 0.517593 0.621875 0.518519 0.622396 0.518519 0.622917 0.519444 0.623958 0.519444 0.624479 0.520370 0.625521 0.520370 0.626042 0.521296 0.627083 0.521296 0.627604 0.522222 0.628125 0.521296 0.628646 0.521296 0.629687 0.519444 0.630208 0.519444 0.661458 0.463889 0.661979 0.463889 0.664062 0.460185 0.664062 0.459259 0.667188 0.453704 0.667188 0.452778 0.667708 0.451852 0.667708 0.450000 0.665625 0.446296 0.661979 0.446296 0.661458 0.445370 0.660937 0.445370 0.659375 0.448148 0.658854 0.448148 0.654687 0.455556 0.654167 0.455556 0.645312 0.471296 0.644792 0.471296 0.632292 0.493519 0.629687 0.493519 0.629167 0.492593 0.627604 0.492593 0.627083 0.491667 0.626042 0.491667 0.625521 0.490741 0.623958 0.490741 0.623437 0.489815 0.622396 0.489815 0.621875 0.488889 0.620313 0.488889 0.619792 0.487963 0.618229 0.487963 0.617708 0.487037 0.616667 0.487037 0.616146 0.486111 0.614583 0.486111 0.614062 0.485185 0.613542 0.485185 0.597396 0.456481 0.597396 0.455556 0.595313 0.451852 0.594792 0.451852 0.592187 0.447222 0.591146 0.447222 0.590625 0.446296 0.588542 0.446296 0.588021 0.445370 0.585417 0.445370 0.584896 0.444444 0.581771 0.444444 0.581250 0.443519 0.578646 0.443519 0.578125 0.442593 0.575521 0.442593 0.575000 0.441667 0.572396 0.441667 0.571875 0.440741 0.569271 0.440741
0 0.714844 0.500000 0.078646 0.074074 0.675521 0.462963 0.687500 0.484259 0.687500 0.485185 0.703125 0.512963 0.703125 0.513889 0.708854 0.524074 0.708854 0.525000 0.709896 0.526852 0.709896 0.529630 0.708333 0.532407 0.707812 0.532407 0.707292 0.533333 0.706771 0.533333 0.706250 0.532407 0.704688 0.532407 0.704167 0.531481 0.703125 0.531481 0.702604 0.530556 0.701042 0.530556 0.700521 0.529630 0.699479 0.529630 0.698958 0.528704 0.699479 0.529630 0.700521 0.529630 0.701042 0.530556 0.702604 0.530556 0.703125 0.531481 0.704167 0.531481 0.704688 0.532407 0.706250 0.532407 0.706771 0.533333 0.707812 0.533333 0.708333 0.534259 0.709896 0.534259 0.710417 0.535185 0.711458 0.535185 0.711979 0.536111 0.713542 0.536111 0.714063 0.537037 0.716146 0.537037 0.716667 0.536111 0.717187 0.536111 0.735417 0.503704 0.735938 0.503704 0.753125 0.473148 0.753125 0.472222 0.754167 0.470370 0.754167 0.466667 0.753125 0.464815 0.752604 0.464815 0.752083 0.463889 0.750521 0.463889 0.736979 0.487963 0.736458 0.487963 0.724479 0.509259 0.723958 0.509259 0.722917 0.511111 0.721875 0.511111 0.721354 0.510185 0.719792 0.510185 0.719271 0.509259 0.717187 0.509259 0.716667 0.508333 0.715104 0.508333 0.714583 0.507407 0.712500 0.507407 0.711979 0.506481 0.709896 0.506481 0.709375 0.505556 0.707812 0.505556 0.707292 0.504630 0.705208 0.504630 0.704688 0.503704 0.703125 0.503704 0.689063 0.478704 0.689063 0.477778 0.682813 0.466667 0.682292 0.466667 0.681250 0.464815 0.680208 0.464815 0.679688 0.463889 0.676562 0.463889 0.676042 0.462963
0 0.315104 0.448611 0.087500 0.075000 0.310417 0.411111 0.308854 0.413889 0.308333 0.413889 0.287500 0.450926 0.286979 0.450926 0.272396 0.476852 0.272396 0.477778 0.271354 0.479630 0.271354 0.482407 0.272917 0.485185 0.273438 0.485185 0.273958 0.486111 0.274479 0.485185 0.275000 0.485185 0.276042 0.483333 0.276562 0.483333 0.291146 0.457407 0.291667 0.457407 0.292708 0.455556 0.293750 0.455556 0.294271 0.454630 0.296875 0.454630 0.297396 0.453704 0.300521 0.453704 0.301042 0.452778 0.303646 0.452778 0.304167 0.451852 0.307292 0.451852 0.307812 0.450926 0.309375 0.450926 0.309896 0.450000 0.310417 0.450000 0.311458 0.448148 0.314583 0.448148 0.314063 0.447222 0.314063 0.442593 0.315104 0.440741 0.315625 0.440741 0.316146 0.439815 0.319271 0.439815 0.319792 0.438889 0.320833 0.440741 0.321354 0.440741 0.326042 0.449074 0.326562 0.449074 0.345833 0.483333 0.346354 0.483333 0.347396 0.485185 0.347917 0.485185 0.348438 0.486111 0.350000 0.486111 0.350521 0.485185 0.351042 0.485185 0.351562 0.484259 0.352604 0.484259 0.353125 0.483333 0.353646 0.483333 0.354167 0.482407 0.354687 0.482407 0.355208 0.481481 0.356250 0.481481 0.358333 0.477778 0.358333 0.476852 0.358854 0.475926 0.358333 0.476852 0.357292 0.476852 0.356771 0.477778 0.355729 0.477778 0.355208 0.478704 0.354167 0.478704 0.353646 0.479630 0.351562 0.479630 0.351042 0.478704 0.350521 0.478704 0.312500 0.411111
0 0.398438 0.450926 0.083333 0.075926 0.396354 0.412963 0.395313 0.414815 0.394792 0.414815 0.385937 0.430556 0.385417 0.430556 0.361979 0.472222 0.361458 0.472222 0.358854 0.476852 0.358854 0.477778 0.356771 0.481481 0.356771 0.486111 0.357812 0.487963 0.360417 0.487963 0.360938 0.487037 0.361458 0.487037 0.361979 0.486111 0.362500 0.486111 0.363021 0.485185 0.364063 0.485185 0.364583 0.484259 0.365104 0.484259 0.368229 0.478704 0.368750 0.478704 0.376042 0.465741 0.376563 0.465741 0.389583 0.442593 0.390104 0.442593 0.391146 0.440741 0.392708 0.440741 0.393229 0.439815 0.394792 0.439815 0.395313 0.438889 0.396875 0.438889 0.397396 0.437963 0.398958 0.437963 0.399479 0.437037 0.401042 0.437037 0.401562 0.436111 0.402083 0.437037 0.402604 0.437037 0.404167 0.439815 0.404687 0.439815 0.408333 0.446296 0.408854 0.446296 0.431250 0.486111 0.431771 0.486111 0.433333 0.488889 0.435417 0.488889 0.436458 0.487037 0.436458 0.486111 0.436979 0.485185 0.436979 0.484259 0.437500 0.483333 0.437500 0.482407 0.438021 0.481481 0.438021 0.480556 0.438542 0.479630 0.438542 0.478704 0.439063 0.477778 0.439063 0.476852 0.440104 0.475000 0.439583 0.475000 0.439063 0.475926 0.437500 0.475926 0.436979 0.475000 0.436458 0.475000 0.401562 0.412963
0 0.483073 0.444907 0.079687 0.075000 0.479687 0.407407 0.479167 0.408333 0.478125 0.408333 0.445312 0.466667 0.445312 0.467593 0.444792 0.468519 0.444792 0.470370 0.444271 0.471296 0.444271 0.473148 0.443750 0.474074 0.443750 0.475000 0.443229 0.475926 0.443229 0.478704 0.443750 0.479630 0.443750 0.480556 0.444792 0.482407 0.446354 0.482407 0.446875 0.481481 0.447396 0.481481 0.462500 0.454630 0.463021 0.454630 0.470313 0.441667 0.470833 0.441667 0.473958 0.436111 0.474479 0.436111 0.476562 0.432407 0.477083 0.432407 0.478125 0.430556 0.478646 0.430556 0.479687 0.428704 0.480208 0.428704 0.480729 0.427778 0.481771 0.427778 0.482292 0.426852 0.483333 0.428704 0.483854 0.428704 0.487500 0.435185 0.488021 0.435185 0.492188 0.442593 0.492708 0.442593 0.493229 0.443519 0.493750 0.443519 0.494271 0.444444 0.494792 0.444444 0.496354 0.447222 0.496875 0.447222 0.511458 0.473148 0.511979 0.473148 0.513021 0.475000 0.513542 0.475000 0.514062 0.475926 0.514583 0.475926 0.515625 0.477778 0.516146 0.477778 0.517188 0.479630 0.517708 0.479630 0.518229 0.480556 0.518750 0.480556 0.519792 0.482407 0.521875 0.482407 0.522917 0.480556 0.522917 0.476852 0.522396 0.475926 0.522396 0.475000 0.513542 0.459259 0.513542 0.458333 0.484896 0.407407
0 0.577344 0.444907 0.083854 0.075000 0.570833 0.407407 0.570833 0.408333 0.571354 0.409259 0.571354 0.412963 0.569792 0.415741 0.569792 0.416667 0.555729 0.441667 0.555208 0.441667 0.535417 0.476852 0.535417 0.477778 0.535937 0.477778 0.536458 0.478704 0.536979 0.478704 0.537500 0.479630 0.538021 0.479630 0.538542 0.480556 0.539062 0.480556 0.539583 0.481481 0.540104 0.481481 0.540625 0.482407 0.543229 0.482407 0.555208 0.461111 0.555729 0.461111 0.565104 0.444444 0.565625 0.444444 0.568750 0.438889 0.569271 0.439815 0.571875 0.439815 0.572396 0.440741 0.575000 0.440741 0.575521 0.441667 0.578125 0.441667 0.578646 0.442593 0.581250 0.442593 0.581771 0.443519 0.584896 0.443519 0.585417 0.444444 0.588021 0.444444 0.588542 0.445370 0.590625 0.445370 0.591146 0.446296 0.592187 0.446296 0.594792 0.450926 0.595313 0.450926 0.597917 0.455556 0.597917 0.456481 0.611458 0.480556 0.613021 0.480556 0.613542 0.481481 0.615104 0.481481 0.615625 0.482407 0.617708 0.482407 0.619271 0.479630 0.619271 0.477778 0.618750 0.476852 0.618750 0.475926 0.615625 0.470370 0.615625 0.469444 0.595833 0.434259 0.595833 0.433333 0.581771 0.408333 0.581250 0.408333 0.580729 0.407407
0 0.659375 0.455093 0.094792 0.075000 0.664583 0.417593 0.664062 0.418519 0.664062 0.419444 0.657813 0.430556 0.657292 0.430556 0.628646 0.481481 0.628125 0.481481 0.627083 0.483333 0.624479 0.483333 0.623958 0.482407 0.622396 0.482407 0.621875 0.481481 0.620313 0.481481 0.619792 0.480556 0.619271 0.480556 0.617708 0.483333 0.615625 0.483333 0.615104 0.482407 0.613542 0.482407 0.613021 0.481481 0.611979 0.481481 0.613542 0.484259 0.614062 0.484259 0.614583 0.485185 0.616146 0.485185 0.616667 0.486111 0.617708 0.486111 0.618229 0.487037 0.619792 0.487037 0.620313 0.487963 0.621875 0.487963 0.622396 0.488889 0.623437 0.488889 0.623958 0.489815 0.625521 0.489815 0.626042 0.490741 0.627083 0.490741 0.627604 0.491667 0.629167 0.491667 0.629687 0.492593 0.632292 0.492593 0.644792 0.470370 0.645312 0.470370 0.654167 0.454630 0.654687 0.454630 0.658854 0.447222 0.659375 0.447222 0.660937 0.444444 0.661458 0.444444 0.661979 0.445370 0.665625 0.445370 0.668229 0.450000 0.668229 0.451852 0.667708 0.452778 0.667708 0.453704 0.666667 0.455556 0.669271 0.455556 0.669792 0.456481 0.671354 0.456481 0.671875 0.457407 0.672396 0.457407 0.675000 0.462037 0.676042 0.462037 0.676562 0.462963 0.679688 0.462963 0.680208 0.463889 0.681250 0.463889 0.682292 0.465741 0.682813 0.465741 0.689583 0.477778 0.689583 0.478704 0.695833 0.489815 0.697396 0.489815 0.697917 0.490741 0.700000 0.490741 0.700521 0.491667 0.702604 0.491667 0.703125 0.492593 0.705208 0.492593 0.705729 0.491667 0.706250 0.491667 0.706250 0.490741 0.706771 0.489815 0.706771 0.487037 0.705729 0.485185 0.705729 0.484259 0.699479 0.473148 0.699479 0.472222 0.684896 0.446296 0.684896 0.445370 0.669792 0.418519 0.665625 0.418519 0.665104 0.417593
0 0.356250 0.440278 0.089583 0.076852 0.313542 0.401852 0.313021 0.402778 0.312500 0.402778 0.311979 0.403704 0.311979 0.404630 0.311458 0.405556 0.311458 0.406481 0.311979 0.407407 0.311979 0.408333 0.312500 0.409259 0.312500 0.410185 0.350521 0.477778 0.351042 0.477778 0.351562 0.478704 0.353646 0.478704 0.354167 0.477778 0.355208 0.477778 0.355729 0.476852 0.356771 0.476852 0.357292 0.475926 0.358333 0.475926 0.358854 0.475000 0.359375 0.475000 0.361458 0.471296 0.361979 0.471296 0.385417 0.429630 0.385937 0.429630 0.394792 0.413889 0.395313 0.413889 0.396354 0.412037 0.401042 0.412037 0.400521 0.411111 0.400521 0.410185 0.398438 0.406481 0.398438 0.403704 0.393229 0.403704 0.392708 0.402778 0.390104 0.402778 0.389062 0.404630 0.388542 0.404630 0.375000 0.428704 0.374479 0.428704 0.367188 0.441667 0.366667 0.441667 0.363021 0.448148 0.362500 0.448148 0.361458 0.450000 0.359896 0.450000 0.357812 0.446296 0.357812 0.445370 0.356771 0.445370 0.356250 0.446296 0.354167 0.446296 0.353646 0.447222 0.351562 0.447222 0.351042 0.448148 0.348958 0.448148 0.348438 0.447222 0.347917 0.447222 0.346875 0.445370 0.346354 0.445370 0.327083 0.411111 0.326562 0.411111 0.321875 0.402778 0.315104 0.402778 0.314583 0.401852
0 0.438542 0.437963 0.079167 0.074074 0.400000 0.400926 0.398958 0.402778 0.398958 0.406481 0.401042 0.410185 0.401042 0.411111 0.436458 0.474074 0.436979 0.474074 0.437500 0.475000 0.439063 0.475000 0.439583 0.474074 0.440104 0.474074 0.443229 0.468519 0.443750 0.468519 0.477604 0.408333 0.477604 0.407407 0.478125 0.406481 0.478125 0.404630 0.477604 0.403704 0.477604 0.402778 0.477083 0.401852 0.476562 0.401852 0.476042 0.400926 0.475000 0.400926 0.474479 0.401852 0.473438 0.401852 0.472917 0.402778 0.471875 0.402778 0.471354 0.403704 0.470833 0.403704 0.460938 0.421296 0.460417 0.421296 0.452604 0.435185 0.452083 0.435185 0.446875 0.444444 0.445833 0.444444 0.445312 0.445370 0.444792 0.445370 0.444271 0.446296 0.443229 0.446296 0.442708 0.447222 0.441146 0.447222 0.440625 0.446296 0.439583 0.446296 0.439063 0.445370 0.436979 0.449074 0.436458 0.449074 0.435937 0.450000 0.433854 0.450000 0.432812 0.448148 0.432292 0.448148 0.411979 0.412037 0.411458 0.412037 0.406771 0.403704 0.406250 0.403704 0.404687 0.400926
0 0.528125 0.443981 0.085417 0.075000 0.485938 0.406481 0.485417 0.407407 0.514062 0.458333 0.514062 0.459259 0.522396 0.474074 0.522917 0.474074 0.523438 0.475000 0.523958 0.475000 0.525000 0.476852 0.525521 0.476852 0.526042 0.477778 0.526563 0.477778 0.527083 0.478704 0.527604 0.478704 0.528125 0.479630 0.528646 0.479630 0.529167 0.480556 0.529687 0.480556 0.530208 0.481481 0.531771 0.481481 0.532813 0.479630 0.533333 0.479630 0.555208 0.440741 0.555729 0.440741 0.569271 0.416667 0.569271 0.415741 0.570833 0.412963 0.570833 0.409259 0.570312 0.408333 0.570312 0.407407 0.569792 0.407407 0.569271 0.406481 0.565104 0.406481 0.558854 0.417593 0.558333 0.417593 0.543750 0.443519 0.543229 0.443519 0.542188 0.445370 0.541667 0.445370 0.541146 0.444444 0.539583 0.444444 0.539062 0.443519 0.537500 0.443519 0.536979 0.442593 0.535417 0.442593 0.534896 0.441667 0.534375 0.442593 0.533854 0.442593 0.532813 0.444444 0.531250 0.444444 0.530729 0.443519 0.529167 0.443519 0.528646 0.442593 0.527083 0.442593 0.526563 0.441667 0.523958 0.441667 0.521354 0.446296 0.520833 0.446296 0.519792 0.448148 0.519271 0.448148 0.518750 0.447222 0.518229 0.447222 0.496354 0.408333 0.495833 0.408333 0.494792 0.406481
0 0.623698 0.444907 0.084896 0.075000 0.581250 0.407407 0.581771 0.407407 0.596354 0.433333 0.596354 0.434259 0.616146 0.469444 0.616146 0.470370 0.619271 0.475926 0.619271 0.476852 0.619792 0.477778 0.619792 0.479630 0.620313 0.480556 0.621875 0.480556 0.622396 0.481481 0.623958 0.481481 0.624479 0.482407 0.627083 0.482407 0.628125 0.480556 0.628646 0.480556 0.657292 0.429630 0.657813 0.429630 0.663542 0.419444 0.663542 0.418519 0.665625 0.414815 0.665625 0.413889 0.666146 0.412963 0.666146 0.412037 0.665625 0.411111 0.665625 0.410185 0.664583 0.408333 0.663542 0.408333 0.663021 0.407407 0.658854 0.407407 0.657292 0.410185 0.656771 0.410185 0.653646 0.415741 0.653125 0.415741 0.644792 0.430556 0.644271 0.430556 0.630729 0.454630 0.630208 0.454630 0.629687 0.455556 0.629167 0.455556 0.628646 0.454630 0.626042 0.454630 0.625521 0.453704 0.622396 0.453704 0.621875 0.452778 0.619271 0.452778 0.618750 0.451852 0.616146 0.451852 0.614583 0.449074 0.614062 0.449074 0.591146 0.408333 0.590104 0.408333 0.589583 0.407407
0 0.720573 0.470370 0.081771 0.079630 0.697917 0.430556 0.696875 0.432407 0.696875 0.433333 0.703646 0.445370 0.703646 0.446296 0.704688 0.448148 0.704688 0.451852 0.703125 0.454630 0.698438 0.454630 0.688542 0.437037 0.687500 0.437037 0.686979 0.436111 0.681250 0.436111 0.680729 0.435185 0.679688 0.435185 0.685417 0.445370 0.685417 0.446296 0.700000 0.472222 0.700000 0.473148 0.706250 0.484259 0.706250 0.485185 0.707292 0.487037 0.707292 0.489815 0.706771 0.490741 0.706771 0.491667 0.706250 0.492593 0.705729 0.492593 0.705208 0.493519 0.703125 0.493519 0.702604 0.492593 0.700521 0.492593 0.700000 0.491667 0.697917 0.491667 0.697396 0.490741 0.696354 0.490741 0.703125 0.502778 0.704688 0.502778 0.705208 0.503704 0.707292 0.503704 0.707812 0.504630 0.709375 0.504630 0.709896 0.505556 0.711979 0.505556 0.712500 0.506481 0.714583 0.506481 0.715104 0.507407 0.716667 0.507407 0.717187 0.508333 0.719271 0.508333 0.719792 0.509259 0.721354 0.509259 0.721875 0.510185 0.722917 0.510185 0.723958 0.508333 0.724479 0.508333 0.736458 0.487037 0.736979 0.487037 0.760938 0.444444 0.760938 0.443519 0.761458 0.442593 0.761458 0.438889 0.759896 0.436111 0.752604 0.436111 0.752083 0.435185 0.742708 0.435185 0.742188 0.434259 0.733333 0.434259 0.732812 0.433333 0.723437 0.433333 0.722917 0.432407 0.713542 0.432407 0.713021 0.431481 0.704167 0.431481 0.703646 0.430556
0 0.315885 0.409722 0.086979 0.075000 0.311979 0.372222 0.311458 0.373148 0.310937 0.373148 0.309896 0.375000 0.309375 0.375000 0.286458 0.415741 0.285938 0.415741 0.273958 0.437037 0.273958 0.437963 0.272396 0.440741 0.272396 0.444444 0.273438 0.446296 0.273958 0.446296 0.274479 0.447222 0.276562 0.447222 0.277083 0.446296 0.277604 0.446296 0.289062 0.425926 0.289583 0.425926 0.290104 0.425000 0.298438 0.425000 0.298958 0.424074 0.302083 0.424074 0.308333 0.412963 0.308854 0.412963 0.310417 0.410185 0.311979 0.410185 0.311979 0.409259 0.311458 0.408333 0.311458 0.407407 0.310937 0.406481 0.310937 0.405556 0.311458 0.404630 0.311458 0.403704 0.312500 0.401852 0.313021 0.401852 0.313542 0.400926 0.314583 0.400926 0.315104 0.401852 0.321875 0.401852 0.326562 0.410185 0.327083 0.410185 0.346354 0.444444 0.346875 0.444444 0.347917 0.446296 0.348438 0.446296 0.348958 0.447222 0.351042 0.447222 0.351562 0.446296 0.353646 0.446296 0.354167 0.445370 0.356250 0.445370 0.356771 0.444444 0.357812 0.444444 0.357812 0.442593 0.358854 0.440741 0.358854 0.439815 0.359375 0.438889 0.358333 0.438889 0.357812 0.439815 0.353646 0.439815 0.352604 0.437963 0.352083 0.437963 0.315625 0.373148 0.313021 0.373148 0.312500 0.372222
0 0.399740 0.412037 0.082812 0.074074 0.396875 0.375000 0.395833 0.376852 0.395313 0.376852 0.375000 0.412963 0.374479 0.412963 0.359375 0.439815 0.359375 0.440741 0.358333 0.442593 0.358333 0.446296 0.359896 0.449074 0.361458 0.449074 0.362500 0.447222 0.363021 0.447222 0.366667 0.440741 0.367188 0.440741 0.374479 0.427778 0.375000 0.427778 0.388542 0.403704 0.389062 0.403704 0.390104 0.401852 0.392708 0.401852 0.393229 0.402778 0.398438 0.402778 0.400000 0.400000 0.404687 0.400000 0.406250 0.402778 0.406771 0.402778 0.411458 0.411111 0.411979 0.411111 0.432292 0.447222 0.432812 0.447222 0.433854 0.449074 0.435937 0.449074 0.436458 0.448148 0.436979 0.448148 0.441146 0.440741 0.441146 0.437963 0.440625 0.437037 0.440625 0.436111 0.440104 0.437037 0.439583 0.437037 0.439063 0.437963 0.438021 0.437963 0.437500 0.437037 0.436979 0.437037 0.404167 0.378704 0.403646 0.378704 0.403125 0.377778 0.402604 0.377778 0.402083 0.376852 0.401042 0.376852 0.400521 0.375926 0.399479 0.375926 0.398958 0.375000
0 0.483073 0.406019 0.079687 0.075000 0.482812 0.368519 0.482292 0.369444 0.481771 0.369444 0.475000 0.381481 0.474479 0.381481 0.444271 0.435185 0.444271 0.436111 0.443229 0.437963 0.443229 0.439815 0.443750 0.440741 0.443750 0.441667 0.444792 0.443519 0.446875 0.443519 0.454167 0.430556 0.454688 0.430556 0.467708 0.407407 0.468229 0.407407 0.472917 0.399074 0.473438 0.399074 0.476042 0.394444 0.476562 0.394444 0.477083 0.393519 0.479687 0.393519 0.480208 0.394444 0.480729 0.394444 0.481250 0.395370 0.481771 0.395370 0.482812 0.397222 0.483333 0.397222 0.486458 0.402778 0.486979 0.402778 0.488542 0.405556 0.494792 0.405556 0.495833 0.407407 0.496354 0.407407 0.515625 0.441667 0.517188 0.441667 0.517708 0.442593 0.518750 0.442593 0.519271 0.443519 0.521875 0.443519 0.522917 0.441667 0.522917 0.437963 0.521875 0.436111 0.521875 0.435185 0.504167 0.403704 0.504167 0.402778 0.485417 0.369444 0.484896 0.369444 0.484375 0.368519
0 0.577083 0.406481 0.083333 0.075926 0.578125 0.368519 0.577604 0.369444 0.575521 0.369444 0.575000 0.370370 0.572917 0.370370 0.572917 0.371296 0.573438 0.372222 0.572917 0.373148 0.572917 0.374074 0.571875 0.375926 0.571875 0.376852 0.555729 0.405556 0.555208 0.405556 0.535417 0.440741 0.535417 0.441667 0.536979 0.441667 0.537500 0.442593 0.539062 0.442593 0.539583 0.443519 0.541146 0.443519 0.541667 0.444444 0.542188 0.444444 0.543229 0.442593 0.543750 0.442593 0.558333 0.416667 0.558854 0.416667 0.565104 0.405556 0.569271 0.405556 0.569792 0.406481 0.589583 0.406481 0.590104 0.407407 0.591146 0.407407 0.610938 0.442593 0.611979 0.442593 0.612500 0.443519 0.617708 0.443519 0.618750 0.441667 0.618750 0.438889 0.618229 0.437963 0.618229 0.437037 0.615625 0.432407 0.615625 0.431481 0.597917 0.400000 0.597917 0.399074 0.581250 0.369444 0.580729 0.369444 0.580208 0.368519
0 0.657813 0.417593 0.092708 0.074074 0.664062 0.380556 0.642188 0.419444 0.641667 0.419444 0.627604 0.444444 0.627083 0.444444 0.626563 0.445370 0.625000 0.445370 0.624479 0.444444 0.620833 0.444444 0.620313 0.443519 0.618229 0.443519 0.617708 0.444444 0.612500 0.444444 0.611979 0.443519 0.611458 0.443519 0.614062 0.448148 0.614583 0.448148 0.616146 0.450926 0.618750 0.450926 0.619271 0.451852 0.621875 0.451852 0.622396 0.452778 0.625521 0.452778 0.626042 0.453704 0.628646 0.453704 0.629167 0.454630 0.629687 0.454630 0.630208 0.453704 0.630729 0.453704 0.644271 0.429630 0.644792 0.429630 0.653125 0.414815 0.653646 0.414815 0.656771 0.409259 0.657292 0.409259 0.658854 0.406481 0.663021 0.406481 0.663542 0.407407 0.664583 0.407407 0.666146 0.410185 0.666146 0.411111 0.666667 0.412037 0.666667 0.412963 0.666146 0.413889 0.666146 0.414815 0.665104 0.416667 0.665625 0.417593 0.669792 0.417593 0.679167 0.434259 0.680729 0.434259 0.681250 0.435185 0.686979 0.435185 0.687500 0.436111 0.688542 0.436111 0.698438 0.453704 0.703125 0.453704 0.704167 0.451852 0.704167 0.448148 0.703125 0.446296 0.703125 0.445370 0.693750 0.428704 0.693750 0.427778 0.679688 0.402778 0.679688 0.401852 0.668229 0.381481 0.667708 0.381481 0.667188 0.380556