0 0.279427 0.558796 0.089063 0.073148 0.241146 0.522222 0.240625 0.523148 0.239063 0.523148 0.238542 0.524074 0.236979 0.524074 0.236458 0.525000 0.235937 0.525000 0.235417 0.525926 0.234896 0.525926 0.234896 0.531481 0.235417 0.532407 0.235417 0.533333 0.266667 0.588889 0.267188 0.588889 0.270833 0.595370 0.278125 0.595370 0.278646 0.594444 0.279167 0.594444 0.279687 0.593519 0.280208 0.593519 0.280729 0.592593 0.281250 0.592593 0.281771 0.591667 0.282813 0.591667 0.283333 0.590741 0.283854 0.590741 0.284375 0.589815 0.284896 0.589815 0.285417 0.588889 0.285938 0.588889 0.286458 0.587963 0.286979 0.587963 0.287500 0.587037 0.288021 0.587037 0.288542 0.586111 0.289062 0.586111 0.289583 0.585185 0.290104 0.585185 0.290625 0.584259 0.291146 0.584259 0.291667 0.583333 0.292187 0.583333 0.292708 0.582407 0.293229 0.582407 0.293750 0.581481 0.294271 0.581481 0.294792 0.580556 0.295312 0.580556 0.295833 0.579630 0.296354 0.579630 0.296875 0.578704 0.297396 0.578704 0.297917 0.577778 0.298438 0.577778 0.298958 0.576852 0.299479 0.576852 0.300000 0.575926 0.300521 0.575926 0.301042 0.575000 0.301563 0.575000 0.302083 0.574074 0.302604 0.574074 0.303125 0.573148 0.303646 0.573148 0.304167 0.572222 0.304688 0.572222 0.305208 0.571296 0.305729 0.571296 0.306250 0.570370 0.307292 0.570370 0.307812 0.569444 0.308333 0.569444 0.308854 0.568519 0.309375 0.568519 0.309896 0.567593 0.310417 0.567593 0.310937 0.566667 0.311458 0.566667 0.311979 0.565741 0.312500 0.565741 0.313021 0.564815 0.313542 0.564815 0.314063 0.563889 0.314583 0.563889 0.315104 0.562963 0.315625 0.562963 0.316146 0.562037 0.316667 0.562037 0.317188 0.561111 0.317708 0.561111 0.318229 0.560185 0.318750 0.560185 0.323958 0.550926 0.323958 0.547222 0.322917 0.545370 0.322917 0.544444 0.321875 0.542593 0.321875 0.541667 0.321354 0.540741 0.321354 0.539815 0.320312 0.537963 0.320312 0.537037 0.319271 0.535185 0.319271 0.534259 0.318229 0.532407 0.318229 0.531481 0.317188 0.529630 0.317188 0.528704 0.316667 0.527778 0.316667 0.526852 0.315625 0.525000 0.315625 0.524074 0.314583 0.522222 0.313542 0.522222 0.313021 0.523148 0.311979 0.523148 0.311458 0.524074 0.310937 0.524074 0.310417 0.525000 0.309896 0.525000 0.309375 0.525926 0.308854 0.525926 0.295833 0.549074 0.295312 0.549074 0.294792 0.550000 0.294271 0.550000 0.293750 0.550926 0.292708 0.550926 0.292187 0.551852 0.291146 0.551852 0.290625 0.552778 0.289583 0.552778 0.289062 0.553704 0.288021 0.553704 0.287500 0.554630 0.286979 0.554630 0.286458 0.555556 0.285417 0.555556 0.284896 0.556481 0.283854 0.556481 0.283333 0.557407 0.282292 0.557407 0.281771 0.558333 0.280729 0.558333 0.280208 0.559259 0.279167 0.559259 0.278646 0.560185 0.278125 0.560185 0.277604 0.561111 0.276562 0.561111 0.276042 0.562037 0.275000 0.562037 0.274479 0.562963 0.272917 0.562963 0.270833 0.559259 0.270833 0.558333 0.268750 0.558333 0.268229 0.559259 0.265104 0.559259 0.244271 0.522222
0 0.270833 0.520833 0.086458 0.076852 0.313021 0.482407 0.312500 0.483333 0.309896 0.483333 0.309375 0.484259 0.307292 0.484259 0.306771 0.485185 0.304688 0.485185 0.304167 0.486111 0.302604 0.486111 0.302083 0.487037 0.301563 0.487037 0.289062 0.509259 0.288542 0.509259 0.281250 0.522222 0.279687 0.522222 0.279167 0.523148 0.278646 0.522222 0.277604 0.522222 0.277083 0.523148 0.276042 0.523148 0.275521 0.524074 0.273958 0.524074 0.273438 0.525000 0.271875 0.525000 0.271354 0.525926 0.269792 0.525926 0.269271 0.526852 0.267708 0.526852 0.267188 0.527778 0.265625 0.527778 0.265104 0.528704 0.263542 0.528704 0.263021 0.529630 0.261458 0.529630 0.260937 0.530556 0.259375 0.530556 0.258854 0.531481 0.258333 0.530556 0.257812 0.530556 0.256771 0.528704 0.256250 0.528704 0.242708 0.504630 0.242708 0.503704 0.231771 0.484259 0.231250 0.484259 0.230729 0.485185 0.228646 0.485185 0.227604 0.487037 0.227604 0.490741 0.228125 0.491667 0.228125 0.492593 0.240625 0.514815 0.240625 0.515741 0.264583 0.558333 0.265104 0.558333 0.265625 0.559259 0.267708 0.559259 0.268229 0.558333 0.269271 0.558333 0.269792 0.557407 0.270313 0.557407 0.270833 0.556481 0.270833 0.555556 0.305729 0.493519 0.306250 0.493519 0.309375 0.487963 0.310417 0.487963 0.310937 0.487037 0.313021 0.487037 0.313542 0.486111 0.314063 0.486111 0.313542 0.485185 0.313542 0.482407
0 0.265365 0.491667 0.092188 0.077778 0.307812 0.452778 0.307292 0.453704 0.303125 0.453704 0.302604 0.454630 0.298438 0.454630 0.297917 0.455556 0.295312 0.455556 0.293229 0.459259 0.292708 0.459259 0.274479 0.491667 0.273958 0.491667 0.271354 0.496296 0.270313 0.496296 0.269792 0.497222 0.267188 0.497222 0.266667 0.498148 0.264583 0.498148 0.264062 0.499074 0.261979 0.499074 0.261458 0.500000 0.259375 0.500000 0.258854 0.500926 0.256771 0.500926 0.255729 0.499074 0.255208 0.499074 0.229687 0.453704 0.225521 0.453704 0.225000 0.454630 0.220833 0.454630 0.220312 0.455556 0.219792 0.455556 0.219792 0.456481 0.219271 0.457407 0.219271 0.460185 0.220312 0.462037 0.220312 0.462963 0.243229 0.503704 0.243229 0.504630 0.256250 0.527778 0.256771 0.527778 0.257812 0.529630 0.258333 0.529630 0.258854 0.530556 0.259375 0.529630 0.260937 0.529630 0.261458 0.528704 0.263021 0.528704 0.263542 0.527778 0.265104 0.527778 0.265625 0.526852 0.267188 0.526852 0.267708 0.525926 0.269271 0.525926 0.269792 0.525000 0.271354 0.525000 0.271875 0.524074 0.273438 0.524074 0.273958 0.523148 0.275521 0.523148 0.276042 0.522222 0.277083 0.522222 0.277604 0.521296 0.276562 0.519444 0.276562 0.518519 0.276042 0.517593 0.276042 0.516667 0.276562 0.515741 0.276562 0.514815 0.278125 0.512037 0.278125 0.511111 0.288021 0.493519 0.288542 0.493519 0.311458 0.452778
0 0.261458 0.462500 0.086458 0.075000 0.302604 0.425000 0.302083 0.425926 0.293229 0.425926 0.282813 0.444444 0.282292 0.444444 0.270313 0.465741 0.269792 0.465741 0.268229 0.468519 0.267708 0.468519 0.267188 0.469444 0.263542 0.469444 0.263021 0.470370 0.259375 0.470370 0.258854 0.471296 0.255208 0.471296 0.254688 0.472222 0.251042 0.472222 0.250521 0.473148 0.250000 0.472222 0.248958 0.472222 0.236979 0.450926 0.236458 0.450926 0.222396 0.425926 0.219271 0.425926 0.218229 0.427778 0.218229 0.430556 0.218750 0.431481 0.218750 0.432407 0.221354 0.437037 0.221354 0.437963 0.255208 0.498148 0.255729 0.498148 0.256771 0.500000 0.258854 0.500000 0.259375 0.499074 0.261458 0.499074 0.261979 0.498148 0.264062 0.498148 0.264583 0.497222 0.266667 0.497222 0.267188 0.496296 0.269792 0.496296 0.270313 0.495370 0.271354 0.495370 0.273958 0.490741 0.274479 0.490741 0.277604 0.485185 0.277083 0.485185 0.275521 0.482407 0.275521 0.480556 0.275000 0.479630 0.275521 0.478704 0.275521 0.477778 0.277083 0.475000 0.277083 0.474074 0.304688 0.425000
0 0.255469 0.434259 0.090104 0.075926 0.286979 0.396296 0.286458 0.397222 0.285938 0.397222 0.284896 0.399074 0.284375 0.399074 0.279687 0.407407 0.276042 0.400926 0.274479 0.400926 0.273958 0.400000 0.255729 0.400000 0.255208 0.399074 0.236979 0.399074 0.236458 0.398148 0.218750 0.398148 0.218229 0.397222 0.211979 0.397222 0.210417 0.400000 0.210417 0.401852 0.210938 0.402778 0.210938 0.403704 0.211979 0.405556 0.211979 0.406481 0.236458 0.450000 0.236979 0.450000 0.248958 0.471296 0.250000 0.471296 0.250521 0.472222 0.251042 0.471296 0.254688 0.471296 0.255208 0.470370 0.258854 0.470370 0.259375 0.469444 0.263021 0.469444 0.263542 0.468519 0.267188 0.468519 0.267708 0.467593 0.268229 0.467593 0.269792 0.464815 0.270313 0.464815 0.280208 0.447222 0.278646 0.447222 0.276562 0.443519 0.276562 0.440741 0.277083 0.439815 0.277083 0.438889 0.300521 0.397222 0.288021 0.397222 0.287500 0.396296
0 0.360417 0.401852 0.085417 0.074074 0.318750 0.364815 0.317708 0.366667 0.317708 0.370370 0.319792 0.374074 0.319792 0.375000 0.355208 0.437963 0.355729 0.437963 0.356250 0.438889 0.359896 0.438889 0.360417 0.437963 0.361979 0.437963 0.394792 0.379630 0.395313 0.379630 0.397917 0.375000 0.398438 0.375000 0.398958 0.374074 0.401042 0.374074 0.401562 0.375000 0.403125 0.375000 0.400521 0.370370 0.400521 0.369444 0.399479 0.367593 0.399479 0.366667 0.397917 0.366667 0.397396 0.365741 0.395313 0.365741 0.394792 0.364815 0.392708 0.364815 0.380729 0.386111 0.380208 0.386111 0.374479 0.396296 0.373958 0.396296 0.361979 0.375000 0.361458 0.375000 0.360938 0.374074 0.357812 0.374074 0.357292 0.373148 0.354167 0.373148 0.353646 0.372222 0.350000 0.372222 0.349479 0.371296 0.346354 0.371296 0.345833 0.370370 0.342187 0.370370 0.341667 0.369444 0.338542 0.369444 0.338021 0.368519 0.334896 0.368519 0.334375 0.367593 0.330729 0.367593 0.330208 0.366667 0.327083 0.366667 0.326562 0.365741 0.322917 0.365741 0.322396 0.364815
0 0.441146 0.399537 0.082292 0.075000 0.401562 0.362037 0.401042 0.362963 0.400521 0.362963 0.400521 0.363889 0.400000 0.364815 0.400000 0.367593 0.401042 0.369444 0.401042 0.370370 0.419271 0.402778 0.419271 0.403704 0.436458 0.434259 0.436979 0.434259 0.438021 0.436111 0.438542 0.436111 0.439063 0.437037 0.440104 0.437037 0.440625 0.436111 0.443229 0.436111 0.443750 0.435185 0.444271 0.435185 0.444271 0.434259 0.469792 0.388889 0.470313 0.388889 0.481771 0.368519 0.482292 0.368519 0.481250 0.366667 0.480729 0.366667 0.479687 0.364815 0.479167 0.364815 0.478125 0.362963 0.477604 0.362963 0.477083 0.362037 0.476042 0.362037 0.475521 0.362963 0.475000 0.362963 0.459375 0.390741 0.458854 0.390741 0.452083 0.402778 0.451562 0.402778 0.448437 0.408333 0.447917 0.408333 0.439063 0.392593 0.438542 0.392593 0.435937 0.387963 0.435937 0.387037 0.429688 0.375926 0.429167 0.375926 0.427604 0.373148 0.427083 0.373148 0.426563 0.372222 0.425000 0.372222 0.424479 0.371296 0.422917 0.371296 0.422396 0.370370 0.420833 0.370370 0.420312 0.369444 0.418750 0.369444 0.418229 0.368519 0.416667 0.368519 0.416146 0.367593 0.414062 0.367593 0.413542 0.366667 0.411979 0.366667 0.411458 0.365741 0.409896 0.365741 0.409375 0.364815 0.407813 0.364815 0.407292 0.363889 0.405729 0.363889 0.405208 0.362963 0.403646 0.362963 0.403125 0.362037
0 0.531771 0.405093 0.081250 0.076852 0.492708 0.366667 0.492188 0.367593 0.491667 0.367593 0.491146 0.368519 0.491146 0.373148 0.492188 0.375000 0.492188 0.375926 0.517708 0.421296 0.517708 0.422222 0.528125 0.440741 0.528646 0.440741 0.530208 0.443519 0.531771 0.443519 0.532292 0.442593 0.532813 0.442593 0.535937 0.437037 0.536458 0.437037 0.571875 0.374074 0.571875 0.373148 0.572396 0.372222 0.572396 0.371296 0.571875 0.370370 0.571875 0.369444 0.570312 0.366667 0.569271 0.366667 0.568750 0.367593 0.568229 0.367593 0.567708 0.368519 0.567187 0.368519 0.566667 0.369444 0.565625 0.369444 0.565104 0.370370 0.564583 0.370370 0.564063 0.371296 0.563542 0.371296 0.563021 0.372222 0.562500 0.372222 0.561979 0.373148 0.561458 0.373148 0.560937 0.374074 0.560417 0.374074 0.559896 0.375000 0.559375 0.375000 0.558854 0.375926 0.558333 0.375926 0.548438 0.393519 0.547917 0.393519 0.539583 0.408333 0.539062 0.408333 0.535937 0.413889 0.535417 0.413889 0.533854 0.416667 0.533333 0.416667 0.532292 0.418519 0.531771 0.418519 0.531250 0.419444 0.530729 0.419444 0.530208 0.420370 0.527604 0.420370 0.527083 0.419444 0.526042 0.419444 0.525000 0.417593 0.524479 0.417593 0.523438 0.415741 0.522917 0.415741 0.519792 0.410185 0.519271 0.410185 0.496354 0.369444 0.495833 0.369444 0.494792 0.367593 0.494271 0.367593 0.493750 0.366667
0 0.626042 0.406481 0.084375 0.075926 0.665625 0.368519 0.665104 0.369444 0.661979 0.369444 0.661458 0.370370 0.658854 0.370370 0.658333 0.371296 0.655208 0.371296 0.654687 0.372222 0.651563 0.372222 0.651042 0.373148 0.647917 0.373148 0.647396 0.374074 0.644792 0.374074 0.644271 0.375000 0.641146 0.375000 0.640625 0.375926 0.637500 0.375926 0.636979 0.376852 0.635417 0.376852 0.634375 0.378704 0.633854 0.378704 0.620313 0.402778 0.619792 0.402778 0.615625 0.410185 0.615104 0.410185 0.593229 0.371296 0.592708 0.371296 0.591667 0.369444 0.588542 0.369444 0.588021 0.370370 0.586979 0.370370 0.586458 0.371296 0.585417 0.371296 0.584896 0.372222 0.583854 0.372222 0.610417 0.419444 0.610417 0.420370 0.619271 0.436111 0.619271 0.437037 0.620313 0.438889 0.620313 0.441667 0.620833 0.442593 0.622917 0.442593 0.623437 0.443519 0.625521 0.443519 0.626042 0.444444 0.628125 0.444444 0.628646 0.443519 0.629167 0.443519 0.630729 0.440741 0.631250 0.440741 0.651042 0.405556 0.651563 0.405556 0.667708 0.376852 0.667708 0.375926 0.668229 0.375000 0.668229 0.372222 0.667708 0.371296 0.667708 0.370370 0.667188 0.369444 0.666667 0.369444 0.666146 0.368519
0 0.354948 0.554167 0.081771 0.082407 0.315625 0.512963 0.315104 0.513889 0.314583 0.513889 0.314063 0.514815 0.314063 0.519444 0.314583 0.520370 0.314583 0.521296 0.315104 0.522222 0.315104 0.523148 0.316146 0.525000 0.316146 0.525926 0.317188 0.527778 0.317188 0.528704 0.317708 0.529630 0.317708 0.530556 0.318750 0.532407 0.318750 0.533333 0.319792 0.535185 0.319792 0.536111 0.320833 0.537963 0.320833 0.538889 0.321875 0.540741 0.321875 0.541667 0.322396 0.542593 0.322396 0.543519 0.323437 0.545370 0.323437 0.546296 0.324479 0.548148 0.324479 0.549074 0.325521 0.550926 0.325521 0.551852 0.326562 0.553704 0.326562 0.554630 0.327083 0.555556 0.327083 0.556481 0.328125 0.558333 0.328125 0.559259 0.329167 0.561111 0.329167 0.562037 0.330208 0.563889 0.330208 0.564815 0.331250 0.566667 0.331250 0.567593 0.331771 0.568519 0.331771 0.569444 0.332813 0.571296 0.332813 0.572222 0.333854 0.574074 0.333854 0.575000 0.334896 0.576852 0.334896 0.577778 0.335938 0.579630 0.335938 0.580556 0.336458 0.581481 0.336458 0.582407 0.337500 0.584259 0.337500 0.585185 0.338542 0.587037 0.338542 0.587963 0.339583 0.589815 0.339583 0.590741 0.340625 0.592593 0.340625 0.593519 0.341667 0.595370 0.348438 0.595370 0.348958 0.594444 0.349479 0.594444 0.350000 0.593519 0.350521 0.593519 0.351042 0.592593 0.351562 0.592593 0.352083 0.591667 0.352604 0.591667 0.353125 0.590741 0.353646 0.590741 0.354167 0.589815 0.354687 0.589815 0.355208 0.588889 0.355729 0.588889 0.356250 0.587963 0.356771 0.587963 0.357292 0.587037 0.357812 0.587037 0.358333 0.586111 0.358854 0.586111 0.359896 0.584259 0.360417 0.584259 0.360938 0.583333 0.361458 0.583333 0.361979 0.582407 0.362500 0.582407 0.363021 0.581481 0.363542 0.581481 0.364063 0.580556 0.364583 0.580556 0.365104 0.579630 0.365625 0.579630 0.366146 0.578704 0.366667 0.578704 0.367188 0.577778 0.367708 0.577778 0.368229 0.576852 0.368750 0.576852 0.369792 0.575000 0.370312 0.575000 0.370833 0.574074 0.371354 0.574074 0.371875 0.573148 0.372396 0.573148 0.372917 0.572222 0.373437 0.572222 0.373958 0.571296 0.374479 0.571296 0.375000 0.570370 0.375521 0.570370 0.376042 0.569444 0.376563 0.569444 0.377083 0.568519 0.377604 0.568519 0.378125 0.567593 0.378646 0.567593 0.379167 0.566667 0.379688 0.566667 0.380729 0.564815 0.381250 0.564815 0.381771 0.563889 0.382292 0.563889 0.382812 0.562963 0.383333 0.562963 0.383854 0.562037 0.384375 0.562037 0.384896 0.561111 0.385417 0.561111 0.385937 0.560185 0.386458 0.560185 0.387500 0.558333 0.388021 0.558333 0.389062 0.556481 0.389583 0.556481 0.390104 0.555556 0.390625 0.555556 0.391667 0.553704 0.392188 0.553704 0.393229 0.551852 0.393750 0.551852 0.394792 0.550000 0.395313 0.550000 0.395833 0.549074 0.395833 0.548148 0.390625 0.538889 0.389583 0.538889 0.389062 0.539815 0.388542 0.539815 0.388021 0.540741 0.386979 0.540741 0.386458 0.541667 0.385937 0.541667 0.384896 0.543519 0.384375 0.543519 0.383854 0.544444 0.383333 0.544444 0.382292 0.546296 0.381771 0.546296 0.381250 0.547222 0.380729 0.547222 0.380208 0.548148 0.379688 0.548148 0.379167 0.549074 0.378646 0.549074 0.378125 0.550000 0.377604 0.550000 0.377083 0.550926 0.376563 0.550926 0.376042 0.551852 0.375521 0.551852 0.375000 0.552778 0.374479 0.552778 0.373958 0.553704 0.373437 0.553704 0.372917 0.554630 0.372396 0.554630 0.371875 0.555556 0.371354 0.555556 0.370833 0.556481 0.370312 0.556481 0.369792 0.557407 0.369271 0.557407 0.368750 0.558333 0.368229 0.558333 0.367708 0.559259 0.367188 0.559259 0.366667 0.560185 0.366146 0.560185 0.365625 0.561111 0.365104 0.561111 0.364583 0.562037 0.364063 0.562037 0.363021 0.563889 0.362500 0.563889 0.361979 0.564815 0.359896 0.564815 0.358333 0.562037 0.358333 0.561111 0.357812 0.560185 0.357812 0.559259 0.358333 0.558333 0.358333 0.557407 0.360417 0.553704 0.359896 0.554630 0.359375 0.554630 0.358333 0.556481 0.357812 0.556481 0.357292 0.557407 0.356771 0.557407 0.356250 0.558333 0.355729 0.558333 0.355208 0.559259 0.354687 0.559259 0.354167 0.560185 0.353646 0.560185 0.353125 0.561111 0.352604 0.561111 0.352083 0.562037 0.351562 0.562037 0.351042 0.562963 0.350521 0.562963 0.350000 0.563889 0.349479 0.563889 0.348958 0.564815 0.346875 0.564815 0.346354 0.563889 0.345833 0.563889 0.322917 0.523148 0.322396 0.523148 0.318750 0.516667 0.318229 0.516667 0.316146 0.512963
0 0.434635 0.554167 0.090104 0.093519 0.478125 0.507407 0.477083 0.509259 0.476562 0.509259 0.475000 0.512037 0.474479 0.512037 0.471875 0.516667 0.471354 0.516667 0.459896 0.537037 0.459375 0.537037 0.455208 0.544444 0.454688 0.544444 0.447917 0.556481 0.447396 0.556481 0.446354 0.558333 0.445312 0.558333 0.444792 0.557407 0.444271 0.557407 0.443750 0.556481 0.443750 0.555556 0.435417 0.570370 0.434896 0.570370 0.434375 0.571296 0.433854 0.571296 0.433333 0.570370 0.432812 0.570370 0.432292 0.569444 0.431771 0.569444 0.427083 0.561111 0.427083 0.560185 0.421875 0.550926 0.421875 0.550000 0.415104 0.537963 0.415104 0.537037 0.407292 0.523148 0.406771 0.523148 0.404167 0.518519 0.403646 0.519444 0.403125 0.519444 0.402604 0.520370 0.402083 0.520370 0.401562 0.521296 0.401042 0.521296 0.400521 0.522222 0.400000 0.522222 0.399479 0.523148 0.398958 0.523148 0.398438 0.524074 0.397917 0.524074 0.397396 0.525000 0.396875 0.525000 0.396354 0.525926 0.395833 0.525926 0.395313 0.526852 0.394792 0.526852 0.394271 0.527778 0.393750 0.527778 0.393229 0.528704 0.392708 0.528704 0.392188 0.529630 0.391667 0.529630 0.391146 0.530556 0.390625 0.530556 0.389583 0.532407 0.389583 0.535185 0.390104 0.536111 0.390104 0.537037 0.426042 0.600926 0.433854 0.600926 0.469271 0.537963 0.469271 0.537037 0.470833 0.534259 0.470833 0.533333 0.471875 0.531481 0.471875 0.530556 0.473438 0.527778 0.473438 0.526852 0.474479 0.525000 0.474479 0.524074 0.475521 0.522222 0.475521 0.521296 0.477083 0.518519 0.477083 0.517593 0.478125 0.515741 0.478125 0.514815 0.479167 0.512963 0.479167 0.512037 0.479687 0.511111 0.479687 0.510185
0 0.530208 0.556019 0.079167 0.082407 0.493229 0.514815 0.492708 0.515741 0.492708 0.516667 0.492188 0.517593 0.492188 0.518519 0.491667 0.519444 0.491667 0.521296 0.491146 0.522222 0.491146 0.523148 0.490625 0.524074 0.490625 0.528704 0.491667 0.530556 0.491667 0.531481 0.507292 0.559259 0.507292 0.560185 0.527604 0.596296 0.528125 0.596296 0.528646 0.597222 0.530729 0.597222 0.532292 0.594444 0.532813 0.594444 0.544271 0.574074 0.544792 0.574074 0.560937 0.545370 0.561458 0.545370 0.568750 0.532407 0.568750 0.531481 0.569792 0.529630 0.569792 0.526852 0.569271 0.525926 0.569271 0.525000 0.567708 0.522222 0.567708 0.521296 0.566667 0.519444 0.566146 0.519444 0.561458 0.527778 0.560937 0.527778 0.549479 0.548148 0.548958 0.548148 0.542188 0.560185 0.541667 0.560185 0.541146 0.561111 0.540625 0.561111 0.540104 0.560185 0.539583 0.560185 0.538021 0.557407 0.538021 0.554630 0.537500 0.553704 0.537500 0.550000 0.534896 0.554630 0.534375 0.554630 0.531771 0.559259 0.531250 0.559259 0.530729 0.560185 0.529687 0.560185 0.529167 0.559259 0.528646 0.559259 0.522396 0.548148 0.522396 0.550926 0.522917 0.551852 0.522917 0.554630 0.522396 0.555556 0.522396 0.557407 0.521875 0.558333 0.521354 0.558333 0.520833 0.559259 0.518750 0.559259 0.517708 0.557407 0.517188 0.557407
0 0.620573 0.551852 0.091146 0.092593 0.578125 0.505556 0.577604 0.506481 0.576562 0.506481 0.576042 0.507407 0.575000 0.507407 0.581250 0.518519 0.581250 0.519444 0.586979 0.529630 0.586979 0.530556 0.607812 0.567593 0.607812 0.568519 0.623437 0.596296 0.623958 0.596296 0.625000 0.598148 0.626563 0.598148 0.627083 0.597222 0.627604 0.597222 0.629687 0.593519 0.630208 0.593519 0.644792 0.567593 0.645312 0.567593 0.662500 0.537037 0.663021 0.537037 0.663021 0.536111 0.666146 0.530556 0.666146 0.526852 0.664583 0.524074 0.664062 0.524074 0.663542 0.523148 0.663021 0.523148 0.662500 0.522222 0.661979 0.523148 0.661458 0.523148 0.658854 0.527778 0.658333 0.527778 0.654687 0.534259 0.654167 0.534259 0.647396 0.546296 0.646875 0.546296 0.634375 0.568519 0.633854 0.568519 0.632292 0.571296 0.630729 0.571296 0.628646 0.567593 0.628125 0.567593 0.625000 0.562037 0.624479 0.562037 0.621875 0.557407 0.621354 0.557407 0.618229 0.551852 0.617708 0.551852 0.615104 0.547222 0.616667 0.550000 0.616667 0.550926 0.618229 0.553704 0.618229 0.554630 0.618750 0.555556 0.618750 0.557407 0.618229 0.558333 0.618229 0.559259 0.617708 0.560185 0.617188 0.560185 0.616667 0.561111 0.615104 0.561111 0.614583 0.560185 0.614062 0.560185 0.611979 0.556481 0.611458 0.556481 0.603646 0.542593 0.603125 0.542593 0.602604 0.541667 0.602083 0.541667 0.601562 0.540741 0.601042 0.540741 0.600000 0.538889 0.599479 0.538889 0.597396 0.535185 0.596875 0.535185 0.580729 0.506481 0.579688 0.506481 0.579167 0.505556
0 0.705469 0.557407 0.089063 0.079630 0.666667 0.517593 0.666146 0.518519 0.665625 0.518519 0.665104 0.519444 0.664583 0.519444 0.663542 0.521296 0.663021 0.521296 0.663021 0.522222 0.663542 0.522222 0.664062 0.523148 0.664583 0.523148 0.666667 0.526852 0.666667 0.530556 0.663542 0.536111 0.663542 0.537037 0.663021 0.537963 0.662500 0.537963 0.660937 0.540741 0.660937 0.541667 0.669271 0.556481 0.669792 0.556481 0.670833 0.558333 0.671354 0.558333 0.671875 0.559259 0.672396 0.559259 0.672917 0.560185 0.673438 0.560185 0.674479 0.562037 0.675000 0.562037 0.675521 0.562963 0.676042 0.562963 0.677083 0.564815 0.677604 0.564815 0.678125 0.565741 0.678646 0.565741 0.679167 0.566667 0.679688 0.566667 0.680729 0.568519 0.681250 0.568519 0.681771 0.569444 0.682292 0.569444 0.682813 0.570370 0.683333 0.570370 0.684375 0.572222 0.684896 0.572222 0.685417 0.573148 0.685937 0.573148 0.686979 0.575000 0.687500 0.575000 0.688021 0.575926 0.688542 0.575926 0.689063 0.576852 0.689583 0.576852 0.690625 0.578704 0.691146 0.578704 0.691667 0.579630 0.692187 0.579630 0.693229 0.581481 0.693750 0.581481 0.694271 0.582407 0.694792 0.582407 0.695312 0.583333 0.695833 0.583333 0.696875 0.585185 0.697396 0.585185 0.697917 0.586111 0.698438 0.586111 0.698958 0.587037 0.699479 0.587037 0.700521 0.588889 0.701042 0.588889 0.701562 0.589815 0.702083 0.589815 0.703125 0.591667 0.703646 0.591667 0.704167 0.592593 0.704688 0.592593 0.705208 0.593519 0.705729 0.593519 0.706771 0.595370 0.707292 0.595370 0.707812 0.596296 0.708333 0.596296 0.708854 0.597222 0.710417 0.597222 0.710938 0.596296 0.711458 0.596296 0.714063 0.591667 0.714583 0.591667 0.727604 0.568519 0.728125 0.568519 0.741667 0.544444 0.742188 0.544444 0.749479 0.531481 0.749479 0.530556 0.750000 0.529630 0.750000 0.525926 0.748437 0.523148 0.746875 0.523148 0.736979 0.540741 0.736458 0.540741 0.722917 0.564815 0.722396 0.564815 0.719271 0.570370 0.718750 0.570370 0.718229 0.571296 0.716667 0.571296 0.716146 0.570370 0.715625 0.570370 0.715104 0.569444 0.714063 0.569444 0.713542 0.568519 0.713021 0.568519 0.712500 0.567593 0.711979 0.567593 0.711458 0.566667 0.710938 0.566667 0.710417 0.565741 0.709896 0.565741 0.709375 0.564815 0.708854 0.564815 0.708333 0.563889 0.708854 0.564815 0.708854 0.565741 0.709375 0.566667 0.708854 0.567593 0.708854 0.568519 0.707292 0.571296 0.705208 0.571296 0.704688 0.570370 0.704167 0.570370 0.703646 0.569444 0.703125 0.569444 0.702604 0.568519 0.702083 0.568519 0.701562 0.567593 0.701042 0.567593 0.700521 0.566667 0.700000 0.566667 0.699479 0.565741 0.698958 0.565741 0.696354 0.561111 0.695833 0.561111 0.675000 0.524074 0.674479 0.524074 0.673958 0.523148 0.673438 0.523148 0.672917 0.522222 0.671875 0.522222 0.671354 0.521296 0.670833 0.521296 0.670312 0.520370 0.669792 0.520370 0.669271 0.519444 0.668750 0.519444 0.668229 0.518519 0.667188 0.518519
0 0.317448 0.525463 0.093229 0.076852 0.313542 0.487037 0.313021 0.487963 0.310937 0.487963 0.310417 0.488889 0.309375 0.488889 0.306250 0.494444 0.305729 0.494444 0.271354 0.555556 0.271354 0.556481 0.270833 0.557407 0.270833 0.558333 0.271354 0.559259 0.271354 0.560185 0.272917 0.562963 0.273958 0.562963 0.274479 0.562037 0.275521 0.562037 0.276042 0.561111 0.277083 0.561111 0.277604 0.560185 0.278125 0.560185 0.278646 0.559259 0.279687 0.559259 0.280208 0.558333 0.281250 0.558333 0.281771 0.557407 0.282813 0.557407 0.283333 0.556481 0.284375 0.556481 0.284896 0.555556 0.285938 0.555556 0.286458 0.554630 0.286979 0.554630 0.287500 0.553704 0.288542 0.553704 0.289062 0.552778 0.290104 0.552778 0.290625 0.551852 0.291667 0.551852 0.292187 0.550926 0.293229 0.550926 0.293750 0.550000 0.294271 0.550000 0.294792 0.549074 0.295833 0.549074 0.309375 0.525000 0.309896 0.525000 0.310417 0.524074 0.310937 0.524074 0.311458 0.523148 0.312500 0.523148 0.313021 0.522222 0.314063 0.522222 0.314063 0.520370 0.313542 0.519444 0.313542 0.514815 0.314583 0.512963 0.315104 0.512963 0.315625 0.512037 0.316146 0.512037 0.318229 0.515741 0.318750 0.515741 0.322396 0.522222 0.322917 0.522222 0.345833 0.562963 0.346354 0.562963 0.346875 0.563889 0.348958 0.563889 0.349479 0.562963 0.350000 0.562963 0.350521 0.562037 0.351042 0.562037 0.351562 0.561111 0.352083 0.561111 0.352604 0.560185 0.353125 0.560185 0.353646 0.559259 0.354167 0.559259 0.354687 0.558333 0.355208 0.558333 0.355729 0.557407 0.356250 0.557407 0.356771 0.556481 0.357292 0.556481 0.357812 0.555556 0.358333 0.555556 0.359375 0.553704 0.359896 0.553704 0.360417 0.552778 0.360938 0.552778 0.364063 0.547222 0.363542 0.548148 0.362500 0.548148 0.361979 0.549074 0.361458 0.549074 0.360938 0.550000 0.360417 0.550000 0.359896 0.550926 0.359375 0.550926 0.358854 0.551852 0.358333 0.551852 0.357812 0.552778 0.357292 0.552778 0.356771 0.553704 0.356250 0.553704 0.355729 0.554630 0.355208 0.554630 0.354687 0.555556 0.352083 0.555556 0.327083 0.511111 0.327083 0.510185 0.314583 0.487963 0.314583 0.487037
0 0.405208 0.531019 0.093750 0.078704 0.401562 0.491667 0.401042 0.492593 0.400000 0.492593 0.399479 0.493519 0.398438 0.493519 0.397917 0.494444 0.397396 0.494444 0.395833 0.497222 0.395313 0.497222 0.391146 0.504630 0.390625 0.504630 0.384896 0.514815 0.384375 0.514815 0.379167 0.524074 0.378646 0.524074 0.373437 0.533333 0.372917 0.533333 0.367188 0.543519 0.366667 0.543519 0.358854 0.557407 0.358854 0.558333 0.358333 0.559259 0.358333 0.560185 0.358854 0.561111 0.358854 0.562037 0.359896 0.563889 0.361979 0.563889 0.362500 0.562963 0.363021 0.562963 0.364063 0.561111 0.364583 0.561111 0.365104 0.560185 0.365625 0.560185 0.366146 0.559259 0.366667 0.559259 0.367188 0.558333 0.367708 0.558333 0.368229 0.557407 0.368750 0.557407 0.369271 0.556481 0.369792 0.556481 0.370312 0.555556 0.370833 0.555556 0.371354 0.554630 0.371875 0.554630 0.372396 0.553704 0.372917 0.553704 0.373437 0.552778 0.373958 0.552778 0.374479 0.551852 0.375000 0.551852 0.375521 0.550926 0.376042 0.550926 0.376563 0.550000 0.377083 0.550000 0.377604 0.549074 0.378125 0.549074 0.378646 0.548148 0.379167 0.548148 0.379688 0.547222 0.380208 0.547222 0.380729 0.546296 0.381250 0.546296 0.381771 0.545370 0.382292 0.545370 0.383333 0.543519 0.383854 0.543519 0.384375 0.542593 0.384896 0.542593 0.385937 0.540741 0.386458 0.540741 0.386979 0.539815 0.388021 0.539815 0.388542 0.538889 0.389062 0.538889 0.389583 0.537963 0.390104 0.537963 0.389583 0.537037 0.389583 0.536111 0.389062 0.535185 0.389062 0.532407 0.390625 0.529630 0.391146 0.529630 0.391667 0.528704 0.392188 0.528704 0.392708 0.527778 0.393229 0.527778 0.393750 0.526852 0.394271 0.526852 0.394792 0.525926 0.395313 0.525926 0.395833 0.525000 0.396354 0.525000 0.396875 0.524074 0.397396 0.524074 0.397917 0.523148 0.398438 0.523148 0.398958 0.522222 0.399479 0.522222 0.400000 0.521296 0.400521 0.521296 0.401042 0.520370 0.401562 0.520370 0.402083 0.519444 0.402604 0.519444 0.403125 0.518519 0.403646 0.518519 0.404167 0.517593 0.406771 0.522222 0.407292 0.522222 0.415625 0.537037 0.415625 0.537963 0.422396 0.550000 0.422396 0.550926 0.427604 0.560185 0.427604 0.561111 0.431771 0.568519 0.432292 0.568519 0.432812 0.569444 0.433333 0.569444 0.433854 0.570370 0.434375 0.570370 0.434896 0.569444 0.435417 0.569444 0.443229 0.555556 0.443229 0.554630 0.442708 0.553704 0.442708 0.551852 0.443229 0.550926 0.443229 0.550000 0.452083 0.534259 0.452083 0.533333 0.451562 0.532407 0.451042 0.532407 0.440625 0.550926 0.440104 0.550926 0.439063 0.552778 0.438542 0.552778 0.438021 0.553704 0.437500 0.552778 0.436458 0.552778 0.410938 0.507407 0.410938 0.506481 0.402604 0.491667
0 0.482812 0.515278 0.079167 0.086111 0.488021 0.472222 0.472917 0.499074 0.472396 0.499074 0.443750 0.550000 0.443750 0.550926 0.443229 0.551852 0.443229 0.553704 0.444271 0.555556 0.444271 0.556481 0.444792 0.556481 0.445312 0.557407 0.446354 0.557407 0.447396 0.555556 0.447917 0.555556 0.457292 0.538889 0.457813 0.538889 0.466146 0.524074 0.466667 0.524074 0.471354 0.515741 0.471875 0.515741 0.474479 0.511111 0.475000 0.511111 0.476562 0.508333 0.477083 0.508333 0.478125 0.506481 0.478646 0.506481 0.479687 0.504630 0.480729 0.504630 0.481250 0.503704 0.484896 0.503704 0.485417 0.504630 0.486458 0.504630 0.487500 0.506481 0.488021 0.506481 0.489063 0.508333 0.489583 0.508333 0.492188 0.512963 0.492708 0.512963 0.517188 0.556481 0.517708 0.556481 0.518750 0.558333 0.520833 0.558333 0.521354 0.557407 0.521875 0.557407 0.521875 0.555556 0.522396 0.554630 0.522396 0.551852 0.521875 0.550926 0.521875 0.547222 0.493229 0.496296 0.493229 0.495370 0.490625 0.490741 0.490625 0.489815 0.490104 0.488889 0.490104 0.486111 0.491146 0.484259 0.491146 0.483333 0.492188 0.481481 0.492188 0.480556 0.492708 0.479630 0.492708 0.478704 0.493229 0.477778 0.492188 0.475926 0.491667 0.475926 0.489583 0.472222
0 0.578125 0.516667 0.080208 0.087037 0.570312 0.473148 0.569792 0.474074 0.569271 0.474074 0.566667 0.478704 0.566667 0.479630 0.568750 0.483333 0.569271 0.483333 0.570833 0.486111 0.570833 0.487037 0.571354 0.487963 0.571354 0.489815 0.570312 0.491667 0.570312 0.492593 0.556250 0.517593 0.555729 0.517593 0.538021 0.549074 0.538021 0.553704 0.538542 0.554630 0.538542 0.557407 0.539583 0.559259 0.540104 0.559259 0.540625 0.560185 0.541146 0.560185 0.541667 0.559259 0.542188 0.559259 0.548958 0.547222 0.549479 0.547222 0.560937 0.526852 0.561458 0.526852 0.566146 0.518519 0.566667 0.518519 0.569792 0.512963 0.570312 0.512963 0.571875 0.510185 0.572396 0.510185 0.573438 0.508333 0.573958 0.508333 0.575000 0.506481 0.576042 0.506481 0.576562 0.505556 0.577604 0.505556 0.578125 0.504630 0.579167 0.504630 0.579688 0.505556 0.580729 0.505556 0.581250 0.506481 0.582292 0.506481 0.583333 0.508333 0.583854 0.508333 0.585417 0.511111 0.585938 0.511111 0.602083 0.539815 0.602604 0.539815 0.611458 0.555556 0.611979 0.555556 0.614062 0.559259 0.614583 0.559259 0.615104 0.560185 0.616667 0.560185 0.617188 0.559259 0.617708 0.559259 0.617708 0.558333 0.618229 0.557407 0.618229 0.555556 0.617708 0.554630 0.617708 0.553704 0.616146 0.550926 0.616146 0.550000 0.592187 0.507407 0.592187 0.506481 0.581771 0.487963 0.581250 0.487963 0.579167 0.484259 0.578646 0.484259 0.576562 0.480556 0.576042 0.480556 0.574479 0.477778 0.573958 0.477778 0.571875 0.474074 0.571354 0.474074 0.570833 0.473148
0 0.658073 0.532870 0.101562 0.075000 0.669271 0.495370 0.654167 0.522222 0.653646 0.522222 0.635938 0.553704 0.635417 0.553704 0.630729 0.562037 0.630208 0.562037 0.629167 0.563889 0.628125 0.563889 0.627604 0.562963 0.627083 0.562963 0.625000 0.559259 0.624479 0.559259 0.622396 0.555556 0.621875 0.555556 0.619271 0.550926 0.618750 0.550926 0.616146 0.546296 0.615625 0.546296 0.613542 0.542593 0.613021 0.542593 0.610417 0.537963 0.609896 0.537963 0.607292 0.533333 0.614583 0.546296 0.615104 0.546296 0.617708 0.550926 0.618229 0.550926 0.621354 0.556481 0.621875 0.556481 0.624479 0.561111 0.625000 0.561111 0.628125 0.566667 0.628646 0.566667 0.630729 0.570370 0.632292 0.570370 0.633854 0.567593 0.634375 0.567593 0.646875 0.545370 0.647396 0.545370 0.654167 0.533333 0.654687 0.533333 0.658333 0.526852 0.658854 0.526852 0.661458 0.522222 0.661979 0.522222 0.663021 0.520370 0.663542 0.520370 0.664583 0.518519 0.665104 0.518519 0.665625 0.517593 0.666146 0.517593 0.666667 0.516667 0.667188 0.517593 0.668229 0.517593 0.668750 0.518519 0.669271 0.518519 0.669792 0.519444 0.670312 0.519444 0.670833 0.520370 0.671354 0.520370 0.671875 0.521296 0.672917 0.521296 0.673438 0.522222 0.673958 0.522222 0.674479 0.523148 0.675000 0.523148 0.695833 0.560185 0.696354 0.560185 0.698958 0.564815 0.699479 0.564815 0.700000 0.565741 0.700521 0.565741 0.701042 0.566667 0.701562 0.566667 0.702083 0.567593 0.702604 0.567593 0.703125 0.568519 0.703646 0.568519 0.704167 0.569444 0.704688 0.569444 0.705208 0.570370 0.707292 0.570370 0.708333 0.568519 0.708333 0.567593 0.708854 0.566667 0.708333 0.565741 0.708333 0.564815 0.707812 0.563889 0.707812 0.562963 0.700000 0.549074 0.700000 0.548148 0.670833 0.496296 0.670312 0.496296 0.669792 0.495370
0 0.358333 0.514815 0.088542 0.079630 0.401042 0.475000 0.400521 0.475926 0.398958 0.475926 0.398438 0.476852 0.397396 0.476852 0.396875 0.477778 0.395833 0.477778 0.395313 0.478704 0.393750 0.478704 0.393229 0.479630 0.392188 0.479630 0.391667 0.480556 0.390104 0.480556 0.387500 0.485185 0.386979 0.485185 0.372917 0.510185 0.372396 0.510185 0.366667 0.520370 0.366146 0.520370 0.363542 0.525000 0.362500 0.525000 0.361979 0.525926 0.361458 0.525926 0.360938 0.526852 0.359896 0.526852 0.357812 0.523148 0.357812 0.522222 0.357292 0.521296 0.357292 0.520370 0.356771 0.520370 0.356250 0.521296 0.355729 0.521296 0.355208 0.522222 0.354167 0.522222 0.353646 0.523148 0.352604 0.523148 0.352083 0.524074 0.351562 0.524074 0.351042 0.523148 0.350521 0.523148 0.349479 0.521296 0.348958 0.521296 0.326042 0.480556 0.325521 0.480556 0.323437 0.476852 0.322396 0.476852 0.321875 0.477778 0.319792 0.477778 0.319271 0.478704 0.316667 0.478704 0.316146 0.479630 0.315104 0.479630 0.314063 0.481481 0.314063 0.485185 0.315104 0.487037 0.315104 0.487963 0.327604 0.510185 0.327604 0.511111 0.352083 0.554630 0.354687 0.554630 0.355208 0.553704 0.355729 0.553704 0.356250 0.552778 0.356771 0.552778 0.357292 0.551852 0.357812 0.551852 0.358333 0.550926 0.358854 0.550926 0.359375 0.550000 0.359896 0.550000 0.360417 0.549074 0.360938 0.549074 0.361458 0.548148 0.361979 0.548148 0.362500 0.547222 0.363542 0.547222 0.364063 0.546296 0.364583 0.546296 0.366667 0.542593 0.367188 0.542593 0.372917 0.532407 0.373437 0.532407 0.378646 0.523148 0.379167 0.523148 0.384375 0.513889 0.384896 0.513889 0.390625 0.503704 0.391146 0.503704 0.395313 0.496296 0.395833 0.496296 0.397396 0.493519 0.397917 0.493519 0.398438 0.492593 0.399479 0.492593 0.400000 0.491667 0.401042 0.491667 0.401562 0.490741 0.402083 0.490741 0.398958 0.485185 0.398958 0.484259 0.398438 0.483333 0.398438 0.479630 0.400000 0.476852 0.401042 0.476852 0.401562 0.475926 0.402604 0.475926 0.402083 0.475000
0 0.442708 0.509722 0.087500 0.086111 0.482812 0.466667 0.481771 0.468519 0.481250 0.468519 0.479167 0.472222 0.478646 0.472222 0.476562 0.475926 0.476042 0.475926 0.473958 0.479630 0.473438 0.479630 0.462500 0.499074 0.461979 0.499074 0.457292 0.507407 0.456250 0.507407 0.455729 0.508333 0.455208 0.508333 0.453646 0.511111 0.453125 0.511111 0.451042 0.514815 0.450521 0.514815 0.448437 0.518519 0.447917 0.518519 0.446354 0.521296 0.445833 0.521296 0.445312 0.522222 0.444792 0.522222 0.444271 0.521296 0.443750 0.521296 0.442188 0.518519 0.440625 0.521296 0.440104 0.521296 0.438542 0.524074 0.438021 0.524074 0.436458 0.526852 0.435937 0.526852 0.435417 0.527778 0.433333 0.527778 0.431771 0.525000 0.431250 0.525000 0.423438 0.511111 0.423438 0.510185 0.413542 0.492593 0.413021 0.492593 0.406771 0.481481 0.406250 0.481481 0.403646 0.476852 0.401562 0.476852 0.401042 0.477778 0.400000 0.477778 0.398958 0.479630 0.398958 0.483333 0.399479 0.484259 0.399479 0.485185 0.411458 0.506481 0.411458 0.507407 0.436458 0.551852 0.437500 0.551852 0.438021 0.552778 0.438542 0.551852 0.439063 0.551852 0.440104 0.550000 0.440625 0.550000 0.451042 0.531481 0.451562 0.531481 0.469271 0.500000 0.469792 0.500000 0.486458 0.470370 0.486458 0.468519 0.485938 0.468519 0.485417 0.467593 0.483854 0.467593 0.483333 0.466667
0 0.530729 0.518981 0.080208 0.080556 0.493229 0.478704 0.493229 0.479630 0.492708 0.480556 0.492708 0.481481 0.491667 0.483333 0.491667 0.484259 0.490625 0.486111 0.490625 0.488889 0.491146 0.489815 0.491146 0.490741 0.493750 0.495370 0.493750 0.496296 0.528646 0.558333 0.529167 0.558333 0.529687 0.559259 0.530729 0.559259 0.531250 0.558333 0.531771 0.558333 0.534375 0.553704 0.534896 0.553704 0.555729 0.516667 0.556250 0.516667 0.569792 0.492593 0.569792 0.491667 0.570833 0.489815 0.570833 0.487963 0.570312 0.487037 0.570312 0.486111 0.569271 0.484259 0.568750 0.484259 0.566146 0.479630 0.565625 0.479630 0.560417 0.488889 0.559896 0.488889 0.544792 0.515741 0.544271 0.515741 0.542188 0.519444 0.541667 0.519444 0.541146 0.520370 0.540625 0.520370 0.540104 0.519444 0.539583 0.519444 0.538542 0.517593 0.538542 0.516667 0.538021 0.515741 0.538021 0.513889 0.537500 0.512963 0.537500 0.511111 0.534375 0.516667 0.533854 0.516667 0.531771 0.520370 0.529687 0.520370 0.529167 0.519444 0.528646 0.519444 0.522917 0.509259 0.522917 0.512963 0.523438 0.513889 0.523438 0.518519 0.522917 0.519444 0.522917 0.520370 0.521354 0.523148 0.519792 0.523148 0.519271 0.522222 0.518750 0.522222 0.517708 0.520370 0.517188 0.520370 0.509896 0.507407 0.509896 0.506481 0.498437 0.486111 0.497917 0.486111 0.493750 0.478704
0 0.622135 0.516204 0.095312 0.093519 0.575521 0.469444 0.574479 0.471296 0.574479 0.474074 0.575000 0.475000 0.575000 0.475926 0.581250 0.487037 0.581771 0.487037 0.592708 0.506481 0.592708 0.507407 0.606771 0.532407 0.607292 0.532407 0.609896 0.537037 0.610417 0.537037 0.613021 0.541667 0.613542 0.541667 0.615625 0.545370 0.616146 0.545370 0.618750 0.550000 0.619271 0.550000 0.621875 0.554630 0.622396 0.554630 0.624479 0.558333 0.625000 0.558333 0.627083 0.562037 0.627604 0.562037 0.628125 0.562963 0.629167 0.562963 0.630208 0.561111 0.630729 0.561111 0.635417 0.552778 0.635938 0.552778 0.653646 0.521296 0.654167 0.521296 0.669271 0.494444 0.669271 0.493519 0.669792 0.492593 0.669792 0.489815 0.669271 0.488889 0.669271 0.487963 0.668750 0.487963 0.668229 0.487037 0.667708 0.487037 0.667188 0.486111 0.666146 0.486111 0.665625 0.485185 0.664583 0.485185 0.662500 0.488889 0.661979 0.488889 0.658854 0.494444 0.658333 0.494444 0.652604 0.504630 0.652083 0.504630 0.639583 0.526852 0.639062 0.526852 0.634896 0.534259 0.634375 0.534259 0.633854 0.535185 0.633333 0.534259 0.632812 0.534259 0.632292 0.533333 0.631771 0.533333 0.630729 0.531481 0.630208 0.531481 0.629687 0.530556 0.629167 0.530556 0.628125 0.528704 0.627604 0.528704 0.626563 0.526852 0.626042 0.526852 0.625000 0.525000 0.624479 0.525000 0.623958 0.524074 0.623437 0.524074 0.622396 0.522222 0.621875 0.522222 0.620833 0.520370 0.620313 0.520370 0.619271 0.518519 0.618750 0.518519 0.618229 0.517593 0.617708 0.517593 0.616146 0.520370 0.614062 0.520370 0.613021 0.518519 0.612500 0.518519 0.611458 0.516667 0.610938 0.516667 0.609896 0.514815 0.609375 0.514815 0.608333 0.512963 0.607812 0.513889 0.593229 0.487963 0.592708 0.487963 0.591667 0.486111 0.591146 0.486111 0.590104 0.484259 0.589583 0.484259 0.589063 0.483333 0.588542 0.483333 0.587500 0.481481 0.586979 0.481481 0.585938 0.479630 0.585417 0.479630 0.584375 0.477778 0.583854 0.477778 0.583333 0.476852 0.582812 0.476852 0.581771 0.475000 0.581250 0.475000 0.580208 0.473148 0.579688 0.473148 0.579167 0.472222 0.578646 0.472222 0.577604 0.470370 0.577083 0.470370 0.576562 0.469444
0 0.714063 0.529630 0.088542 0.081481 0.669792 0.488889 0.670312 0.489815 0.670312 0.492593 0.669792 0.493519 0.669792 0.494444 0.670312 0.495370 0.670833 0.495370 0.700521 0.548148 0.700521 0.549074 0.708854 0.563889 0.709375 0.563889 0.709896 0.564815 0.710417 0.564815 0.710938 0.565741 0.711458 0.565741 0.711979 0.566667 0.712500 0.566667 0.713021 0.567593 0.713542 0.567593 0.714063 0.568519 0.715104 0.568519 0.715625 0.569444 0.716146 0.569444 0.716667 0.570370 0.718229 0.570370 0.718750 0.569444 0.719271 0.569444 0.722396 0.563889 0.722917 0.563889 0.736458 0.539815 0.736979 0.539815 0.750521 0.515741 0.751042 0.515741 0.757292 0.504630 0.757292 0.503704 0.758333 0.501852 0.758333 0.498148 0.756771 0.495370 0.755208 0.495370 0.754687 0.494444 0.752604 0.494444 0.752083 0.493519 0.750521 0.493519 0.750000 0.492593 0.749479 0.492593 0.745313 0.500000 0.744792 0.500000 0.730208 0.525926 0.729688 0.525926 0.722396 0.538889 0.721875 0.538889 0.721354 0.539815 0.718750 0.539815 0.718229 0.538889 0.717708 0.538889 0.717187 0.537963 0.716146 0.537963 0.715625 0.537037 0.714583 0.537037 0.714063 0.536111 0.713542 0.536111 0.713021 0.535185 0.711979 0.535185 0.711458 0.534259 0.710938 0.534259 0.710417 0.535185 0.709375 0.535185 0.708854 0.534259 0.708333 0.534259 0.707812 0.533333 0.706771 0.533333 0.706250 0.532407 0.705208 0.532407 0.704688 0.531481 0.704167 0.531481 0.703646 0.530556 0.702604 0.530556 0.702083 0.529630 0.701562 0.529630 0.701042 0.528704 0.700521 0.528704 0.682292 0.496296 0.681771 0.496296 0.681250 0.495370 0.680208 0.495370 0.679688 0.494444 0.678646 0.494444 0.678125 0.493519 0.677083 0.493519 0.676562 0.492593 0.675521 0.492593 0.675000 0.491667 0.673958 0.491667 0.673438 0.490741 0.672396 0.490741 0.671875 0.489815 0.670312 0.489815
0 0.318750 0.485648 0.084375 0.075000 0.317188 0.448148 0.316667 0.449074 0.314583 0.449074 0.314063 0.450000 0.313542 0.450000 0.288542 0.494444 0.288021 0.494444 0.278646 0.511111 0.278646 0.512037 0.277083 0.514815 0.277083 0.515741 0.276562 0.516667 0.276562 0.517593 0.277083 0.518519 0.277083 0.519444 0.278125 0.521296 0.278646 0.521296 0.279167 0.522222 0.279687 0.521296 0.281250 0.521296 0.288542 0.508333 0.289062 0.508333 0.301563 0.486111 0.302083 0.486111 0.302604 0.485185 0.304167 0.485185 0.304688 0.484259 0.306771 0.484259 0.307292 0.483333 0.309375 0.483333 0.309896 0.482407 0.312500 0.482407 0.313021 0.481481 0.313542 0.481481 0.315104 0.478704 0.316146 0.478704 0.316667 0.477778 0.319271 0.477778 0.319792 0.476852 0.321875 0.476852 0.322396 0.475926 0.323437 0.475926 0.325521 0.479630 0.326042 0.479630 0.348958 0.520370 0.349479 0.520370 0.350521 0.522222 0.351042 0.522222 0.351562 0.523148 0.352083 0.523148 0.352604 0.522222 0.353646 0.522222 0.354167 0.521296 0.355208 0.521296 0.355729 0.520370 0.356250 0.520370 0.356771 0.519444 0.357812 0.519444 0.357812 0.518519 0.360938 0.512963 0.360417 0.513889 0.359375 0.513889 0.358854 0.514815 0.357812 0.514815 0.357292 0.515741 0.355208 0.515741 0.354167 0.513889 0.353646 0.513889 0.343750 0.496296 0.343750 0.495370 0.320312 0.453704 0.320312 0.452778 0.317708 0.448148
0 0.403125 0.488889 0.090625 0.075926 0.398958 0.450926 0.398438 0.451852 0.396875 0.451852 0.396354 0.452778 0.395833 0.452778 0.386458 0.469444 0.385937 0.469444 0.358333 0.518519 0.358333 0.519444 0.357812 0.520370 0.357812 0.521296 0.358333 0.522222 0.358333 0.523148 0.359896 0.525926 0.360938 0.525926 0.361458 0.525000 0.361979 0.525000 0.362500 0.524074 0.363542 0.524074 0.366146 0.519444 0.366667 0.519444 0.372396 0.509259 0.372917 0.509259 0.386979 0.484259 0.387500 0.484259 0.390104 0.479630 0.391667 0.479630 0.392188 0.478704 0.393229 0.478704 0.393750 0.477778 0.395313 0.477778 0.395833 0.476852 0.396875 0.476852 0.397396 0.475926 0.398438 0.475926 0.398958 0.475000 0.400521 0.475000 0.401042 0.474074 0.402083 0.474074 0.403125 0.475926 0.403646 0.475926 0.406250 0.480556 0.406771 0.480556 0.413021 0.491667 0.413542 0.491667 0.423958 0.510185 0.423958 0.511111 0.431250 0.524074 0.431771 0.524074 0.433333 0.526852 0.435417 0.526852 0.435937 0.525926 0.436458 0.525926 0.438021 0.523148 0.438542 0.523148 0.440104 0.520370 0.440625 0.520370 0.442188 0.517593 0.442188 0.514815 0.442708 0.513889 0.442708 0.512963 0.448437 0.502778 0.446875 0.505556 0.446354 0.505556 0.445312 0.507407 0.444792 0.507407 0.443750 0.509259 0.443229 0.509259 0.441667 0.512037 0.441146 0.512037 0.440104 0.513889 0.439583 0.513889 0.439063 0.514815 0.438021 0.514815 0.437500 0.513889 0.436979 0.513889 0.418229 0.480556 0.418229 0.479630 0.402083 0.450926
0 0.482812 0.480556 0.080208 0.083333 0.490625 0.438889 0.490104 0.439815 0.489583 0.439815 0.489063 0.440741 0.488542 0.440741 0.488021 0.441667 0.487500 0.441667 0.486979 0.442593 0.486458 0.442593 0.485938 0.443519 0.485417 0.443519 0.484896 0.444444 0.484375 0.444444 0.483854 0.445370 0.482812 0.445370 0.481771 0.447222 0.481250 0.447222 0.478646 0.451852 0.478125 0.451852 0.456771 0.489815 0.456250 0.489815 0.443229 0.512963 0.443229 0.513889 0.442708 0.514815 0.442708 0.518519 0.443750 0.520370 0.444271 0.520370 0.444792 0.521296 0.445312 0.521296 0.445833 0.520370 0.446354 0.520370 0.447917 0.517593 0.448437 0.517593 0.450521 0.513889 0.451042 0.513889 0.453125 0.510185 0.453646 0.510185 0.456250 0.505556 0.456771 0.505556 0.458854 0.501852 0.459375 0.501852 0.461979 0.497222 0.462500 0.497222 0.473958 0.476852 0.474479 0.476852 0.479687 0.467593 0.480208 0.467593 0.480729 0.466667 0.482292 0.466667 0.482812 0.465741 0.483333 0.465741 0.483854 0.466667 0.485417 0.466667 0.485938 0.467593 0.486458 0.467593 0.486979 0.468519 0.487500 0.468519 0.489063 0.471296 0.489583 0.471296 0.491667 0.475000 0.492188 0.475000 0.497917 0.485185 0.498437 0.485185 0.510417 0.506481 0.510417 0.507407 0.517188 0.519444 0.517708 0.519444 0.518750 0.521296 0.519271 0.521296 0.519792 0.522222 0.521354 0.522222 0.522396 0.520370 0.522396 0.519444 0.522917 0.518519 0.522917 0.513889 0.522396 0.512963 0.522396 0.508333 0.497917 0.464815 0.497917 0.463889 0.491146 0.451852 0.491146 0.450926 0.490625 0.450000 0.490625 0.447222 0.491146 0.446296 0.491146 0.445370 0.491667 0.444444 0.492188 0.444444 0.493229 0.442593 0.493750 0.442593 0.492188 0.439815 0.491667 0.439815 0.491146 0.438889
0 0.577604 0.479167 0.079167 0.080556 0.569271 0.438889 0.567187 0.442593 0.567708 0.443519 0.568750 0.443519 0.571354 0.448148 0.571354 0.450926 0.570312 0.452778 0.570312 0.453704 0.559375 0.473148 0.558854 0.473148 0.538021 0.510185 0.538021 0.512963 0.538542 0.513889 0.538542 0.515741 0.539062 0.516667 0.539062 0.517593 0.539583 0.518519 0.540104 0.518519 0.540625 0.519444 0.541146 0.519444 0.541667 0.518519 0.542188 0.518519 0.544271 0.514815 0.544792 0.514815 0.559896 0.487963 0.560417 0.487963 0.565625 0.478704 0.566146 0.478704 0.569271 0.473148 0.569792 0.473148 0.571354 0.470370 0.571875 0.470370 0.573438 0.467593 0.573958 0.467593 0.574479 0.466667 0.575000 0.466667 0.575521 0.465741 0.576042 0.465741 0.576562 0.464815 0.582812 0.475926 0.583333 0.475926 0.583854 0.476852 0.584375 0.476852 0.585417 0.478704 0.585938 0.478704 0.586979 0.480556 0.587500 0.480556 0.588542 0.482407 0.589063 0.482407 0.589583 0.483333 0.590104 0.483333 0.591146 0.485185 0.591667 0.485185 0.592708 0.487037 0.593229 0.487037 0.606250 0.510185 0.606771 0.510185 0.607812 0.512037 0.608333 0.512037 0.609375 0.513889 0.609896 0.513889 0.610938 0.515741 0.611458 0.515741 0.612500 0.517593 0.613021 0.517593 0.614062 0.519444 0.616146 0.519444 0.617188 0.517593 0.617188 0.513889 0.616667 0.512963 0.616667 0.512037 0.604167 0.489815 0.604167 0.488889 0.580208 0.446296 0.579688 0.446296 0.579167 0.445370 0.578646 0.445370 0.578125 0.444444 0.577083 0.444444 0.576562 0.443519 0.575521 0.443519 0.575000 0.442593 0.574479 0.442593 0.573958 0.441667 0.572917 0.441667 0.572396 0.440741 0.571354 0.440741 0.570833 0.439815 0.569792 0.439815
0 0.664844 0.495370 0.095312 0.077778 0.668229 0.456481 0.647396 0.493519 0.646875 0.493519 0.631771 0.520370 0.631250 0.520370 0.629687 0.523148 0.629167 0.523148 0.628646 0.524074 0.628125 0.524074 0.627604 0.523148 0.627083 0.523148 0.626563 0.522222 0.626042 0.522222 0.625521 0.521296 0.625000 0.521296 0.623958 0.519444 0.623437 0.519444 0.622396 0.517593 0.621875 0.517593 0.621354 0.516667 0.620833 0.516667 0.619792 0.514815 0.619271 0.514815 0.618750 0.513889 0.618229 0.513889 0.617188 0.512037 0.617188 0.512963 0.617708 0.513889 0.617708 0.516667 0.618229 0.516667 0.618750 0.517593 0.619271 0.517593 0.620313 0.519444 0.620833 0.519444 0.621875 0.521296 0.622396 0.521296 0.623437 0.523148 0.623958 0.523148 0.624479 0.524074 0.625000 0.524074 0.626042 0.525926 0.626563 0.525926 0.627604 0.527778 0.628125 0.527778 0.629167 0.529630 0.629687 0.529630 0.630208 0.530556 0.630729 0.530556 0.631771 0.532407 0.632292 0.532407 0.632812 0.533333 0.633333 0.533333 0.633854 0.534259 0.634375 0.533333 0.634896 0.533333 0.639062 0.525926 0.639583 0.525926 0.652083 0.503704 0.652604 0.503704 0.658333 0.493519 0.658854 0.493519 0.661979 0.487963 0.662500 0.487963 0.664583 0.484259 0.665625 0.484259 0.666146 0.485185 0.667188 0.485185 0.667708 0.486111 0.668229 0.486111 0.668750 0.487037 0.669271 0.487037 0.670312 0.488889 0.671875 0.488889 0.672396 0.489815 0.673438 0.489815 0.673958 0.490741 0.675000 0.490741 0.675521 0.491667 0.676562 0.491667 0.677083 0.492593 0.678125 0.492593 0.678646 0.493519 0.679688 0.493519 0.680208 0.494444 0.681250 0.494444 0.681771 0.495370 0.682292 0.495370 0.700521 0.527778 0.701042 0.527778 0.701562 0.528704 0.702083 0.528704 0.702604 0.529630 0.703646 0.529630 0.704167 0.530556 0.704688 0.530556 0.705208 0.531481 0.706250 0.531481 0.706771 0.532407 0.707812 0.532407 0.708333 0.533333 0.708854 0.533333 0.709375 0.534259 0.710417 0.534259 0.710938 0.533333 0.711458 0.533333 0.711979 0.532407 0.711979 0.531481 0.712500 0.530556 0.712500 0.529630 0.711979 0.528704 0.711979 0.527778 0.711458 0.526852 0.711458 0.525926 0.699479 0.504630 0.699479 0.503704 0.673958 0.458333 0.673438 0.458333 0.672917 0.457407 0.670833 0.457407 0.670312 0.456481
0 0.359375 0.477315 0.084375 0.075000 0.321875 0.439815 0.321354 0.440741 0.318229 0.440741 0.317708 0.441667 0.317708 0.442593 0.317188 0.443519 0.317188 0.445370 0.317708 0.446296 0.317708 0.447222 0.320833 0.452778 0.320833 0.453704 0.344271 0.495370 0.344271 0.496296 0.353646 0.512963 0.354167 0.512963 0.355208 0.514815 0.357292 0.514815 0.357812 0.513889 0.358854 0.513889 0.359375 0.512963 0.360417 0.512963 0.360938 0.512037 0.361458 0.512037 0.385937 0.468519 0.386458 0.468519 0.395833 0.451852 0.396354 0.451852 0.396875 0.450926 0.398438 0.450926 0.398958 0.450000 0.401562 0.450000 0.401042 0.449074 0.401042 0.448148 0.399479 0.445370 0.399479 0.444444 0.398958 0.443519 0.398958 0.441667 0.400000 0.439815 0.398958 0.439815 0.398438 0.440741 0.394792 0.440741 0.394271 0.441667 0.392188 0.441667 0.388021 0.449074 0.387500 0.449074 0.372917 0.475000 0.372396 0.475000 0.367708 0.483333 0.367188 0.483333 0.365625 0.486111 0.365104 0.486111 0.364583 0.487037 0.363021 0.487037 0.362500 0.487963 0.360938 0.487963 0.360417 0.488889 0.359896 0.487963 0.359375 0.487963 0.357812 0.485185 0.357812 0.484259 0.357292 0.483333 0.356771 0.484259 0.355208 0.484259 0.354687 0.485185 0.353125 0.485185 0.352604 0.486111 0.350521 0.486111 0.350000 0.485185 0.349479 0.485185 0.330208 0.450926 0.329688 0.450926 0.323958 0.440741 0.323437 0.440741 0.322917 0.439815
0 0.443229 0.474074 0.087500 0.079630 0.484375 0.434259 0.483854 0.435185 0.482812 0.435185 0.482292 0.436111 0.481250 0.436111 0.480729 0.437037 0.479687 0.437037 0.479167 0.437963 0.478125 0.437963 0.477604 0.438889 0.476562 0.438889 0.476042 0.439815 0.475521 0.439815 0.475000 0.440741 0.474479 0.440741 0.470313 0.448148 0.469792 0.448148 0.456771 0.471296 0.456250 0.471296 0.453125 0.476852 0.452604 0.476852 0.452083 0.477778 0.451562 0.477778 0.451042 0.478704 0.450521 0.478704 0.450000 0.479630 0.449479 0.479630 0.448958 0.480556 0.448437 0.480556 0.447917 0.481481 0.447396 0.481481 0.446875 0.482407 0.446354 0.482407 0.445833 0.483333 0.445312 0.483333 0.444792 0.482407 0.443229 0.482407 0.442708 0.483333 0.442188 0.483333 0.441667 0.484259 0.441146 0.484259 0.440625 0.485185 0.440104 0.485185 0.439583 0.486111 0.439063 0.486111 0.438542 0.487037 0.438021 0.487037 0.437500 0.487963 0.436979 0.487963 0.436458 0.488889 0.435417 0.488889 0.434896 0.489815 0.434375 0.489815 0.433854 0.488889 0.433333 0.488889 0.432292 0.487037 0.431771 0.487037 0.419792 0.465741 0.419792 0.464815 0.417187 0.460185 0.416667 0.460185 0.407292 0.443519 0.406771 0.443519 0.404687 0.439815 0.404167 0.439815 0.403646 0.438889 0.401042 0.438889 0.399479 0.441667 0.399479 0.443519 0.400000 0.444444 0.400000 0.445370 0.401562 0.448148 0.401562 0.449074 0.418750 0.479630 0.418750 0.480556 0.436979 0.512963 0.437500 0.512963 0.438021 0.513889 0.439063 0.513889 0.439583 0.512963 0.440104 0.512963 0.441146 0.511111 0.441667 0.511111 0.443229 0.508333 0.443750 0.508333 0.444792 0.506481 0.445312 0.506481 0.446354 0.504630 0.446875 0.504630 0.448437 0.501852 0.448958 0.501852 0.456250 0.488889 0.456771 0.488889 0.478125 0.450926 0.478646 0.450926 0.481250 0.446296 0.481771 0.446296 0.482812 0.444444 0.483854 0.444444 0.484375 0.443519 0.484896 0.443519 0.486458 0.440741 0.486458 0.439815 0.486979 0.438889 0.486979 0.436111 0.485938 0.434259
0 0.530990 0.480556 0.079687 0.077778 0.494792 0.441667 0.493750 0.443519 0.493229 0.443519 0.492188 0.445370 0.491667 0.445370 0.491667 0.446296 0.491146 0.447222 0.491146 0.450000 0.491667 0.450926 0.491667 0.451852 0.498437 0.463889 0.498437 0.464815 0.528646 0.518519 0.529167 0.518519 0.529687 0.519444 0.531771 0.519444 0.533854 0.515741 0.534375 0.515741 0.558854 0.472222 0.559375 0.472222 0.569792 0.453704 0.569792 0.452778 0.570833 0.450926 0.570833 0.448148 0.568750 0.444444 0.567708 0.444444 0.567187 0.443519 0.566146 0.443519 0.559896 0.454630 0.559375 0.454630 0.544271 0.481481 0.543750 0.481481 0.542188 0.484259 0.541146 0.484259 0.538542 0.479630 0.538542 0.478704 0.538021 0.477778 0.538021 0.475926 0.537500 0.475000 0.537500 0.474074 0.536979 0.474074 0.532813 0.481481 0.532292 0.481481 0.531771 0.482407 0.529687 0.482407 0.529167 0.481481 0.527083 0.481481 0.526563 0.480556 0.525521 0.480556 0.524479 0.478704 0.523958 0.478704 0.523438 0.477778 0.523438 0.480556 0.521875 0.483333 0.519792 0.483333 0.519271 0.482407 0.518750 0.482407 0.498437 0.446296 0.497917 0.446296 0.495312 0.441667
0 0.621875 0.481019 0.094792 0.084259 0.575000 0.438889 0.574479 0.439815 0.574479 0.441667 0.575000 0.441667 0.575521 0.442593 0.576562 0.442593 0.577083 0.443519 0.578125 0.443519 0.578646 0.444444 0.579167 0.444444 0.579688 0.445370 0.580208 0.445370 0.604688 0.488889 0.604688 0.489815 0.616667 0.511111 0.617188 0.511111 0.618229 0.512963 0.618750 0.512963 0.619271 0.513889 0.619792 0.513889 0.620833 0.515741 0.621354 0.515741 0.621875 0.516667 0.622396 0.516667 0.623437 0.518519 0.623958 0.518519 0.625000 0.520370 0.625521 0.520370 0.626042 0.521296 0.626563 0.521296 0.627083 0.522222 0.627604 0.522222 0.628125 0.523148 0.628646 0.523148 0.629167 0.522222 0.629687 0.522222 0.631250 0.519444 0.631771 0.519444 0.646875 0.492593 0.647396 0.492593 0.669271 0.453704 0.669271 0.450000 0.668750 0.449074 0.668750 0.448148 0.668229 0.448148 0.667708 0.447222 0.667188 0.447222 0.666667 0.446296 0.663021 0.446296 0.662500 0.447222 0.661979 0.447222 0.659375 0.451852 0.658854 0.451852 0.654167 0.460185 0.653646 0.460185 0.644271 0.476852 0.643750 0.476852 0.634375 0.493519 0.633854 0.493519 0.633333 0.494444 0.631771 0.494444 0.631250 0.493519 0.630729 0.493519 0.630208 0.492593 0.629687 0.492593 0.629167 0.491667 0.628125 0.491667 0.627604 0.490741 0.627083 0.490741 0.626563 0.489815 0.626042 0.489815 0.625521 0.488889 0.624479 0.488889 0.623958 0.487963 0.623437 0.487963 0.622917 0.487037 0.622396 0.487037 0.621875 0.486111 0.621354 0.486111 0.620833 0.485185 0.619792 0.485185 0.619271 0.484259 0.616667 0.484259 0.616146 0.483333 0.615625 0.483333 0.615104 0.482407 0.614583 0.482407 0.614062 0.481481 0.613542 0.481481 0.613021 0.480556 0.611979 0.480556 0.611458 0.479630 0.610938 0.479630 0.594271 0.450000 0.593750 0.450000 0.592187 0.447222 0.591146 0.447222 0.590625 0.446296 0.589583 0.446296 0.589063 0.445370 0.588021 0.445370 0.587500 0.444444 0.586458 0.444444 0.585938 0.443519 0.584896 0.443519 0.584375 0.442593 0.582812 0.442593 0.582292 0.441667 0.581250 0.441667 0.580729 0.440741 0.579688 0.440741 0.579167 0.439815 0.578125 0.439815 0.577604 0.438889
0 0.718750 0.500463 0.084375 0.076852 0.676562 0.462037 0.700000 0.503704 0.700000 0.504630 0.711979 0.525926 0.711979 0.526852 0.712500 0.527778 0.712500 0.528704 0.713021 0.529630 0.713021 0.530556 0.712500 0.531481 0.712500 0.532407 0.711979 0.533333 0.711979 0.534259 0.713021 0.534259 0.713542 0.535185 0.714063 0.535185 0.714583 0.536111 0.715625 0.536111 0.716146 0.537037 0.717187 0.537037 0.717708 0.537963 0.718229 0.537963 0.718750 0.538889 0.721354 0.538889 0.721875 0.537963 0.722396 0.537963 0.729688 0.525000 0.730208 0.525000 0.744792 0.499074 0.745313 0.499074 0.760417 0.472222 0.760417 0.471296 0.760938 0.470370 0.760938 0.468519 0.758854 0.464815 0.756250 0.464815 0.747396 0.480556 0.746875 0.480556 0.732292 0.506481 0.731771 0.506481 0.729167 0.511111 0.728646 0.511111 0.728125 0.512037 0.725521 0.512037 0.725000 0.511111 0.723958 0.511111 0.723437 0.510185 0.721875 0.510185 0.721354 0.509259 0.720313 0.509259 0.719792 0.508333 0.718229 0.508333 0.717708 0.507407 0.716667 0.507407 0.716146 0.506481 0.714583 0.506481 0.714063 0.505556 0.713021 0.505556 0.712500 0.504630 0.710938 0.504630 0.710417 0.503704 0.709375 0.503704 0.708854 0.502778 0.707292 0.502778 0.706771 0.501852 0.706250 0.501852 0.705208 0.500000 0.704688 0.500000 0.691146 0.475926 0.691146 0.475000 0.688542 0.470370 0.688021 0.470370 0.685417 0.465741 0.684896 0.465741 0.684375 0.464815 0.682292 0.464815 0.681771 0.463889 0.679688 0.463889 0.679167 0.462963 0.677083 0.462963
0 0.317448 0.448148 0.083854 0.074074 0.314063 0.411111 0.313542 0.412037 0.313021 0.412037 0.308333 0.420370 0.307812 0.420370 0.277604 0.474074 0.277604 0.475000 0.276042 0.477778 0.276042 0.478704 0.275521 0.479630 0.276042 0.480556 0.276042 0.482407 0.277083 0.484259 0.278125 0.484259 0.292708 0.458333 0.293229 0.458333 0.295312 0.454630 0.297917 0.454630 0.298438 0.453704 0.302604 0.453704 0.303125 0.452778 0.307292 0.452778 0.307812 0.451852 0.311979 0.451852 0.313542 0.449074 0.314063 0.449074 0.314583 0.448148 0.316667 0.448148 0.317188 0.447222 0.317188 0.446296 0.316667 0.445370 0.316667 0.443519 0.317188 0.442593 0.317188 0.441667 0.318229 0.439815 0.321354 0.439815 0.321875 0.438889 0.322917 0.438889 0.323437 0.439815 0.323958 0.439815 0.329688 0.450000 0.330208 0.450000 0.349479 0.484259 0.350000 0.484259 0.350521 0.485185 0.352604 0.485185 0.353125 0.484259 0.354687 0.484259 0.355208 0.483333 0.356771 0.483333 0.357812 0.481481 0.357812 0.480556 0.359375 0.477778 0.359375 0.476852 0.358854 0.476852 0.358333 0.477778 0.356250 0.477778 0.355729 0.478704 0.353646 0.478704 0.353125 0.479630 0.352604 0.478704 0.352083 0.478704 0.351562 0.477778 0.351042 0.477778 0.334375 0.448148 0.334375 0.447222
0 0.401042 0.450926 0.086458 0.075926 0.397396 0.412963 0.396875 0.413889 0.396354 0.413889 0.394792 0.416667 0.394271 0.416667 0.367188 0.464815 0.366667 0.464815 0.359896 0.476852 0.359896 0.477778 0.358333 0.480556 0.358333 0.481481 0.357812 0.482407 0.357812 0.483333 0.358333 0.484259 0.358333 0.485185 0.359375 0.487037 0.359896 0.487037 0.360417 0.487963 0.360938 0.487037 0.362500 0.487037 0.363021 0.486111 0.364583 0.486111 0.365104 0.485185 0.365625 0.485185 0.367188 0.482407 0.367708 0.482407 0.372396 0.474074 0.372917 0.474074 0.387500 0.448148 0.388021 0.448148 0.392188 0.440741 0.394271 0.440741 0.394792 0.439815 0.398438 0.439815 0.398958 0.438889 0.400521 0.438889 0.401042 0.437963 0.403646 0.437963 0.404167 0.438889 0.404687 0.438889 0.406771 0.442593 0.407292 0.442593 0.416667 0.459259 0.417187 0.459259 0.420312 0.464815 0.420312 0.465741 0.431771 0.486111 0.432292 0.486111 0.433333 0.487963 0.433854 0.487963 0.434375 0.488889 0.434896 0.488889 0.435417 0.487963 0.436458 0.487963 0.436979 0.487037 0.437500 0.487037 0.438021 0.486111 0.438542 0.486111 0.439063 0.485185 0.439583 0.485185 0.440104 0.484259 0.440625 0.484259 0.441146 0.483333 0.441667 0.483333 0.442188 0.482407 0.442708 0.482407 0.443229 0.481481 0.443750 0.481481 0.443229 0.480556 0.443229 0.479630 0.442708 0.478704 0.442708 0.475926 0.443750 0.474074 0.443750 0.473148 0.444271 0.472222 0.443750 0.473148 0.442708 0.473148 0.442188 0.474074 0.441667 0.474074 0.441146 0.475000 0.440625 0.475000 0.440104 0.475926 0.438542 0.475926 0.437500 0.474074 0.436979 0.474074 0.417708 0.439815 0.417708 0.438889 0.403125 0.412963
0 0.483073 0.444444 0.079687 0.075926 0.483333 0.406481 0.482812 0.407407 0.482292 0.407407 0.481771 0.408333 0.481250 0.408333 0.462500 0.441667 0.461979 0.441667 0.444271 0.473148 0.444271 0.474074 0.443229 0.475926 0.443229 0.478704 0.443750 0.479630 0.443750 0.480556 0.444271 0.481481 0.444792 0.481481 0.445312 0.482407 0.445833 0.482407 0.446354 0.481481 0.446875 0.481481 0.447396 0.480556 0.447917 0.480556 0.448437 0.479630 0.448958 0.479630 0.449479 0.478704 0.450000 0.478704 0.450521 0.477778 0.451042 0.477778 0.451562 0.476852 0.452083 0.476852 0.452604 0.475926 0.453125 0.475926 0.456250 0.470370 0.456771 0.470370 0.469792 0.447222 0.470313 0.447222 0.474479 0.439815 0.475000 0.439815 0.475521 0.438889 0.476042 0.438889 0.476562 0.437963 0.477604 0.437963 0.478125 0.437037 0.479167 0.437037 0.479687 0.436111 0.480729 0.436111 0.483854 0.430556 0.484375 0.430556 0.485938 0.427778 0.486458 0.428704 0.486979 0.428704 0.487500 0.429630 0.488021 0.429630 0.489583 0.432407 0.490104 0.432407 0.492188 0.436111 0.492708 0.436111 0.497917 0.445370 0.498437 0.445370 0.518750 0.481481 0.519271 0.481481 0.519792 0.482407 0.521875 0.482407 0.522917 0.480556 0.522917 0.471296 0.521875 0.469444 0.521875 0.468519 0.492708 0.416667 0.492708 0.415741 0.490625 0.412037 0.490625 0.408333 0.489583 0.408333 0.489063 0.407407 0.483854 0.407407
0 0.578646 0.445370 0.082292 0.075926 0.570833 0.407407 0.571875 0.409259 0.571875 0.412037 0.571354 0.412963 0.571354 0.413889 0.547917 0.455556 0.547396 0.455556 0.537500 0.473148 0.538021 0.474074 0.538021 0.475000 0.538542 0.475926 0.538542 0.477778 0.539062 0.478704 0.539062 0.479630 0.541146 0.483333 0.542188 0.483333 0.543750 0.480556 0.544271 0.480556 0.559375 0.453704 0.559896 0.453704 0.566146 0.442593 0.566667 0.442593 0.569792 0.437037 0.570312 0.437037 0.572396 0.433333 0.572917 0.433333 0.574479 0.430556 0.575000 0.430556 0.577083 0.434259 0.577604 0.434259 0.581250 0.440741 0.582292 0.440741 0.582812 0.441667 0.584375 0.441667 0.584896 0.442593 0.585938 0.442593 0.586458 0.443519 0.587500 0.443519 0.588021 0.444444 0.589063 0.444444 0.589583 0.445370 0.590625 0.445370 0.591146 0.446296 0.592187 0.446296 0.593750 0.449074 0.594271 0.449074 0.610938 0.478704 0.611458 0.478704 0.611979 0.479630 0.613021 0.479630 0.613542 0.480556 0.614062 0.480556 0.614583 0.481481 0.615104 0.481481 0.615625 0.482407 0.616146 0.482407 0.616667 0.483333 0.618229 0.483333 0.619792 0.480556 0.619792 0.477778 0.619271 0.476852 0.619271 0.475926 0.611458 0.462037 0.611458 0.461111 0.581250 0.407407
0 0.664583 0.455556 0.091667 0.075926 0.667188 0.417593 0.654167 0.440741 0.653646 0.440741 0.633333 0.476852 0.632812 0.476852 0.629167 0.483333 0.628646 0.483333 0.628125 0.484259 0.627083 0.484259 0.626563 0.483333 0.625521 0.483333 0.625000 0.482407 0.624479 0.482407 0.623958 0.481481 0.622917 0.481481 0.622396 0.480556 0.621875 0.480556 0.621354 0.479630 0.620313 0.479630 0.620313 0.480556 0.618750 0.483333 0.619271 0.483333 0.619792 0.484259 0.620833 0.484259 0.621354 0.485185 0.621875 0.485185 0.622396 0.486111 0.622917 0.486111 0.623437 0.487037 0.623958 0.487037 0.624479 0.487963 0.625521 0.487963 0.626042 0.488889 0.626563 0.488889 0.627083 0.489815 0.627604 0.489815 0.628125 0.490741 0.629167 0.490741 0.629687 0.491667 0.630208 0.491667 0.630729 0.492593 0.631250 0.492593 0.631771 0.493519 0.633333 0.493519 0.633854 0.492593 0.634375 0.492593 0.643750 0.475926 0.644271 0.475926 0.653646 0.459259 0.654167 0.459259 0.658854 0.450926 0.659375 0.450926 0.661979 0.446296 0.662500 0.446296 0.663021 0.445370 0.666667 0.445370 0.667188 0.446296 0.667708 0.446296 0.668229 0.447222 0.668750 0.447222 0.669271 0.448148 0.669271 0.449074 0.669792 0.450000 0.669792 0.453704 0.668750 0.455556 0.670312 0.455556 0.670833 0.456481 0.672917 0.456481 0.673438 0.457407 0.673958 0.457407 0.676042 0.461111 0.676562 0.461111 0.677083 0.462037 0.679167 0.462037 0.679688 0.462963 0.681771 0.462963 0.682292 0.463889 0.684375 0.463889 0.684896 0.464815 0.685417 0.464815 0.688021 0.469444 0.688542 0.469444 0.691667 0.475000 0.691667 0.475926 0.699479 0.489815 0.700000 0.489815 0.700521 0.490741 0.702083 0.490741 0.702604 0.491667 0.704167 0.491667 0.704688 0.492593 0.706250 0.492593 0.706771 0.493519 0.709375 0.493519 0.710417 0.491667 0.710417 0.487963 0.709375 0.486111 0.709375 0.485185 0.696875 0.462963 0.696875 0.462037 0.672396 0.418519 0.670312 0.418519 0.669792 0.417593
0 0.358073 0.440741 0.089063 0.075926 0.314583 0.402778 0.313542 0.404630 0.313542 0.408333 0.314583 0.410185 0.314583 0.411111 0.334896 0.447222 0.334896 0.448148 0.351042 0.476852 0.351562 0.476852 0.352083 0.477778 0.352604 0.477778 0.353125 0.478704 0.353646 0.477778 0.355729 0.477778 0.356250 0.476852 0.358333 0.476852 0.358854 0.475926 0.359896 0.475926 0.366667 0.463889 0.367188 0.463889 0.394271 0.415741 0.394792 0.415741 0.396354 0.412963 0.396875 0.412963 0.397396 0.412037 0.402604 0.412037 0.400521 0.408333 0.400521 0.407407 0.400000 0.406481 0.400000 0.405556 0.399479 0.404630 0.400000 0.403704 0.395313 0.403704 0.394792 0.402778 0.390104 0.402778 0.388021 0.406481 0.387500 0.406481 0.369792 0.437963 0.369271 0.437963 0.364583 0.446296 0.364063 0.446296 0.362500 0.449074 0.361458 0.449074 0.360417 0.447222 0.360417 0.446296 0.357812 0.446296 0.357292 0.447222 0.353646 0.447222 0.353125 0.448148 0.352083 0.448148 0.351562 0.447222 0.351042 0.447222 0.350521 0.446296 0.350000 0.446296 0.329688 0.410185 0.329167 0.410185 0.325000 0.402778
0 0.443750 0.437963 0.087500 0.074074 0.401562 0.400926 0.400521 0.402778 0.400521 0.403704 0.400000 0.404630 0.400521 0.405556 0.400521 0.406481 0.401042 0.407407 0.401042 0.408333 0.418229 0.438889 0.418229 0.439815 0.436979 0.473148 0.437500 0.473148 0.438542 0.475000 0.440104 0.475000 0.440625 0.474074 0.441146 0.474074 0.441667 0.473148 0.442188 0.473148 0.442708 0.472222 0.443750 0.472222 0.444271 0.471296 0.444792 0.471296 0.461979 0.440741 0.462500 0.440741 0.481250 0.407407 0.481771 0.407407 0.482292 0.406481 0.482812 0.406481 0.483333 0.405556 0.483854 0.406481 0.487500 0.406481 0.486979 0.405556 0.486979 0.404630 0.486458 0.403704 0.485938 0.403704 0.485417 0.402778 0.482292 0.402778 0.481771 0.401852 0.479167 0.401852 0.478646 0.400926 0.475521 0.400926 0.471875 0.407407 0.471354 0.407407 0.455208 0.436111 0.454688 0.436111 0.450000 0.444444 0.448958 0.444444 0.448437 0.445370 0.446875 0.445370 0.446354 0.446296 0.444792 0.446296 0.444271 0.447222 0.442708 0.447222 0.442188 0.448148 0.440104 0.448148 0.439583 0.449074 0.438021 0.449074 0.437500 0.450000 0.435417 0.450000 0.434896 0.449074 0.434375 0.449074 0.415625 0.415741 0.415104 0.415741 0.408854 0.404630 0.408333 0.404630 0.406250 0.400926
0 0.531250 0.443981 0.080208 0.075000 0.492188 0.406481 0.491146 0.408333 0.491146 0.412037 0.493229 0.415741 0.493229 0.416667 0.522396 0.468519 0.522396 0.469444 0.526563 0.476852 0.527083 0.476852 0.529687 0.481481 0.531771 0.481481 0.532292 0.480556 0.532813 0.480556 0.547396 0.454630 0.547917 0.454630 0.570833 0.413889 0.570833 0.412963 0.571354 0.412037 0.571354 0.409259 0.569792 0.406481 0.565104 0.406481 0.559375 0.416667 0.558854 0.416667 0.543750 0.443519 0.543229 0.443519 0.542708 0.444444 0.542188 0.444444 0.541667 0.445370 0.541146 0.444444 0.540625 0.444444 0.538542 0.440741 0.538021 0.440741 0.536979 0.442593 0.536458 0.442593 0.534375 0.446296 0.533854 0.446296 0.532292 0.449074 0.531771 0.449074 0.531250 0.450000 0.530729 0.450000 0.530208 0.450926 0.527083 0.450926 0.526563 0.450000 0.526042 0.450000 0.525521 0.449074 0.525000 0.449074 0.524479 0.448148 0.523958 0.448148 0.521875 0.444444 0.519792 0.444444 0.518750 0.442593 0.518229 0.442593 0.497917 0.406481
0 0.625000 0.445370 0.086458 0.075926 0.581771 0.407407 0.611979 0.461111 0.611979 0.462037 0.619792 0.475926 0.619792 0.476852 0.620313 0.477778 0.620313 0.478704 0.621354 0.478704 0.621875 0.479630 0.622396 0.479630 0.622917 0.480556 0.623958 0.480556 0.624479 0.481481 0.625000 0.481481 0.625521 0.482407 0.626563 0.482407 0.627083 0.483333 0.628125 0.483333 0.628646 0.482407 0.629167 0.482407 0.632812 0.475926 0.633333 0.475926 0.653646 0.439815 0.654167 0.439815 0.667708 0.415741 0.667708 0.414815 0.668229 0.413889 0.668229 0.410185 0.667188 0.408333 0.666667 0.408333 0.666146 0.407407 0.661458 0.407407 0.659375 0.411111 0.658854 0.411111 0.654687 0.418519 0.654167 0.418519 0.646354 0.432407 0.645833 0.432407 0.633854 0.453704 0.633333 0.453704 0.632292 0.455556 0.630729 0.455556 0.630208 0.454630 0.628646 0.454630 0.628125 0.453704 0.626563 0.453704 0.626042 0.452778 0.624479 0.452778 0.623958 0.451852 0.622396 0.451852 0.621875 0.450926 0.620313 0.450926 0.619792 0.450000 0.617708 0.450000 0.617188 0.449074 0.615625 0.449074 0.615104 0.448148 0.614583 0.448148 0.592708 0.409259 0.592187 0.409259 0.591667 0.408333 0.591146 0.408333 0.590625 0.407407
0 0.725260 0.470833 0.085938 0.080556 0.715104 0.430556 0.714063 0.432407 0.713542 0.432407 0.707292 0.443519 0.707292 0.445370 0.708854 0.448148 0.708854 0.449074 0.709375 0.450000 0.709375 0.451852 0.707292 0.455556 0.704688 0.455556 0.704167 0.454630 0.702083 0.454630 0.692708 0.437963 0.692187 0.437963 0.691667 0.437037 0.690625 0.437037 0.690104 0.436111 0.685417 0.436111 0.684896 0.435185 0.682292 0.435185 0.697396 0.462037 0.697396 0.462963 0.709896 0.485185 0.709896 0.486111 0.710938 0.487963 0.710938 0.491667 0.709375 0.494444 0.706771 0.494444 0.706250 0.493519 0.704688 0.493519 0.704167 0.492593 0.702604 0.492593 0.702083 0.491667 0.700521 0.491667 0.700000 0.490741 0.704688 0.499074 0.705208 0.499074 0.706250 0.500926 0.706771 0.500926 0.707292 0.501852 0.708854 0.501852 0.709375 0.502778 0.710417 0.502778 0.710938 0.503704 0.712500 0.503704 0.713021 0.504630 0.714063 0.504630 0.714583 0.505556 0.716146 0.505556 0.716667 0.506481 0.717708 0.506481 0.718229 0.507407 0.719792 0.507407 0.720313 0.508333 0.721354 0.508333 0.721875 0.509259 0.723437 0.509259 0.723958 0.510185 0.725000 0.510185 0.725521 0.511111 0.728125 0.511111 0.728646 0.510185 0.729167 0.510185 0.731771 0.505556 0.732292 0.505556 0.746875 0.479630 0.747396 0.479630 0.762500 0.452778 0.763021 0.452778 0.766146 0.447222 0.766146 0.446296 0.767708 0.443519 0.767708 0.442593 0.768229 0.441667 0.768229 0.440741 0.767708 0.439815 0.767708 0.438889 0.766667 0.437037 0.765625 0.437037 0.765104 0.436111 0.757812 0.436111 0.757292 0.435185 0.750000 0.435185 0.749479 0.434259 0.742188 0.434259 0.741667 0.433333 0.734375 0.433333 0.733854 0.432407 0.726562 0.432407 0.726042 0.431481 0.719271 0.431481 0.718750 0.430556
0 0.319271 0.410185 0.084375 0.074074 0.315104 0.373148 0.314583 0.374074 0.314063 0.374074 0.277604 0.438889 0.277604 0.439815 0.277083 0.440741 0.277083 0.443519 0.278646 0.446296 0.280729 0.446296 0.282292 0.443519 0.282813 0.443519 0.293229 0.425000 0.302083 0.425000 0.302604 0.424074 0.305208 0.424074 0.307812 0.419444 0.308333 0.419444 0.313021 0.411111 0.313542 0.411111 0.314063 0.410185 0.313021 0.408333 0.313021 0.404630 0.314583 0.401852 0.325000 0.401852 0.329167 0.409259 0.329688 0.409259 0.350000 0.445370 0.350521 0.445370 0.351042 0.446296 0.351562 0.446296 0.352083 0.447222 0.353125 0.447222 0.353646 0.446296 0.357292 0.446296 0.357812 0.445370 0.359896 0.445370 0.359896 0.442593 0.360938 0.440741 0.360938 0.439815 0.361458 0.438889 0.360417 0.438889 0.359896 0.439815 0.356250 0.439815 0.355729 0.438889 0.355208 0.438889 0.319271 0.375000 0.319271 0.374074 0.318750 0.374074 0.318229 0.373148
0 0.405469 0.412037 0.090104 0.074074 0.398958 0.375000 0.398438 0.375926 0.397917 0.375926 0.395313 0.380556 0.394792 0.380556 0.361458 0.439815 0.361458 0.440741 0.360417 0.442593 0.360417 0.445370 0.360938 0.446296 0.360938 0.447222 0.361458 0.448148 0.362500 0.448148 0.364063 0.445370 0.364583 0.445370 0.369271 0.437037 0.369792 0.437037 0.387500 0.405556 0.388021 0.405556 0.390104 0.401852 0.394792 0.401852 0.395313 0.402778 0.400000 0.402778 0.401562 0.400000 0.406250 0.400000 0.408333 0.403704 0.408854 0.403704 0.415104 0.414815 0.415625 0.414815 0.434375 0.448148 0.434896 0.448148 0.435417 0.449074 0.437500 0.449074 0.438021 0.448148 0.439583 0.448148 0.440104 0.447222 0.442188 0.447222 0.442708 0.446296 0.444271 0.446296 0.444792 0.445370 0.446354 0.445370 0.446875 0.444444 0.448437 0.444444 0.448958 0.443519 0.450000 0.443519 0.450521 0.442593 0.450000 0.442593 0.449479 0.443519 0.447917 0.443519 0.447396 0.444444 0.445312 0.444444 0.443229 0.440741 0.443229 0.437037 0.443750 0.436111 0.443229 0.437037 0.440625 0.437037 0.440104 0.437963 0.439063 0.437963 0.438542 0.437037 0.438021 0.437037 0.436979 0.435185 0.436458 0.435185 0.418750 0.403704 0.418750 0.402778 0.403646 0.375926 0.401562 0.375926 0.401042 0.375000
0 0.483333 0.406019 0.079167 0.075000 0.482812 0.368519 0.482292 0.369444 0.481771 0.369444 0.470313 0.389815 0.469792 0.389815 0.444792 0.434259 0.444792 0.435185 0.443750 0.437037 0.443750 0.440741 0.445312 0.443519 0.447396 0.443519 0.447917 0.442593 0.449479 0.442593 0.450000 0.441667 0.451042 0.441667 0.454688 0.435185 0.455208 0.435185 0.471354 0.406481 0.471875 0.406481 0.475521 0.400000 0.478646 0.400000 0.479167 0.400926 0.481771 0.400926 0.482292 0.401852 0.482812 0.401852 0.483854 0.400000 0.484375 0.400000 0.485938 0.397222 0.486458 0.397222 0.487500 0.395370 0.488021 0.395370 0.488542 0.394444 0.489063 0.394444 0.489583 0.393519 0.490104 0.393519 0.491667 0.396296 0.492188 0.396296 0.496354 0.403704 0.496875 0.403704 0.518229 0.441667 0.518750 0.441667 0.519792 0.443519 0.521875 0.443519 0.522917 0.441667 0.522917 0.434259 0.522396 0.433333 0.522396 0.432407 0.521354 0.430556 0.521354 0.429630 0.495312 0.383333 0.495312 0.382407 0.494792 0.382407 0.492188 0.377778 0.491667 0.377778 0.490104 0.375000 0.489583 0.375000 0.488542 0.373148 0.488021 0.373148 0.486979 0.371296 0.486458 0.371296 0.485417 0.369444 0.484896 0.369444 0.484375 0.368519
0 0.578385 0.406481 0.082812 0.075926 0.578646 0.368519 0.578125 0.369444 0.577083 0.369444 0.576562 0.370370 0.576042 0.370370 0.575521 0.371296 0.574479 0.371296 0.573958 0.372222 0.572917 0.372222 0.572396 0.373148 0.572396 0.374074 0.536979 0.437037 0.540625 0.443519 0.541146 0.443519 0.541667 0.444444 0.542188 0.443519 0.542708 0.443519 0.543229 0.442593 0.543750 0.442593 0.558854 0.415741 0.559375 0.415741 0.566146 0.403704 0.566667 0.403704 0.569792 0.398148 0.570312 0.398148 0.571875 0.395370 0.572396 0.396296 0.572917 0.396296 0.575521 0.400926 0.576042 0.400926 0.579167 0.406481 0.590625 0.406481 0.591146 0.407407 0.591667 0.407407 0.592187 0.408333 0.592708 0.408333 0.611979 0.442593 0.614062 0.442593 0.614583 0.443519 0.616667 0.443519 0.617188 0.444444 0.617708 0.444444 0.618229 0.443519 0.618750 0.443519 0.619792 0.441667 0.619792 0.438889 0.618750 0.437037 0.618750 0.436111 0.609896 0.420370 0.609896 0.419444 0.581250 0.368519
0 0.660677 0.417130 0.096354 0.075000 0.667708 0.379630 0.667188 0.380556 0.666146 0.380556 0.651563 0.406481 0.651042 0.406481 0.631250 0.441667 0.630729 0.441667 0.629167 0.444444 0.628646 0.444444 0.628125 0.445370 0.626042 0.445370 0.625521 0.444444 0.623437 0.444444 0.622917 0.443519 0.620833 0.443519 0.620313 0.442593 0.619792 0.442593 0.618750 0.444444 0.618229 0.444444 0.617708 0.445370 0.617188 0.445370 0.616667 0.444444 0.614583 0.444444 0.614062 0.443519 0.612500 0.443519 0.614583 0.447222 0.615104 0.447222 0.615625 0.448148 0.617188 0.448148 0.617708 0.449074 0.619792 0.449074 0.620313 0.450000 0.621875 0.450000 0.622396 0.450926 0.623958 0.450926 0.624479 0.451852 0.626042 0.451852 0.626563 0.452778 0.628125 0.452778 0.628646 0.453704 0.630208 0.453704 0.630729 0.454630 0.632292 0.454630 0.633333 0.452778 0.633854 0.452778 0.645833 0.431481 0.646354 0.431481 0.654167 0.417593 0.654687 0.417593 0.658854 0.410185 0.659375 0.410185 0.661458 0.406481 0.666146 0.406481 0.666667 0.407407 0.667188 0.407407 0.668750 0.410185 0.668750 0.413889 0.668229 0.414815 0.668229 0.415741 0.667708 0.416667 0.669792 0.416667 0.670312 0.417593 0.672396 0.417593 0.681771 0.434259 0.684896 0.434259 0.685417 0.435185 0.690104 0.435185 0.690625 0.436111 0.691667 0.436111 0.692187 0.437037 0.692708 0.437037 0.702083 0.453704 0.704167 0.453704 0.704688 0.454630 0.707292 0.454630 0.708854 0.451852 0.708854 0.450000 0.708333 0.449074 0.708333 0.448148 0.706771 0.445370 0.706771 0.444444 0.688542 0.412037 0.688542 0.411111 0.671354 0.380556 0.670833 0.380556 0.670312 0.379630