0 0.287760 0.556481 0.090104 0.072222 0.248958 0.520370 0.248438 0.521296 0.246354 0.521296 0.245833 0.522222 0.244271 0.522222 0.243750 0.523148 0.243229 0.523148 0.242708 0.524074 0.242708 0.529630 0.244271 0.532407 0.244271 0.533333 0.277604 0.592593 0.284375 0.592593 0.284896 0.591667 0.285417 0.591667 0.285938 0.590741 0.286979 0.590741 0.287500 0.589815 0.288542 0.589815 0.289062 0.588889 0.289583 0.588889 0.290104 0.587963 0.291146 0.587963 0.291667 0.587037 0.292708 0.587037 0.293229 0.586111 0.294271 0.586111 0.294792 0.585185 0.295312 0.585185 0.295833 0.584259 0.296875 0.584259 0.297396 0.583333 0.298438 0.583333 0.298958 0.582407 0.299479 0.582407 0.300000 0.581481 0.301042 0.581481 0.301563 0.580556 0.302604 0.580556 0.303125 0.579630 0.303646 0.579630 0.304167 0.578704 0.305208 0.578704 0.305729 0.577778 0.306771 0.577778 0.307292 0.576852 0.307812 0.576852 0.308333 0.575926 0.309375 0.575926 0.309896 0.575000 0.310937 0.575000 0.311458 0.574074 0.311979 0.574074 0.312500 0.573148 0.313542 0.573148 0.314063 0.572222 0.315104 0.572222 0.315625 0.571296 0.316667 0.571296 0.317188 0.570370 0.317708 0.570370 0.318229 0.569444 0.319271 0.569444 0.319792 0.568519 0.320833 0.568519 0.321354 0.567593 0.321875 0.567593 0.322396 0.566667 0.323437 0.566667 0.323958 0.565741 0.325000 0.565741 0.325521 0.564815 0.326042 0.564815 0.326562 0.563889 0.327604 0.563889 0.328125 0.562963 0.329167 0.562963 0.329688 0.562037 0.330208 0.562037 0.330729 0.561111 0.331771 0.561111 0.332292 0.560185 0.332813 0.560185 0.332813 0.557407 0.331771 0.555556 0.331771 0.554630 0.330729 0.552778 0.330729 0.551852 0.329688 0.550000 0.329688 0.549074 0.329167 0.548148 0.329167 0.547222 0.328125 0.545370 0.328125 0.544444 0.327083 0.542593 0.327083 0.541667 0.326562 0.540741 0.326562 0.539815 0.325521 0.537963 0.325521 0.537037 0.324479 0.535185 0.324479 0.534259 0.323958 0.533333 0.323958 0.532407 0.322917 0.530556 0.322917 0.529630 0.321875 0.527778 0.321875 0.526852 0.320833 0.525000 0.320833 0.524074 0.320312 0.523148 0.320312 0.522222 0.316146 0.522222 0.315625 0.523148 0.315104 0.523148 0.314583 0.524074 0.314063 0.524074 0.299479 0.550000 0.298958 0.550000 0.298438 0.550926 0.297396 0.550926 0.296875 0.551852 0.295312 0.551852 0.294792 0.552778 0.293750 0.552778 0.293229 0.553704 0.291667 0.553704 0.291146 0.554630 0.289583 0.554630 0.289062 0.555556 0.288021 0.555556 0.287500 0.556481 0.285938 0.556481 0.285417 0.557407 0.284375 0.557407 0.283854 0.558333 0.282292 0.558333 0.281771 0.559259 0.280729 0.559259 0.280208 0.560185 0.278125 0.560185 0.276042 0.556481 0.271875 0.556481 0.271354 0.555556 0.270833 0.555556 0.265104 0.545370 0.265104 0.544444 0.251563 0.520370
0 0.276562 0.519444 0.082292 0.074074 0.317188 0.482407 0.316667 0.483333 0.313542 0.483333 0.313021 0.484259 0.309896 0.484259 0.309375 0.485185 0.307292 0.485185 0.295833 0.505556 0.295312 0.505556 0.286458 0.521296 0.284896 0.521296 0.284375 0.522222 0.282292 0.522222 0.281771 0.523148 0.279687 0.523148 0.279167 0.524074 0.277604 0.524074 0.277083 0.525000 0.275000 0.525000 0.274479 0.525926 0.272396 0.525926 0.271875 0.526852 0.269792 0.526852 0.269271 0.527778 0.267188 0.527778 0.266667 0.528704 0.264062 0.528704 0.263542 0.527778 0.263021 0.527778 0.253646 0.511111 0.253646 0.510185 0.240625 0.487037 0.240625 0.486111 0.239063 0.483333 0.238021 0.483333 0.237500 0.484259 0.236458 0.484259 0.235417 0.486111 0.235417 0.488889 0.236458 0.490741 0.236458 0.491667 0.242188 0.501852 0.242188 0.502778 0.254167 0.524074 0.254167 0.525000 0.265625 0.545370 0.265625 0.546296 0.270313 0.554630 0.270833 0.554630 0.271875 0.556481 0.274479 0.556481 0.275000 0.555556 0.276042 0.555556 0.276042 0.553704 0.277604 0.550926 0.277604 0.550000 0.311979 0.488889 0.312500 0.488889 0.313542 0.487037 0.314583 0.487037 0.315104 0.486111 0.317708 0.486111 0.317708 0.485185 0.317188 0.484259
0 0.271875 0.490278 0.089583 0.075000 0.236979 0.452778 0.236458 0.453704 0.229167 0.453704 0.228646 0.454630 0.227604 0.454630 0.227604 0.455556 0.227083 0.456481 0.227083 0.459259 0.227604 0.460185 0.227604 0.461111 0.229687 0.464815 0.229687 0.465741 0.241146 0.486111 0.241146 0.487037 0.254167 0.510185 0.254167 0.511111 0.263021 0.526852 0.263542 0.526852 0.264062 0.527778 0.266667 0.527778 0.267188 0.526852 0.269271 0.526852 0.269792 0.525926 0.271875 0.525926 0.272396 0.525000 0.274479 0.525000 0.275000 0.524074 0.277083 0.524074 0.277604 0.523148 0.279167 0.523148 0.279687 0.522222 0.281771 0.522222 0.282292 0.521296 0.284375 0.521296 0.284896 0.520370 0.284375 0.520370 0.283333 0.518519 0.283333 0.517593 0.282813 0.516667 0.282813 0.513889 0.283854 0.512037 0.283854 0.511111 0.316667 0.452778 0.313021 0.452778 0.312500 0.453704 0.306771 0.453704 0.306250 0.454630 0.300521 0.454630 0.300000 0.455556 0.299479 0.455556 0.296875 0.460185 0.296354 0.460185 0.295312 0.462037 0.295312 0.462963 0.284375 0.482407 0.283854 0.482407 0.276042 0.496296 0.274479 0.496296 0.273958 0.497222 0.270833 0.497222 0.270313 0.498148 0.267708 0.498148 0.267188 0.499074 0.263542 0.499074 0.263021 0.498148 0.262500 0.498148 0.249479 0.475000 0.249479 0.474074 0.237500 0.452778
0 0.268229 0.462037 0.083333 0.072222 0.228125 0.425926 0.227083 0.427778 0.227083 0.428704 0.226562 0.429630 0.227083 0.430556 0.227083 0.431481 0.227604 0.432407 0.227604 0.433333 0.233854 0.444444 0.233854 0.445370 0.250000 0.474074 0.250000 0.475000 0.262500 0.497222 0.263021 0.497222 0.263542 0.498148 0.267188 0.498148 0.267708 0.497222 0.270313 0.497222 0.270833 0.496296 0.273958 0.496296 0.274479 0.495370 0.276042 0.495370 0.282813 0.483333 0.282292 0.482407 0.282292 0.481481 0.281771 0.480556 0.281771 0.476852 0.284896 0.471296 0.284896 0.470370 0.309896 0.425926 0.298958 0.425926 0.298438 0.426852 0.297917 0.426852 0.274479 0.468519 0.273438 0.468519 0.272917 0.469444 0.268229 0.469444 0.267708 0.470370 0.263021 0.470370 0.262500 0.471296 0.257812 0.471296 0.257292 0.472222 0.256771 0.472222 0.256250 0.471296 0.255729 0.471296 0.230208 0.425926
0 0.262500 0.434259 0.086458 0.074074 0.291667 0.397222 0.291146 0.398148 0.290625 0.398148 0.289062 0.400926 0.275000 0.400926 0.274479 0.400000 0.252083 0.400000 0.251563 0.399074 0.229687 0.399074 0.229167 0.398148 0.220312 0.398148 0.219271 0.400000 0.219271 0.403704 0.219792 0.404630 0.219792 0.405556 0.226562 0.417593 0.226562 0.418519 0.255729 0.470370 0.256250 0.470370 0.256771 0.471296 0.257292 0.471296 0.257812 0.470370 0.262500 0.470370 0.263021 0.469444 0.267708 0.469444 0.268229 0.468519 0.272917 0.468519 0.273438 0.467593 0.274479 0.467593 0.285938 0.447222 0.285417 0.447222 0.283333 0.443519 0.283333 0.439815 0.284896 0.437037 0.284896 0.436111 0.303125 0.403704 0.303125 0.402778 0.305729 0.398148 0.296354 0.398148 0.295833 0.397222
0 0.363802 0.402315 0.082812 0.073148 0.323958 0.365741 0.323437 0.366667 0.322917 0.366667 0.322396 0.367593 0.322396 0.371296 0.322917 0.372222 0.322917 0.373148 0.331250 0.387963 0.331250 0.388889 0.350000 0.422222 0.350000 0.423148 0.357812 0.437037 0.358333 0.437037 0.359375 0.438889 0.365104 0.438889 0.386979 0.400000 0.386979 0.399074 0.398438 0.378704 0.398958 0.378704 0.401042 0.375000 0.404687 0.375000 0.405208 0.375926 0.402604 0.371296 0.402604 0.370370 0.401562 0.368519 0.401562 0.366667 0.398438 0.366667 0.397917 0.365741 0.395313 0.365741 0.393229 0.369444 0.392708 0.369444 0.388542 0.376852 0.388542 0.377778 0.383854 0.386111 0.383333 0.386111 0.377604 0.375926 0.377083 0.375926 0.376563 0.375000 0.372396 0.375000 0.371875 0.374074 0.367188 0.374074 0.366667 0.373148 0.362500 0.373148 0.361979 0.372222 0.357292 0.372222 0.356771 0.371296 0.352083 0.371296 0.351562 0.370370 0.346875 0.370370 0.346354 0.369444 0.341667 0.369444 0.341146 0.368519 0.336979 0.368519 0.336458 0.367593 0.331771 0.367593 0.331250 0.366667 0.326562 0.366667 0.326042 0.365741
0 0.446094 0.400000 0.088021 0.074074 0.403646 0.362963 0.403125 0.363889 0.402604 0.363889 0.402604 0.364815 0.402083 0.365741 0.402083 0.368519 0.403125 0.370370 0.403125 0.371296 0.413542 0.389815 0.413542 0.390741 0.439063 0.436111 0.439583 0.436111 0.440104 0.437037 0.443229 0.437037 0.443750 0.436111 0.444271 0.436111 0.481771 0.369444 0.482292 0.369444 0.482812 0.368519 0.483333 0.368519 0.483854 0.367593 0.484375 0.368519 0.485938 0.368519 0.486458 0.369444 0.488021 0.369444 0.488542 0.370370 0.489583 0.370370 0.489583 0.369444 0.490104 0.368519 0.489063 0.368519 0.488542 0.367593 0.486979 0.367593 0.486458 0.366667 0.484896 0.366667 0.484375 0.365741 0.482812 0.365741 0.482292 0.364815 0.481250 0.364815 0.480729 0.363889 0.479167 0.363889 0.478646 0.362963 0.476562 0.362963 0.475521 0.364815 0.475000 0.364815 0.456250 0.398148 0.455729 0.398148 0.442188 0.374074 0.441667 0.374074 0.441146 0.373148 0.439063 0.373148 0.438542 0.372222 0.435937 0.372222 0.435417 0.371296 0.432292 0.371296 0.431771 0.370370 0.429167 0.370370 0.428646 0.369444 0.425521 0.369444 0.425000 0.368519 0.422396 0.368519 0.421875 0.367593 0.419271 0.367593 0.418750 0.366667 0.415625 0.366667 0.415104 0.365741 0.412500 0.365741 0.411979 0.364815 0.408854 0.364815 0.408333 0.363889 0.405729 0.363889 0.405208 0.362963
0 0.531510 0.405093 0.082812 0.076852 0.568229 0.366667 0.567708 0.367593 0.567187 0.367593 0.558854 0.382407 0.558333 0.382407 0.545833 0.404630 0.545312 0.404630 0.541146 0.412037 0.540625 0.412037 0.538021 0.416667 0.537500 0.416667 0.536979 0.417593 0.536458 0.417593 0.534896 0.414815 0.534375 0.414815 0.529687 0.406481 0.529167 0.406481 0.512500 0.376852 0.511979 0.376852 0.511458 0.375926 0.509896 0.375926 0.509375 0.375000 0.507812 0.375000 0.507292 0.374074 0.505729 0.374074 0.505208 0.373148 0.504167 0.373148 0.503646 0.372222 0.502083 0.372222 0.501563 0.371296 0.500000 0.371296 0.499479 0.370370 0.497917 0.370370 0.497396 0.369444 0.495833 0.369444 0.495312 0.368519 0.494271 0.368519 0.493750 0.367593 0.491146 0.367593 0.490104 0.369444 0.490104 0.373148 0.490625 0.374074 0.490625 0.375000 0.500000 0.391667 0.500000 0.392593 0.528125 0.442593 0.528646 0.442593 0.529167 0.443519 0.531250 0.443519 0.531771 0.442593 0.532813 0.442593 0.533333 0.441667 0.533854 0.441667 0.534375 0.440741 0.535417 0.440741 0.535937 0.439815 0.536979 0.439815 0.537500 0.438889 0.538021 0.438889 0.538542 0.437963 0.538542 0.437037 0.572396 0.376852 0.572917 0.376852 0.572917 0.375926 0.571875 0.374074 0.571875 0.373148 0.571354 0.372222 0.571354 0.371296 0.570312 0.369444 0.570312 0.368519 0.569792 0.367593 0.569271 0.367593 0.568750 0.366667
0 0.628385 0.406944 0.081771 0.076852 0.666146 0.368519 0.665625 0.369444 0.664583 0.369444 0.664062 0.370370 0.662500 0.370370 0.661979 0.371296 0.660417 0.371296 0.659896 0.372222 0.658854 0.372222 0.658333 0.373148 0.656771 0.373148 0.656250 0.374074 0.654687 0.374074 0.654167 0.375000 0.652604 0.375000 0.652083 0.375926 0.651042 0.375926 0.650521 0.376852 0.649479 0.376852 0.648958 0.377778 0.648438 0.377778 0.640104 0.392593 0.639583 0.392593 0.631250 0.407407 0.630729 0.407407 0.627083 0.413889 0.626563 0.413889 0.625000 0.416667 0.624479 0.416667 0.622917 0.419444 0.622396 0.419444 0.621875 0.420370 0.620313 0.417593 0.619792 0.417593 0.616146 0.411111 0.615625 0.411111 0.593750 0.372222 0.593229 0.372222 0.591667 0.369444 0.589063 0.369444 0.588542 0.370370 0.588542 0.371296 0.588021 0.372222 0.588021 0.375000 0.587500 0.375926 0.587500 0.379630 0.612500 0.424074 0.612500 0.425000 0.619271 0.437037 0.619271 0.437963 0.619792 0.437963 0.620313 0.438889 0.620833 0.438889 0.621354 0.439815 0.621875 0.439815 0.622396 0.440741 0.622917 0.440741 0.623437 0.441667 0.623958 0.441667 0.624479 0.442593 0.625000 0.442593 0.625521 0.443519 0.626042 0.443519 0.626563 0.444444 0.627604 0.444444 0.628125 0.445370 0.628646 0.444444 0.629167 0.444444 0.630208 0.442593 0.630729 0.442593 0.642188 0.422222 0.642708 0.422222 0.660417 0.390741 0.660937 0.390741 0.668229 0.377778 0.668229 0.376852 0.669271 0.375000 0.669271 0.372222 0.667188 0.368519
0 0.360417 0.552778 0.083333 0.081481 0.319792 0.512037 0.318750 0.513889 0.318750 0.517593 0.319271 0.518519 0.319271 0.519444 0.319792 0.520370 0.319792 0.521296 0.320833 0.523148 0.320833 0.524074 0.321354 0.525000 0.321354 0.525926 0.322396 0.527778 0.322396 0.528704 0.323437 0.530556 0.323437 0.531481 0.324479 0.533333 0.324479 0.534259 0.325000 0.535185 0.325000 0.536111 0.326042 0.537963 0.326042 0.538889 0.327083 0.540741 0.327083 0.541667 0.327604 0.542593 0.327604 0.543519 0.328646 0.545370 0.328646 0.546296 0.329688 0.548148 0.329688 0.549074 0.330208 0.550000 0.330208 0.550926 0.331250 0.552778 0.331250 0.553704 0.332292 0.555556 0.332292 0.556481 0.333333 0.558333 0.333333 0.559259 0.333854 0.560185 0.333854 0.561111 0.334896 0.562963 0.334896 0.563889 0.335938 0.565741 0.335938 0.566667 0.336458 0.567593 0.336458 0.568519 0.337500 0.570370 0.337500 0.571296 0.338542 0.573148 0.338542 0.574074 0.339062 0.575000 0.339062 0.575926 0.340104 0.577778 0.340104 0.578704 0.341146 0.580556 0.341146 0.581481 0.342187 0.583333 0.342187 0.584259 0.342708 0.585185 0.342708 0.586111 0.343750 0.587963 0.343750 0.588889 0.344792 0.590741 0.344792 0.591667 0.345833 0.593519 0.352083 0.593519 0.352604 0.592593 0.353125 0.592593 0.353646 0.591667 0.354687 0.591667 0.355208 0.590741 0.355729 0.590741 0.356250 0.589815 0.357292 0.589815 0.357812 0.588889 0.358854 0.588889 0.359375 0.587963 0.359896 0.587963 0.360417 0.587037 0.361458 0.587037 0.361979 0.586111 0.362500 0.586111 0.363021 0.585185 0.364063 0.585185 0.364583 0.584259 0.365104 0.584259 0.365625 0.583333 0.366667 0.583333 0.367188 0.582407 0.367708 0.582407 0.368229 0.581481 0.369271 0.581481 0.369792 0.580556 0.370833 0.580556 0.371354 0.579630 0.371875 0.579630 0.372396 0.578704 0.373437 0.578704 0.373958 0.577778 0.374479 0.577778 0.375000 0.576852 0.376042 0.576852 0.376563 0.575926 0.377083 0.575926 0.377604 0.575000 0.378646 0.575000 0.379167 0.574074 0.379688 0.574074 0.380208 0.573148 0.381250 0.573148 0.381771 0.572222 0.382812 0.572222 0.383333 0.571296 0.383854 0.571296 0.384375 0.570370 0.385417 0.570370 0.385937 0.569444 0.386458 0.569444 0.386979 0.568519 0.388021 0.568519 0.388542 0.567593 0.389062 0.567593 0.389583 0.566667 0.390625 0.566667 0.391146 0.565741 0.391667 0.565741 0.392188 0.564815 0.393229 0.564815 0.393750 0.563889 0.394792 0.563889 0.395313 0.562963 0.395833 0.562963 0.396354 0.562037 0.397396 0.562037 0.397917 0.561111 0.398438 0.561111 0.398958 0.560185 0.400000 0.560185 0.400521 0.559259 0.401042 0.559259 0.401562 0.558333 0.402083 0.558333 0.402083 0.557407 0.392188 0.539815 0.392188 0.538889 0.391146 0.538889 0.390625 0.539815 0.389583 0.539815 0.389062 0.540741 0.388542 0.540741 0.388021 0.541667 0.387500 0.541667 0.386979 0.542593 0.386458 0.542593 0.385417 0.544444 0.384896 0.544444 0.383854 0.546296 0.383333 0.546296 0.382292 0.548148 0.381771 0.548148 0.380729 0.550000 0.380208 0.550000 0.379688 0.550926 0.379167 0.550926 0.378125 0.552778 0.377604 0.552778 0.376563 0.554630 0.376042 0.554630 0.375000 0.556481 0.374479 0.556481 0.373958 0.557407 0.373437 0.557407 0.372917 0.558333 0.371875 0.558333 0.371354 0.559259 0.370312 0.559259 0.369792 0.560185 0.369271 0.560185 0.368750 0.561111 0.367708 0.561111 0.367188 0.562037 0.366146 0.562037 0.365625 0.562963 0.363542 0.562963 0.361979 0.560185 0.361979 0.559259 0.361458 0.558333 0.361458 0.556481 0.361979 0.555556 0.361458 0.556481 0.360417 0.556481 0.359896 0.557407 0.359375 0.557407 0.358854 0.558333 0.357812 0.558333 0.357292 0.559259 0.356250 0.559259 0.355729 0.560185 0.354687 0.560185 0.354167 0.561111 0.353646 0.561111 0.353125 0.562037 0.352083 0.562037 0.351562 0.562963 0.349479 0.562963 0.348438 0.561111 0.347917 0.561111 0.340625 0.548148 0.340625 0.547222 0.325000 0.519444 0.324479 0.519444 0.321354 0.513889 0.320833 0.513889
0 0.441146 0.554167 0.101042 0.091667 0.488021 0.508333 0.486979 0.510185 0.486458 0.510185 0.485938 0.511111 0.485417 0.511111 0.484896 0.512037 0.484375 0.512037 0.483854 0.512963 0.483333 0.512963 0.482812 0.513889 0.482292 0.513889 0.481771 0.514815 0.481250 0.514815 0.480729 0.515741 0.480208 0.515741 0.479687 0.516667 0.479167 0.516667 0.478646 0.517593 0.478125 0.517593 0.477083 0.519444 0.476562 0.519444 0.476042 0.520370 0.475521 0.520370 0.475000 0.521296 0.474479 0.521296 0.473958 0.522222 0.473438 0.522222 0.472917 0.523148 0.472396 0.523148 0.471875 0.524074 0.471354 0.524074 0.470833 0.525000 0.470313 0.525000 0.469792 0.525926 0.469271 0.525926 0.468750 0.526852 0.468229 0.526852 0.467708 0.527778 0.467187 0.527778 0.466146 0.529630 0.465625 0.529630 0.451042 0.555556 0.450521 0.555556 0.449479 0.557407 0.448958 0.557407 0.448437 0.558333 0.447917 0.558333 0.447396 0.559259 0.446875 0.559259 0.446354 0.560185 0.445833 0.560185 0.444792 0.562037 0.444271 0.562037 0.443750 0.562963 0.443229 0.562963 0.442708 0.563889 0.442188 0.563889 0.441146 0.565741 0.440625 0.565741 0.440104 0.566667 0.439583 0.566667 0.439063 0.567593 0.438542 0.567593 0.438021 0.568519 0.437500 0.568519 0.436979 0.569444 0.436458 0.569444 0.435937 0.570370 0.435417 0.569444 0.434375 0.569444 0.428125 0.558333 0.428125 0.557407 0.423958 0.550000 0.423958 0.549074 0.418229 0.538889 0.418229 0.537963 0.408333 0.520370 0.406771 0.520370 0.406250 0.521296 0.405208 0.521296 0.404687 0.522222 0.403646 0.522222 0.403125 0.523148 0.402083 0.523148 0.401562 0.524074 0.400521 0.524074 0.400000 0.525000 0.398958 0.525000 0.398438 0.525926 0.396875 0.525926 0.396354 0.526852 0.395313 0.526852 0.394792 0.527778 0.393750 0.527778 0.393229 0.528704 0.392188 0.528704 0.391667 0.529630 0.391146 0.529630 0.390625 0.530556 0.390625 0.535185 0.392708 0.538889 0.392708 0.539815 0.426563 0.600000 0.433333 0.600000 0.433854 0.599074 0.434375 0.599074 0.435417 0.597222 0.435937 0.597222 0.436979 0.595370 0.437500 0.595370 0.438542 0.593519 0.439063 0.593519 0.440104 0.591667 0.440625 0.591667 0.441667 0.589815 0.442188 0.589815 0.443750 0.587037 0.444271 0.587037 0.445312 0.585185 0.445833 0.585185 0.446875 0.583333 0.447396 0.583333 0.448437 0.581481 0.448958 0.581481 0.450000 0.579630 0.450521 0.579630 0.452083 0.576852 0.452604 0.576852 0.453646 0.575000 0.454167 0.575000 0.455208 0.573148 0.455729 0.573148 0.456771 0.571296 0.457292 0.571296 0.458333 0.569444 0.458854 0.569444 0.460417 0.566667 0.460938 0.566667 0.461979 0.564815 0.462500 0.564815 0.491667 0.512963 0.491667 0.512037 0.490104 0.509259 0.489583 0.509259 0.489063 0.508333
0 0.531250 0.554630 0.081250 0.085185 0.571354 0.512037 0.569792 0.514815 0.569271 0.514815 0.566667 0.519444 0.566146 0.519444 0.561458 0.527778 0.560937 0.527778 0.551562 0.544444 0.551042 0.544444 0.542188 0.560185 0.541667 0.560185 0.541146 0.561111 0.540104 0.561111 0.539583 0.560185 0.539062 0.560185 0.538542 0.559259 0.538542 0.558333 0.537500 0.556481 0.537500 0.554630 0.538021 0.553704 0.538021 0.552778 0.538542 0.551852 0.538542 0.550926 0.539583 0.549074 0.539583 0.548148 0.540104 0.547222 0.540104 0.546296 0.540625 0.545370 0.540625 0.544444 0.541667 0.542593 0.541146 0.543519 0.540625 0.543519 0.532813 0.557407 0.532292 0.557407 0.530729 0.560185 0.529167 0.560185 0.528646 0.559259 0.528125 0.559259 0.524479 0.552778 0.523958 0.553704 0.523958 0.554630 0.521354 0.559259 0.519271 0.559259 0.518750 0.558333 0.518229 0.558333 0.495833 0.518519 0.495312 0.518519 0.494792 0.519444 0.494271 0.519444 0.493229 0.521296 0.492708 0.521296 0.490625 0.525000 0.490625 0.527778 0.491146 0.528704 0.491146 0.529630 0.496875 0.539815 0.496875 0.540741 0.514583 0.572222 0.514583 0.573148 0.527604 0.596296 0.528125 0.596296 0.528646 0.597222 0.530729 0.597222 0.531771 0.595370 0.532292 0.595370 0.541146 0.579630 0.541667 0.579630 0.555208 0.555556 0.555729 0.555556 0.569271 0.531481 0.569271 0.530556 0.569792 0.529630 0.569792 0.526852 0.570312 0.525926 0.570312 0.523148 0.570833 0.522222 0.570833 0.518519 0.571354 0.517593 0.571354 0.513889 0.571875 0.512963 0.571875 0.512037
0 0.627344 0.556944 0.080729 0.084259 0.586979 0.514815 0.586979 0.528704 0.587500 0.529630 0.587500 0.530556 0.588021 0.531481 0.588021 0.532407 0.603125 0.559259 0.603125 0.560185 0.624479 0.598148 0.625000 0.598148 0.625521 0.599074 0.627604 0.599074 0.628125 0.598148 0.628646 0.598148 0.631250 0.593519 0.631771 0.593519 0.643229 0.573148 0.643750 0.573148 0.655208 0.552778 0.655729 0.552778 0.667188 0.532407 0.667188 0.531481 0.667708 0.530556 0.667708 0.529630 0.667188 0.528704 0.667188 0.527778 0.664583 0.523148 0.663542 0.523148 0.661458 0.526852 0.660937 0.526852 0.658333 0.531481 0.657813 0.531481 0.654167 0.537963 0.653646 0.537963 0.647396 0.549074 0.646875 0.549074 0.636458 0.567593 0.635938 0.567593 0.633333 0.572222 0.631250 0.572222 0.629687 0.569444 0.629687 0.568519 0.629167 0.567593 0.629167 0.566667 0.628646 0.565741 0.628646 0.564815 0.627083 0.564815 0.626563 0.563889 0.626042 0.563889 0.616667 0.547222 0.617188 0.548148 0.617188 0.550000 0.617708 0.550926 0.617708 0.552778 0.618229 0.553704 0.618229 0.554630 0.618750 0.555556 0.618750 0.559259 0.617188 0.562037 0.615104 0.562037 0.614583 0.561111 0.614062 0.561111 0.611979 0.557407 0.611458 0.557407 0.606771 0.549074 0.606771 0.548148 0.595833 0.528704 0.595313 0.528704 0.588542 0.516667 0.588021 0.516667
0 0.709115 0.558796 0.089063 0.082407 0.669792 0.517593 0.669271 0.518519 0.668229 0.518519 0.667708 0.519444 0.667188 0.519444 0.666667 0.520370 0.666146 0.520370 0.665625 0.521296 0.665104 0.521296 0.664583 0.522222 0.667708 0.527778 0.667708 0.528704 0.685937 0.561111 0.686458 0.561111 0.690104 0.567593 0.690625 0.567593 0.694271 0.574074 0.694792 0.574074 0.698438 0.580556 0.698958 0.580556 0.702604 0.587037 0.703125 0.587037 0.706771 0.593519 0.707292 0.593519 0.710417 0.599074 0.710938 0.599074 0.711458 0.600000 0.713021 0.600000 0.714063 0.598148 0.714583 0.598148 0.719271 0.589815 0.719792 0.589815 0.728646 0.574074 0.729167 0.574074 0.738021 0.558333 0.738542 0.558333 0.747396 0.542593 0.747917 0.542593 0.753125 0.533333 0.753125 0.532407 0.753646 0.531481 0.753646 0.527778 0.752604 0.525926 0.752083 0.525926 0.751563 0.525000 0.751042 0.525000 0.750521 0.524074 0.750000 0.525000 0.749479 0.525000 0.740625 0.540741 0.740104 0.540741 0.730729 0.557407 0.730208 0.557407 0.722917 0.570370 0.722396 0.570370 0.720833 0.573148 0.720313 0.573148 0.719792 0.574074 0.719271 0.574074 0.718750 0.573148 0.718229 0.573148 0.717708 0.572222 0.717187 0.572222 0.716146 0.570370 0.715625 0.570370 0.714063 0.567593 0.713542 0.567593 0.712500 0.565741 0.711979 0.565741 0.710417 0.562963 0.709896 0.562963 0.708854 0.561111 0.708333 0.561111 0.707292 0.559259 0.710417 0.564815 0.710417 0.565741 0.710938 0.566667 0.710938 0.567593 0.711458 0.568519 0.711458 0.569444 0.710938 0.570370 0.710938 0.571296 0.709896 0.573148 0.708854 0.573148 0.708333 0.574074 0.707812 0.573148 0.706771 0.573148 0.705208 0.570370 0.704688 0.570370 0.702604 0.566667 0.702083 0.566667 0.700521 0.563889 0.700000 0.563889 0.697917 0.560185 0.697396 0.560185 0.695833 0.557407 0.695312 0.557407 0.693229 0.553704 0.692708 0.553704 0.677083 0.525926 0.676562 0.525926 0.675000 0.523148 0.674479 0.523148 0.672917 0.520370 0.672396 0.520370 0.670833 0.517593
0 0.321354 0.524074 0.089583 0.075926 0.318229 0.486111 0.317708 0.487037 0.315104 0.487037 0.314583 0.487963 0.313542 0.487963 0.312500 0.489815 0.311979 0.489815 0.278125 0.550000 0.278125 0.550926 0.276562 0.553704 0.276562 0.557407 0.278125 0.560185 0.279687 0.560185 0.280208 0.559259 0.281250 0.559259 0.281771 0.558333 0.283333 0.558333 0.283854 0.557407 0.284896 0.557407 0.285417 0.556481 0.286979 0.556481 0.287500 0.555556 0.288542 0.555556 0.289062 0.554630 0.290625 0.554630 0.291146 0.553704 0.292708 0.553704 0.293229 0.552778 0.294271 0.552778 0.294792 0.551852 0.296354 0.551852 0.296875 0.550926 0.297917 0.550926 0.298438 0.550000 0.299479 0.550000 0.314583 0.523148 0.315104 0.523148 0.315625 0.522222 0.317188 0.522222 0.317708 0.521296 0.319271 0.521296 0.319271 0.520370 0.318750 0.519444 0.318750 0.518519 0.318229 0.517593 0.318229 0.513889 0.319792 0.511111 0.320833 0.512963 0.321354 0.512963 0.324479 0.518519 0.325000 0.518519 0.341146 0.547222 0.341146 0.548148 0.347917 0.560185 0.348438 0.560185 0.349479 0.562037 0.351562 0.562037 0.352083 0.561111 0.353125 0.561111 0.353646 0.560185 0.354167 0.560185 0.354687 0.559259 0.355729 0.559259 0.356250 0.558333 0.357292 0.558333 0.357812 0.557407 0.358854 0.557407 0.359375 0.556481 0.359896 0.556481 0.360417 0.555556 0.361458 0.555556 0.361979 0.554630 0.362500 0.554630 0.366146 0.548148 0.365625 0.548148 0.365104 0.549074 0.364063 0.549074 0.363542 0.550000 0.362500 0.550000 0.361979 0.550926 0.360938 0.550926 0.360417 0.551852 0.359375 0.551852 0.358854 0.552778 0.357812 0.552778 0.357292 0.553704 0.356250 0.553704 0.355729 0.554630 0.355208 0.553704 0.354687 0.553704 0.353646 0.551852 0.353125 0.551852 0.348958 0.544444 0.348958 0.543519 0.337500 0.523148 0.337500 0.522222 0.326042 0.501852 0.326042 0.500926 0.318229 0.487037
0 0.407292 0.530556 0.090625 0.077778 0.404167 0.491667 0.403646 0.492593 0.401562 0.492593 0.401042 0.493519 0.400521 0.493519 0.400000 0.494444 0.399479 0.494444 0.396875 0.499074 0.396354 0.499074 0.390625 0.509259 0.390104 0.509259 0.383854 0.520370 0.383333 0.520370 0.377604 0.530556 0.377083 0.530556 0.371354 0.540741 0.370833 0.540741 0.361979 0.556481 0.361979 0.558333 0.362500 0.559259 0.362500 0.560185 0.363542 0.562037 0.365625 0.562037 0.366146 0.561111 0.367188 0.561111 0.367708 0.560185 0.368750 0.560185 0.369271 0.559259 0.369792 0.559259 0.370312 0.558333 0.371354 0.558333 0.371875 0.557407 0.372917 0.557407 0.373437 0.556481 0.373958 0.556481 0.374479 0.555556 0.375000 0.555556 0.376042 0.553704 0.376563 0.553704 0.377604 0.551852 0.378125 0.551852 0.379167 0.550000 0.379688 0.550000 0.380208 0.549074 0.380729 0.549074 0.381771 0.547222 0.382292 0.547222 0.383333 0.545370 0.383854 0.545370 0.384896 0.543519 0.385417 0.543519 0.386458 0.541667 0.386979 0.541667 0.387500 0.540741 0.388021 0.540741 0.388542 0.539815 0.389062 0.539815 0.389583 0.538889 0.390625 0.538889 0.391146 0.537963 0.391667 0.537963 0.390104 0.535185 0.390104 0.530556 0.391146 0.528704 0.391667 0.528704 0.392188 0.527778 0.393229 0.527778 0.393750 0.526852 0.394792 0.526852 0.395313 0.525926 0.396354 0.525926 0.396875 0.525000 0.398438 0.525000 0.398958 0.524074 0.400000 0.524074 0.400521 0.523148 0.401562 0.523148 0.402083 0.522222 0.403125 0.522222 0.403646 0.521296 0.404687 0.521296 0.405208 0.520370 0.406250 0.520370 0.406771 0.519444 0.408333 0.519444 0.418750 0.537963 0.418750 0.538889 0.424479 0.549074 0.424479 0.550000 0.428646 0.557407 0.428646 0.558333 0.434375 0.568519 0.435417 0.568519 0.435937 0.569444 0.436458 0.568519 0.436979 0.568519 0.437500 0.567593 0.438021 0.567593 0.438542 0.566667 0.439063 0.566667 0.439583 0.565741 0.440104 0.565741 0.440625 0.564815 0.441146 0.564815 0.442188 0.562963 0.442708 0.562963 0.443229 0.562037 0.443750 0.562037 0.444271 0.561111 0.444792 0.561111 0.445833 0.559259 0.446354 0.559259 0.446875 0.558333 0.447396 0.558333 0.447917 0.557407 0.448437 0.557407 0.448958 0.556481 0.449479 0.556481 0.450521 0.554630 0.451042 0.554630 0.452604 0.551852 0.452083 0.552778 0.451562 0.552778 0.450521 0.554630 0.450000 0.554630 0.449479 0.555556 0.448958 0.555556 0.448437 0.556481 0.447917 0.556481 0.447396 0.557407 0.446354 0.557407 0.444271 0.553704 0.444271 0.550000 0.445312 0.548148 0.445312 0.547222 0.445833 0.546296 0.445312 0.547222 0.444792 0.547222 0.444271 0.548148 0.443750 0.548148 0.443229 0.549074 0.442708 0.549074 0.442188 0.550000 0.441667 0.550000 0.441146 0.550926 0.440625 0.550926 0.440104 0.551852 0.439583 0.551852 0.439063 0.552778 0.438542 0.552778 0.437500 0.550926 0.436979 0.550926 0.425521 0.530556 0.425521 0.529630 0.409896 0.501852 0.409896 0.500926 0.404687 0.491667
0 0.484375 0.518056 0.079167 0.080556 0.491667 0.477778 0.491146 0.478704 0.490104 0.478704 0.489583 0.479630 0.489063 0.479630 0.488542 0.480556 0.487500 0.480556 0.486979 0.481481 0.486458 0.481481 0.485938 0.482407 0.484896 0.482407 0.484375 0.483333 0.483854 0.483333 0.483333 0.484259 0.482812 0.484259 0.482292 0.485185 0.481771 0.485185 0.473958 0.499074 0.473438 0.499074 0.453125 0.535185 0.452604 0.535185 0.445833 0.547222 0.445833 0.548148 0.444792 0.550000 0.444792 0.553704 0.446354 0.556481 0.447396 0.556481 0.447917 0.555556 0.448437 0.555556 0.448958 0.554630 0.449479 0.554630 0.450000 0.553704 0.450521 0.553704 0.451562 0.551852 0.452083 0.551852 0.452604 0.550926 0.453125 0.550926 0.465625 0.528704 0.466146 0.528704 0.467187 0.526852 0.467708 0.526852 0.468229 0.525926 0.468750 0.525926 0.469271 0.525000 0.469792 0.525000 0.470313 0.524074 0.470833 0.524074 0.471354 0.523148 0.471875 0.523148 0.472396 0.522222 0.472917 0.522222 0.473438 0.521296 0.473958 0.521296 0.474479 0.520370 0.475000 0.520370 0.475521 0.519444 0.476042 0.519444 0.476562 0.518519 0.477083 0.518519 0.478125 0.516667 0.478646 0.516667 0.479167 0.515741 0.479687 0.515741 0.480208 0.514815 0.480729 0.514815 0.481250 0.513889 0.481771 0.513889 0.482292 0.512963 0.482812 0.512963 0.483333 0.512037 0.483854 0.512037 0.484375 0.511111 0.484896 0.511111 0.485417 0.510185 0.485938 0.510185 0.488021 0.506481 0.488542 0.506481 0.489583 0.508333 0.490104 0.508333 0.492188 0.512037 0.492708 0.512037 0.518229 0.557407 0.518750 0.557407 0.519271 0.558333 0.521354 0.558333 0.523438 0.554630 0.523438 0.553704 0.523958 0.552778 0.523958 0.551852 0.505729 0.519444 0.505729 0.518519 0.491146 0.492593 0.491146 0.491667 0.490104 0.489815 0.490104 0.486111 0.491667 0.483333 0.492188 0.483333 0.492708 0.482407 0.493229 0.482407 0.493750 0.481481 0.494271 0.481481 0.494271 0.480556 0.492708 0.477778
0 0.578125 0.515278 0.080208 0.091667 0.579167 0.469444 0.578646 0.470370 0.578125 0.470370 0.571875 0.481481 0.571875 0.484259 0.571354 0.485185 0.571354 0.487037 0.570833 0.487963 0.570833 0.489815 0.570312 0.490741 0.570312 0.491667 0.567187 0.497222 0.567187 0.498148 0.566667 0.499074 0.566146 0.499074 0.545833 0.535185 0.545312 0.535185 0.542708 0.539815 0.542708 0.540741 0.542188 0.541667 0.542188 0.542593 0.541146 0.544444 0.541146 0.545370 0.540625 0.546296 0.540625 0.547222 0.540104 0.548148 0.540104 0.549074 0.539062 0.550926 0.539062 0.551852 0.538542 0.552778 0.538542 0.553704 0.538021 0.554630 0.538021 0.556481 0.539062 0.558333 0.539062 0.559259 0.539583 0.559259 0.540104 0.560185 0.541146 0.560185 0.541667 0.559259 0.542188 0.559259 0.551042 0.543519 0.551562 0.543519 0.560937 0.526852 0.561458 0.526852 0.566146 0.518519 0.566667 0.518519 0.569271 0.513889 0.569792 0.513889 0.571354 0.511111 0.571875 0.511111 0.573438 0.508333 0.573958 0.508333 0.574479 0.507407 0.575000 0.507407 0.575521 0.506481 0.576042 0.506481 0.576562 0.505556 0.580208 0.505556 0.580729 0.506481 0.581250 0.506481 0.581771 0.507407 0.582292 0.507407 0.582812 0.508333 0.583333 0.508333 0.584896 0.511111 0.585417 0.511111 0.588021 0.515741 0.588542 0.515741 0.595313 0.527778 0.595833 0.527778 0.607292 0.548148 0.607292 0.549074 0.611458 0.556481 0.611979 0.556481 0.614062 0.560185 0.614583 0.560185 0.615104 0.561111 0.617188 0.561111 0.618229 0.559259 0.618229 0.555556 0.617708 0.554630 0.617708 0.553704 0.617188 0.552778 0.617188 0.550926 0.616667 0.550000 0.616667 0.548148 0.616146 0.547222 0.616146 0.546296 0.601042 0.519444 0.601042 0.518519 0.588021 0.495370 0.588021 0.494444 0.586979 0.492593 0.586979 0.486111 0.586458 0.485185 0.586458 0.478704 0.581771 0.470370 0.581250 0.470370 0.580729 0.469444
0 0.670052 0.534259 0.081771 0.077778 0.669271 0.495370 0.669271 0.496296 0.661979 0.509259 0.661458 0.509259 0.648958 0.531481 0.648438 0.531481 0.635938 0.553704 0.635417 0.553704 0.630208 0.562963 0.629687 0.562963 0.629167 0.563889 0.629167 0.565741 0.629687 0.566667 0.629687 0.567593 0.630208 0.568519 0.630208 0.569444 0.631250 0.571296 0.633333 0.571296 0.635938 0.566667 0.636458 0.566667 0.646875 0.548148 0.647396 0.548148 0.653646 0.537037 0.654167 0.537037 0.657813 0.530556 0.658333 0.530556 0.660937 0.525926 0.661458 0.525926 0.663542 0.522222 0.664062 0.522222 0.665104 0.520370 0.665625 0.520370 0.666146 0.519444 0.666667 0.519444 0.667188 0.518519 0.667708 0.518519 0.668229 0.517593 0.669271 0.517593 0.669792 0.516667 0.670833 0.516667 0.672396 0.519444 0.672917 0.519444 0.674479 0.522222 0.675000 0.522222 0.676562 0.525000 0.677083 0.525000 0.692708 0.552778 0.693229 0.552778 0.695312 0.556481 0.695833 0.556481 0.697396 0.559259 0.697917 0.559259 0.700000 0.562963 0.700521 0.562963 0.702083 0.565741 0.702604 0.565741 0.704688 0.569444 0.705208 0.569444 0.706771 0.572222 0.707812 0.572222 0.708333 0.573148 0.708854 0.572222 0.709896 0.572222 0.710417 0.571296 0.710417 0.570370 0.710938 0.569444 0.710938 0.568519 0.710417 0.567593 0.710417 0.566667 0.709896 0.565741 0.709896 0.564815 0.691146 0.531481 0.691146 0.530556 0.673438 0.499074 0.672917 0.499074 0.671875 0.497222 0.671354 0.497222 0.670312 0.495370
0 0.361198 0.514815 0.086979 0.077778 0.325000 0.476852 0.324479 0.477778 0.321354 0.477778 0.320833 0.478704 0.318750 0.478704 0.317708 0.480556 0.317708 0.484259 0.318750 0.486111 0.318750 0.487037 0.326562 0.500926 0.326562 0.501852 0.338021 0.522222 0.338021 0.523148 0.349479 0.543519 0.349479 0.544444 0.353125 0.550926 0.353646 0.550926 0.354687 0.552778 0.355208 0.552778 0.355729 0.553704 0.356250 0.552778 0.357292 0.552778 0.357812 0.551852 0.358854 0.551852 0.359375 0.550926 0.360417 0.550926 0.360938 0.550000 0.361979 0.550000 0.362500 0.549074 0.363542 0.549074 0.364063 0.548148 0.365104 0.548148 0.365625 0.547222 0.366667 0.547222 0.370833 0.539815 0.371354 0.539815 0.377083 0.529630 0.377604 0.529630 0.383333 0.519444 0.383854 0.519444 0.390104 0.508333 0.390625 0.508333 0.396354 0.498148 0.396875 0.498148 0.399479 0.493519 0.400000 0.493519 0.400521 0.492593 0.401042 0.492593 0.401562 0.491667 0.403646 0.491667 0.404167 0.490741 0.401042 0.485185 0.401042 0.484259 0.400521 0.483333 0.400521 0.482407 0.400000 0.481481 0.400000 0.480556 0.400521 0.479630 0.400521 0.478704 0.401562 0.476852 0.402083 0.476852 0.401042 0.476852 0.400521 0.477778 0.397917 0.477778 0.397396 0.478704 0.395313 0.478704 0.394792 0.479630 0.392708 0.479630 0.392188 0.480556 0.391146 0.480556 0.379688 0.500926 0.379167 0.500926 0.369792 0.517593 0.369271 0.517593 0.365625 0.524074 0.365104 0.524074 0.364583 0.525000 0.362500 0.525000 0.361979 0.524074 0.361458 0.524074 0.360938 0.523148 0.360938 0.522222 0.360417 0.521296 0.360417 0.520370 0.359896 0.520370 0.359375 0.521296 0.357812 0.521296 0.357292 0.522222 0.354687 0.522222 0.353646 0.520370 0.353125 0.520370 0.346875 0.509259 0.346875 0.508333 0.331771 0.481481 0.331250 0.481481 0.328646 0.476852
0 0.446354 0.511574 0.091667 0.080556 0.486458 0.471296 0.485938 0.472222 0.485417 0.472222 0.484896 0.473148 0.483854 0.473148 0.483333 0.474074 0.482292 0.474074 0.481771 0.475000 0.480729 0.475000 0.480208 0.475926 0.479167 0.475926 0.478646 0.476852 0.477604 0.476852 0.477083 0.477778 0.476042 0.477778 0.475521 0.478704 0.475000 0.478704 0.474479 0.479630 0.473958 0.479630 0.460417 0.503704 0.459896 0.503704 0.453125 0.515741 0.452604 0.515741 0.452083 0.516667 0.451562 0.516667 0.451042 0.517593 0.450521 0.517593 0.450000 0.518519 0.448958 0.518519 0.448437 0.519444 0.447917 0.519444 0.447396 0.520370 0.446875 0.520370 0.446354 0.521296 0.443750 0.521296 0.443229 0.522222 0.442188 0.522222 0.441667 0.523148 0.441146 0.523148 0.440625 0.524074 0.440104 0.524074 0.439583 0.525000 0.438542 0.525000 0.438021 0.525926 0.437500 0.525926 0.436979 0.526852 0.434375 0.526852 0.433333 0.525000 0.432812 0.525000 0.425521 0.512037 0.425521 0.511111 0.410938 0.485185 0.410417 0.485185 0.406250 0.477778 0.405729 0.477778 0.405208 0.476852 0.402604 0.476852 0.402083 0.477778 0.401562 0.477778 0.401042 0.478704 0.401042 0.479630 0.400521 0.480556 0.400521 0.481481 0.401042 0.482407 0.401042 0.483333 0.401562 0.484259 0.401562 0.485185 0.410417 0.500926 0.410417 0.501852 0.426042 0.529630 0.426042 0.530556 0.436979 0.550000 0.437500 0.550000 0.438542 0.551852 0.439063 0.551852 0.439583 0.550926 0.440104 0.550926 0.440625 0.550000 0.441146 0.550000 0.441667 0.549074 0.442188 0.549074 0.442708 0.548148 0.443229 0.548148 0.443750 0.547222 0.444271 0.547222 0.444792 0.546296 0.445312 0.546296 0.445833 0.545370 0.446354 0.545370 0.452604 0.534259 0.453125 0.534259 0.473438 0.498148 0.473958 0.498148 0.481771 0.484259 0.482292 0.484259 0.482812 0.483333 0.483333 0.483333 0.483854 0.482407 0.484375 0.482407 0.484896 0.481481 0.485938 0.481481 0.486458 0.480556 0.486979 0.480556 0.487500 0.479630 0.488542 0.479630 0.489063 0.478704 0.489583 0.478704 0.490104 0.477778 0.491146 0.477778 0.491667 0.476852 0.492188 0.476852 0.491667 0.475926 0.491146 0.475926 0.489063 0.472222 0.488542 0.472222 0.488021 0.471296
0 0.531771 0.515278 0.082292 0.087963 0.572396 0.471296 0.571354 0.473148 0.570833 0.473148 0.568229 0.477778 0.567708 0.477778 0.563542 0.485185 0.563021 0.485185 0.553646 0.501852 0.553125 0.501852 0.543229 0.519444 0.542708 0.519444 0.542188 0.520370 0.541146 0.520370 0.540625 0.519444 0.540104 0.519444 0.539062 0.517593 0.539062 0.516667 0.538542 0.515741 0.538542 0.513889 0.539062 0.512963 0.539062 0.512037 0.538021 0.512037 0.537500 0.511111 0.534375 0.516667 0.533854 0.516667 0.531771 0.520370 0.529167 0.520370 0.526042 0.514815 0.525521 0.514815 0.520833 0.523148 0.518750 0.523148 0.517708 0.521296 0.517188 0.521296 0.503125 0.496296 0.503125 0.495370 0.501042 0.491667 0.500521 0.491667 0.494792 0.481481 0.494271 0.482407 0.493750 0.482407 0.493229 0.483333 0.492708 0.483333 0.492188 0.484259 0.491667 0.484259 0.490625 0.486111 0.490625 0.489815 0.491667 0.491667 0.491667 0.492593 0.506250 0.518519 0.506250 0.519444 0.528125 0.558333 0.528646 0.558333 0.529167 0.559259 0.530729 0.559259 0.532292 0.556481 0.532813 0.556481 0.545312 0.534259 0.545833 0.534259 0.566146 0.498148 0.566667 0.498148 0.566667 0.497222 0.569792 0.491667 0.569792 0.490741 0.570312 0.489815 0.570312 0.487963 0.570833 0.487037 0.570833 0.485185 0.571354 0.484259 0.571354 0.481481 0.571875 0.480556 0.571875 0.478704 0.572396 0.477778 0.572396 0.475926 0.572917 0.475000 0.572917 0.471296
0 0.628385 0.518981 0.082812 0.089815 0.586979 0.474074 0.586979 0.485185 0.587500 0.486111 0.587500 0.492593 0.588542 0.494444 0.588542 0.495370 0.601562 0.518519 0.601562 0.519444 0.626042 0.562963 0.626563 0.562963 0.627083 0.563889 0.628646 0.563889 0.629687 0.562037 0.630208 0.562037 0.635417 0.552778 0.635938 0.552778 0.648438 0.530556 0.648958 0.530556 0.661458 0.508333 0.661979 0.508333 0.668750 0.496296 0.668750 0.495370 0.669792 0.493519 0.669792 0.491667 0.669271 0.490741 0.669271 0.489815 0.668229 0.487963 0.667708 0.487963 0.666667 0.486111 0.666146 0.486111 0.665625 0.485185 0.665104 0.486111 0.664583 0.486111 0.663021 0.488889 0.662500 0.488889 0.659896 0.493519 0.659375 0.493519 0.655208 0.500926 0.654687 0.500926 0.647396 0.513889 0.646875 0.513889 0.636458 0.532407 0.635938 0.532407 0.634375 0.535185 0.633854 0.535185 0.633333 0.536111 0.632812 0.535185 0.632292 0.535185 0.629687 0.530556 0.629687 0.529630 0.629167 0.528704 0.629167 0.527778 0.628125 0.525926 0.628125 0.525000 0.627604 0.525000 0.627083 0.524074 0.626563 0.524074 0.625000 0.521296 0.624479 0.521296 0.620833 0.514815 0.618750 0.514815 0.618750 0.517593 0.618229 0.518519 0.618229 0.519444 0.617708 0.520370 0.617188 0.520370 0.616667 0.521296 0.615104 0.521296 0.614062 0.519444 0.613542 0.519444 0.592187 0.481481 0.591667 0.481481 0.587500 0.474074
0 0.713802 0.528241 0.095312 0.089815 0.666667 0.483333 0.666146 0.484259 0.666146 0.485185 0.666667 0.485185 0.667708 0.487037 0.668229 0.487037 0.669792 0.489815 0.669792 0.490741 0.670312 0.491667 0.670312 0.493519 0.669792 0.494444 0.670312 0.494444 0.671354 0.496296 0.671875 0.496296 0.672917 0.498148 0.673438 0.498148 0.691667 0.530556 0.691667 0.531481 0.706771 0.558333 0.707292 0.558333 0.708333 0.560185 0.708854 0.560185 0.709896 0.562037 0.710417 0.562037 0.711979 0.564815 0.712500 0.564815 0.713542 0.566667 0.714063 0.566667 0.715625 0.569444 0.716146 0.569444 0.717187 0.571296 0.717708 0.571296 0.718229 0.572222 0.718750 0.572222 0.719271 0.573148 0.719792 0.573148 0.720313 0.572222 0.720833 0.572222 0.722396 0.569444 0.722917 0.569444 0.730208 0.556481 0.730729 0.556481 0.740104 0.539815 0.740625 0.539815 0.749479 0.524074 0.750000 0.524074 0.761458 0.503704 0.761458 0.500000 0.759896 0.497222 0.759375 0.497222 0.758854 0.496296 0.757292 0.496296 0.756771 0.495370 0.755729 0.495370 0.755208 0.494444 0.753125 0.494444 0.752604 0.495370 0.752083 0.495370 0.742708 0.512037 0.742188 0.512037 0.732292 0.529630 0.731771 0.529630 0.726042 0.539815 0.725521 0.539815 0.724479 0.541667 0.721875 0.541667 0.721354 0.540741 0.720833 0.540741 0.719792 0.538889 0.719271 0.538889 0.718750 0.537963 0.718229 0.537963 0.717708 0.537037 0.717187 0.537037 0.716667 0.536111 0.716146 0.536111 0.715104 0.534259 0.714583 0.534259 0.714063 0.533333 0.713542 0.533333 0.713542 0.534259 0.712500 0.536111 0.711458 0.536111 0.710938 0.537037 0.710417 0.536111 0.709375 0.536111 0.708333 0.534259 0.707812 0.534259 0.707292 0.533333 0.706771 0.533333 0.706250 0.532407 0.705729 0.532407 0.704688 0.530556 0.704167 0.530556 0.703646 0.529630 0.703125 0.529630 0.702604 0.528704 0.702083 0.528704 0.701042 0.526852 0.700521 0.526852 0.700000 0.525926 0.699479 0.525926 0.683333 0.497222 0.682813 0.497222 0.682292 0.496296 0.681771 0.496296 0.681250 0.495370 0.680729 0.495370 0.680208 0.494444 0.679688 0.494444 0.679167 0.493519 0.678646 0.493519 0.678125 0.492593 0.677604 0.492593 0.677083 0.491667 0.676562 0.491667 0.675521 0.489815 0.675000 0.489815 0.674479 0.488889 0.673958 0.488889 0.673438 0.487963 0.672917 0.487963 0.672396 0.487037 0.671875 0.487037 0.671354 0.486111 0.670833 0.486111 0.670312 0.485185 0.669792 0.485185 0.669271 0.484259 0.668750 0.484259 0.668229 0.483333
0 0.322917 0.484722 0.079167 0.073148 0.321354 0.448148 0.320833 0.449074 0.319271 0.449074 0.284375 0.511111 0.284375 0.512037 0.283333 0.513889 0.283333 0.516667 0.283854 0.517593 0.283854 0.518519 0.284375 0.519444 0.284896 0.519444 0.285417 0.520370 0.285938 0.520370 0.286458 0.519444 0.286979 0.519444 0.295312 0.504630 0.295833 0.504630 0.307292 0.484259 0.309375 0.484259 0.309896 0.483333 0.313021 0.483333 0.313542 0.482407 0.316667 0.482407 0.317188 0.481481 0.317188 0.480556 0.318750 0.477778 0.320833 0.477778 0.321354 0.476852 0.324479 0.476852 0.325000 0.475926 0.328646 0.475926 0.331250 0.480556 0.331771 0.480556 0.347396 0.508333 0.347396 0.509259 0.353125 0.519444 0.353646 0.519444 0.354687 0.521296 0.357292 0.521296 0.357812 0.520370 0.359375 0.520370 0.359896 0.519444 0.360417 0.519444 0.360417 0.518519 0.360938 0.517593 0.360938 0.516667 0.362500 0.513889 0.361458 0.513889 0.360938 0.514815 0.358854 0.514815 0.358333 0.513889 0.357812 0.513889 0.348438 0.497222 0.348438 0.496296 0.335417 0.473148 0.335417 0.472222 0.323958 0.451852 0.323958 0.450926 0.322396 0.448148
0 0.402344 0.488426 0.082812 0.075000 0.401562 0.450926 0.401042 0.451852 0.398438 0.451852 0.396354 0.455556 0.395833 0.455556 0.361458 0.516667 0.361458 0.517593 0.360938 0.518519 0.360938 0.521296 0.361458 0.522222 0.361458 0.523148 0.361979 0.523148 0.362500 0.524074 0.364583 0.524074 0.365104 0.523148 0.365625 0.523148 0.369271 0.516667 0.369792 0.516667 0.379167 0.500000 0.379688 0.500000 0.391146 0.479630 0.392188 0.479630 0.392708 0.478704 0.394792 0.478704 0.395313 0.477778 0.397396 0.477778 0.397917 0.476852 0.400521 0.476852 0.401042 0.475926 0.403125 0.475926 0.403646 0.475000 0.404687 0.475000 0.405729 0.476852 0.406250 0.476852 0.410417 0.484259 0.410938 0.484259 0.426042 0.511111 0.426042 0.512037 0.432812 0.524074 0.433333 0.524074 0.434375 0.525926 0.436979 0.525926 0.437500 0.525000 0.438021 0.525000 0.438542 0.524074 0.439583 0.524074 0.440104 0.523148 0.440625 0.523148 0.441146 0.522222 0.441667 0.522222 0.442188 0.521296 0.443229 0.521296 0.443750 0.520370 0.442188 0.517593 0.442188 0.514815 0.442708 0.513889 0.442708 0.512963 0.443229 0.512037 0.442708 0.512037 0.442188 0.512963 0.441667 0.512963 0.441146 0.513889 0.439063 0.513889 0.438021 0.512037 0.437500 0.512037 0.431250 0.500926 0.431250 0.500000 0.416667 0.474074 0.416667 0.473148 0.404167 0.450926
0 0.484115 0.481944 0.082812 0.080556 0.495312 0.441667 0.494792 0.442593 0.492708 0.442593 0.492188 0.443519 0.489583 0.443519 0.489063 0.444444 0.486458 0.444444 0.485938 0.445370 0.483854 0.445370 0.483333 0.446296 0.481771 0.446296 0.480729 0.448148 0.480208 0.448148 0.466667 0.472222 0.466146 0.472222 0.443229 0.512963 0.443229 0.513889 0.442708 0.514815 0.442708 0.517593 0.444271 0.520370 0.446354 0.520370 0.446875 0.519444 0.447396 0.519444 0.447917 0.518519 0.448437 0.518519 0.448958 0.517593 0.450000 0.517593 0.450521 0.516667 0.451042 0.516667 0.451562 0.515741 0.452083 0.515741 0.452604 0.514815 0.453125 0.514815 0.459896 0.502778 0.460417 0.502778 0.473958 0.478704 0.474479 0.478704 0.475000 0.477778 0.475521 0.477778 0.476042 0.476852 0.477083 0.476852 0.477604 0.475926 0.478646 0.475926 0.479167 0.475000 0.480208 0.475000 0.480729 0.474074 0.481771 0.474074 0.482292 0.473148 0.483333 0.473148 0.483854 0.472222 0.484896 0.472222 0.485417 0.471296 0.485938 0.471296 0.486458 0.470370 0.488021 0.470370 0.488542 0.471296 0.489063 0.471296 0.491146 0.475000 0.491667 0.475000 0.500521 0.490741 0.501042 0.490741 0.503646 0.495370 0.503646 0.496296 0.517188 0.520370 0.517708 0.520370 0.518750 0.522222 0.520833 0.522222 0.525521 0.513889 0.498958 0.466667 0.498958 0.465741 0.491667 0.452778 0.491667 0.451852 0.490625 0.450000 0.490625 0.447222 0.492188 0.444444 0.492708 0.444444 0.493229 0.443519 0.495312 0.443519 0.495833 0.442593
0 0.578646 0.479167 0.079167 0.082407 0.579688 0.437963 0.579167 0.438889 0.578646 0.438889 0.555208 0.480556 0.554688 0.480556 0.548438 0.491667 0.548438 0.492593 0.546875 0.495370 0.546875 0.496296 0.545312 0.499074 0.545312 0.500000 0.543229 0.503704 0.543229 0.504630 0.541667 0.507407 0.541667 0.508333 0.540104 0.511111 0.540104 0.512037 0.539062 0.513889 0.539062 0.515741 0.539583 0.516667 0.539583 0.517593 0.540104 0.518519 0.540625 0.518519 0.541146 0.519444 0.542188 0.519444 0.542708 0.518519 0.543229 0.518519 0.553125 0.500926 0.553646 0.500926 0.563021 0.484259 0.563542 0.484259 0.567708 0.476852 0.568229 0.476852 0.570833 0.472222 0.571354 0.472222 0.572917 0.469444 0.573438 0.469444 0.574479 0.467593 0.575000 0.467593 0.575521 0.466667 0.576042 0.466667 0.576562 0.465741 0.578125 0.465741 0.578646 0.464815 0.579167 0.464815 0.579688 0.465741 0.581250 0.465741 0.581771 0.466667 0.582292 0.466667 0.582812 0.467593 0.583333 0.467593 0.584375 0.469444 0.584896 0.469444 0.586979 0.473148 0.587500 0.473148 0.591667 0.480556 0.592187 0.480556 0.613542 0.518519 0.614062 0.518519 0.615104 0.520370 0.616667 0.520370 0.617188 0.519444 0.617708 0.519444 0.617708 0.518519 0.618229 0.517593 0.618229 0.514815 0.617708 0.513889 0.617708 0.512963 0.617188 0.512037 0.617188 0.511111 0.616146 0.509259 0.616146 0.508333 0.615625 0.507407 0.615625 0.506481 0.615104 0.505556 0.615104 0.504630 0.614583 0.503704 0.614583 0.502778 0.589063 0.457407 0.589063 0.456481 0.587500 0.453704 0.587500 0.452778 0.586979 0.451852 0.586979 0.448148 0.581771 0.438889 0.581250 0.438889 0.580729 0.437963
0 0.671094 0.496296 0.084896 0.079630 0.668750 0.456481 0.653646 0.483333 0.653125 0.483333 0.639062 0.508333 0.638542 0.508333 0.630729 0.522222 0.630208 0.522222 0.629167 0.524074 0.628646 0.524074 0.628646 0.525926 0.629687 0.527778 0.629687 0.528704 0.630208 0.529630 0.630208 0.530556 0.632292 0.534259 0.632812 0.534259 0.633333 0.535185 0.633854 0.534259 0.634375 0.534259 0.635938 0.531481 0.636458 0.531481 0.646875 0.512963 0.647396 0.512963 0.654687 0.500000 0.655208 0.500000 0.659375 0.492593 0.659896 0.492593 0.662500 0.487963 0.663021 0.487963 0.664583 0.485185 0.665104 0.485185 0.666667 0.482407 0.667188 0.482407 0.667708 0.481481 0.668229 0.481481 0.669792 0.484259 0.670312 0.484259 0.670833 0.485185 0.671354 0.485185 0.671875 0.486111 0.672396 0.486111 0.672917 0.487037 0.673438 0.487037 0.673958 0.487963 0.674479 0.487963 0.675000 0.488889 0.675521 0.488889 0.676562 0.490741 0.677083 0.490741 0.677604 0.491667 0.678125 0.491667 0.678646 0.492593 0.679167 0.492593 0.679688 0.493519 0.680208 0.493519 0.680729 0.494444 0.681250 0.494444 0.681771 0.495370 0.682292 0.495370 0.682813 0.496296 0.683333 0.496296 0.699479 0.525000 0.700000 0.525000 0.700521 0.525926 0.701042 0.525926 0.702083 0.527778 0.702604 0.527778 0.703125 0.528704 0.703646 0.528704 0.704167 0.529630 0.704688 0.529630 0.705729 0.531481 0.706250 0.531481 0.706771 0.532407 0.707292 0.532407 0.707812 0.533333 0.708333 0.533333 0.709375 0.535185 0.710417 0.535185 0.710938 0.536111 0.711458 0.535185 0.712500 0.535185 0.713021 0.534259 0.713021 0.533333 0.713542 0.532407 0.713542 0.531481 0.713021 0.530556 0.713021 0.529630 0.712500 0.528704 0.712500 0.527778 0.694792 0.496296 0.694792 0.495370 0.675000 0.460185 0.674479 0.460185 0.673438 0.458333 0.672396 0.458333 0.671875 0.457407 0.670833 0.457407 0.670312 0.456481
0 0.362760 0.476852 0.081771 0.074074 0.326562 0.439815 0.326042 0.440741 0.322917 0.440741 0.321875 0.442593 0.321875 0.445370 0.322396 0.446296 0.322396 0.447222 0.324479 0.450926 0.324479 0.451852 0.335938 0.472222 0.335938 0.473148 0.348958 0.496296 0.348958 0.497222 0.357812 0.512963 0.358333 0.512963 0.358854 0.513889 0.360938 0.513889 0.361458 0.512963 0.363021 0.512963 0.395833 0.454630 0.396354 0.454630 0.398438 0.450926 0.401042 0.450926 0.401562 0.450000 0.403646 0.450000 0.403646 0.449074 0.401562 0.445370 0.401562 0.440741 0.397917 0.440741 0.397396 0.441667 0.394792 0.441667 0.393750 0.443519 0.393229 0.443519 0.375000 0.475926 0.374479 0.475926 0.369792 0.484259 0.369271 0.484259 0.368229 0.486111 0.367188 0.486111 0.366667 0.487037 0.364583 0.487037 0.364063 0.487963 0.362500 0.487963 0.360417 0.484259 0.357812 0.484259 0.357292 0.485185 0.353646 0.485185 0.329688 0.442593 0.329167 0.442593 0.327604 0.439815
0 0.448437 0.474537 0.092708 0.076852 0.490625 0.436111 0.490104 0.437037 0.486979 0.437037 0.486458 0.437963 0.483333 0.437963 0.482812 0.438889 0.479687 0.438889 0.479167 0.439815 0.476562 0.439815 0.476042 0.440741 0.475521 0.440741 0.471875 0.447222 0.471354 0.447222 0.456771 0.473148 0.456250 0.473148 0.451562 0.481481 0.451042 0.481481 0.450521 0.482407 0.448958 0.482407 0.448437 0.483333 0.447396 0.483333 0.446875 0.484259 0.445312 0.484259 0.444792 0.485185 0.443750 0.485185 0.443229 0.486111 0.441667 0.486111 0.441146 0.487037 0.439583 0.487037 0.439063 0.487963 0.438021 0.487963 0.437500 0.488889 0.434375 0.488889 0.431250 0.483333 0.430729 0.483333 0.429688 0.481481 0.429688 0.480556 0.409896 0.445370 0.409375 0.445370 0.406250 0.439815 0.405729 0.439815 0.405208 0.438889 0.403646 0.438889 0.403125 0.439815 0.402604 0.439815 0.402083 0.440741 0.402083 0.445370 0.404167 0.449074 0.404167 0.450000 0.417187 0.473148 0.417187 0.474074 0.431771 0.500000 0.431771 0.500926 0.437500 0.511111 0.438021 0.511111 0.439063 0.512963 0.441146 0.512963 0.441667 0.512037 0.442188 0.512037 0.442708 0.511111 0.443750 0.511111 0.466146 0.471296 0.466667 0.471296 0.480208 0.447222 0.480729 0.447222 0.481771 0.445370 0.483333 0.445370 0.483854 0.444444 0.485938 0.444444 0.486458 0.443519 0.489063 0.443519 0.489583 0.442593 0.492188 0.442593 0.492708 0.441667 0.494792 0.441667 0.494792 0.440741 0.494271 0.440741 0.491667 0.436111
0 0.532292 0.478704 0.082292 0.081481 0.570833 0.437963 0.568750 0.441667 0.568229 0.441667 0.555208 0.464815 0.554688 0.464815 0.550000 0.473148 0.549479 0.473148 0.547396 0.476852 0.546875 0.476852 0.545312 0.479630 0.544792 0.479630 0.544271 0.480556 0.543750 0.480556 0.541667 0.484259 0.540104 0.484259 0.538021 0.480556 0.538021 0.479630 0.537500 0.479630 0.535937 0.476852 0.535417 0.476852 0.533854 0.479630 0.533333 0.479630 0.531771 0.482407 0.529167 0.482407 0.526563 0.477778 0.526042 0.478704 0.525521 0.478704 0.525000 0.479630 0.524479 0.479630 0.523438 0.481481 0.522917 0.481481 0.522396 0.482407 0.521875 0.482407 0.521354 0.483333 0.519271 0.483333 0.518229 0.481481 0.517708 0.481481 0.496354 0.443519 0.495833 0.443519 0.495312 0.444444 0.493229 0.444444 0.492708 0.445370 0.492188 0.445370 0.491146 0.447222 0.491146 0.450000 0.492188 0.451852 0.492188 0.452778 0.499479 0.465741 0.499479 0.466667 0.529167 0.519444 0.531771 0.519444 0.533854 0.515741 0.534375 0.515741 0.554688 0.479630 0.555208 0.479630 0.569792 0.453704 0.569792 0.452778 0.570833 0.450926 0.570833 0.450000 0.571354 0.449074 0.571354 0.448148 0.571875 0.447222 0.571875 0.446296 0.572917 0.444444 0.572917 0.443519 0.573438 0.442593 0.573438 0.440741 0.571875 0.437963
0 0.628385 0.481481 0.082812 0.085185 0.588021 0.438889 0.586979 0.440741 0.586979 0.445370 0.587500 0.446296 0.587500 0.451852 0.588021 0.452778 0.588021 0.453704 0.589583 0.456481 0.589583 0.457407 0.617188 0.506481 0.617188 0.507407 0.624479 0.520370 0.625000 0.520370 0.626563 0.523148 0.627083 0.523148 0.627604 0.524074 0.628125 0.524074 0.628646 0.523148 0.629167 0.523148 0.630208 0.521296 0.630729 0.521296 0.638542 0.507407 0.639062 0.507407 0.653125 0.482407 0.653646 0.482407 0.669271 0.454630 0.669271 0.453704 0.669792 0.452778 0.669792 0.451852 0.669271 0.450926 0.669271 0.450000 0.667708 0.447222 0.666146 0.447222 0.665625 0.446296 0.664062 0.446296 0.663542 0.447222 0.663021 0.447222 0.660417 0.451852 0.659896 0.451852 0.656250 0.458333 0.655729 0.458333 0.649479 0.469444 0.648958 0.469444 0.636979 0.490741 0.636458 0.490741 0.634375 0.494444 0.633854 0.494444 0.633333 0.495370 0.632292 0.495370 0.623958 0.480556 0.623437 0.480556 0.622917 0.481481 0.622396 0.481481 0.621875 0.482407 0.621354 0.482407 0.620833 0.483333 0.618750 0.483333 0.618229 0.484259 0.617708 0.484259 0.617188 0.485185 0.616667 0.484259 0.615625 0.484259 0.614583 0.482407 0.614062 0.482407 0.591667 0.442593 0.591146 0.442593 0.589063 0.438889
0 0.719531 0.499537 0.091146 0.082407 0.673958 0.458333 0.674479 0.459259 0.675000 0.459259 0.695312 0.495370 0.695312 0.496296 0.713021 0.527778 0.713021 0.528704 0.713542 0.529630 0.713542 0.530556 0.714063 0.531481 0.714063 0.532407 0.714583 0.533333 0.715104 0.533333 0.716146 0.535185 0.716667 0.535185 0.717187 0.536111 0.717708 0.536111 0.718229 0.537037 0.718750 0.537037 0.719271 0.537963 0.719792 0.537963 0.720833 0.539815 0.721354 0.539815 0.721875 0.540741 0.724479 0.540741 0.725521 0.538889 0.726042 0.538889 0.731771 0.528704 0.732292 0.528704 0.742188 0.511111 0.742708 0.511111 0.752083 0.494444 0.752604 0.494444 0.764583 0.473148 0.764583 0.472222 0.765104 0.471296 0.765104 0.470370 0.764583 0.469444 0.764583 0.468519 0.763542 0.466667 0.763021 0.466667 0.762500 0.465741 0.759896 0.465741 0.754687 0.475000 0.754167 0.475000 0.744271 0.492593 0.743750 0.492593 0.734896 0.508333 0.734375 0.508333 0.731771 0.512963 0.731250 0.512963 0.730729 0.513889 0.729167 0.513889 0.728646 0.512963 0.727604 0.512963 0.727083 0.512037 0.726562 0.512037 0.726042 0.511111 0.725521 0.511111 0.725000 0.510185 0.723958 0.510185 0.723437 0.509259 0.722917 0.509259 0.722396 0.508333 0.721354 0.508333 0.720833 0.507407 0.720313 0.507407 0.719792 0.506481 0.718750 0.506481 0.718229 0.505556 0.717708 0.505556 0.717187 0.504630 0.716146 0.504630 0.715625 0.503704 0.715104 0.503704 0.714583 0.502778 0.714063 0.502778 0.713542 0.501852 0.712500 0.501852 0.711979 0.500926 0.711458 0.500926 0.710938 0.500000 0.709896 0.500000 0.709375 0.499074 0.708854 0.499074 0.708333 0.498148 0.707292 0.498148 0.706771 0.497222 0.706250 0.497222 0.705729 0.496296 0.705208 0.496296 0.704688 0.495370 0.704167 0.495370 0.689063 0.468519 0.688542 0.468519 0.687500 0.466667 0.686979 0.466667 0.686458 0.465741 0.685417 0.465741 0.684896 0.464815 0.683854 0.464815 0.683333 0.463889 0.682292 0.463889 0.681771 0.462963 0.680729 0.462963 0.680208 0.462037 0.679167 0.462037 0.678646 0.461111 0.677604 0.461111 0.677083 0.460185 0.676042 0.460185 0.675521 0.459259 0.674479 0.459259
0 0.322135 0.448148 0.079687 0.072222 0.318229 0.412037 0.285417 0.470370 0.285417 0.471296 0.282292 0.476852 0.282292 0.480556 0.282813 0.481481 0.282813 0.482407 0.283333 0.482407 0.283854 0.481481 0.284375 0.481481 0.294792 0.462963 0.294792 0.462037 0.296354 0.459259 0.296875 0.459259 0.299479 0.454630 0.300000 0.454630 0.300521 0.453704 0.306250 0.453704 0.306771 0.452778 0.312500 0.452778 0.313021 0.451852 0.317188 0.451852 0.319271 0.448148 0.320833 0.448148 0.321354 0.447222 0.321875 0.447222 0.321875 0.446296 0.321354 0.445370 0.321354 0.442593 0.322917 0.439815 0.326042 0.439815 0.326562 0.438889 0.327604 0.438889 0.329167 0.441667 0.329688 0.441667 0.353646 0.484259 0.357292 0.484259 0.357812 0.483333 0.360417 0.483333 0.360417 0.480556 0.360938 0.479630 0.360938 0.478704 0.361979 0.476852 0.360417 0.476852 0.359896 0.477778 0.357292 0.477778 0.356771 0.478704 0.354687 0.478704 0.353646 0.476852 0.353125 0.476852 0.345313 0.462963 0.345313 0.462037 0.330208 0.435185 0.330208 0.434259 0.318229 0.412963
0 0.406510 0.450926 0.091146 0.074074 0.398438 0.413889 0.397396 0.415741 0.396875 0.415741 0.361458 0.478704 0.361458 0.479630 0.360938 0.480556 0.360938 0.484259 0.362500 0.487037 0.364063 0.487037 0.364583 0.486111 0.366667 0.486111 0.367188 0.485185 0.368229 0.485185 0.369271 0.483333 0.369792 0.483333 0.374479 0.475000 0.375000 0.475000 0.393229 0.442593 0.393750 0.442593 0.394792 0.440741 0.397396 0.440741 0.397917 0.439815 0.402083 0.439815 0.402604 0.438889 0.403125 0.438889 0.403646 0.437963 0.405208 0.437963 0.405729 0.438889 0.406250 0.438889 0.409375 0.444444 0.409896 0.444444 0.430208 0.480556 0.430208 0.481481 0.430729 0.482407 0.431250 0.482407 0.434375 0.487963 0.437500 0.487963 0.438021 0.487037 0.439063 0.487037 0.439583 0.486111 0.441146 0.486111 0.441667 0.485185 0.443229 0.485185 0.443750 0.484259 0.444792 0.484259 0.445312 0.483333 0.446875 0.483333 0.447396 0.482407 0.448437 0.482407 0.448958 0.481481 0.450521 0.481481 0.451042 0.480556 0.451562 0.480556 0.452083 0.479630 0.451562 0.480556 0.450521 0.480556 0.450000 0.481481 0.448437 0.481481 0.447917 0.482407 0.446875 0.482407 0.446354 0.483333 0.445833 0.482407 0.445312 0.482407 0.443229 0.478704 0.443229 0.475926 0.444271 0.474074 0.443750 0.475000 0.442188 0.475000 0.441667 0.475926 0.440625 0.475926 0.440104 0.475000 0.439583 0.475000 0.438021 0.472222 0.437500 0.472222 0.432292 0.462963 0.432292 0.462037 0.410938 0.424074 0.410938 0.423148 0.405729 0.413889
0 0.484896 0.444907 0.082292 0.075000 0.482292 0.407407 0.480208 0.411111 0.479687 0.411111 0.444792 0.473148 0.444792 0.474074 0.443750 0.475926 0.443750 0.478704 0.445312 0.481481 0.445833 0.481481 0.446354 0.482407 0.446875 0.481481 0.447917 0.481481 0.448437 0.480556 0.450000 0.480556 0.450521 0.479630 0.451562 0.479630 0.452083 0.478704 0.452604 0.478704 0.456250 0.472222 0.456771 0.472222 0.471354 0.446296 0.471875 0.446296 0.475521 0.439815 0.476042 0.439815 0.476562 0.438889 0.479167 0.438889 0.479687 0.437963 0.482812 0.437963 0.483333 0.437037 0.486458 0.437037 0.486979 0.436111 0.490104 0.436111 0.490625 0.435185 0.491667 0.435185 0.494271 0.439815 0.494792 0.439815 0.517708 0.480556 0.518229 0.480556 0.519271 0.482407 0.521354 0.482407 0.521875 0.481481 0.522396 0.481481 0.522917 0.480556 0.523438 0.480556 0.524479 0.478704 0.525000 0.478704 0.525521 0.477778 0.526042 0.477778 0.526042 0.476852 0.525521 0.476852 0.524479 0.475000 0.524479 0.474074 0.494271 0.420370 0.494271 0.419444 0.491146 0.413889 0.491146 0.412963 0.490625 0.412037 0.490625 0.408333 0.491146 0.407407
0 0.578906 0.445833 0.080729 0.076852 0.578125 0.407407 0.576562 0.410185 0.576042 0.410185 0.556250 0.445370 0.555729 0.445370 0.539062 0.475000 0.539062 0.475926 0.538542 0.476852 0.538542 0.480556 0.540104 0.483333 0.541667 0.483333 0.544271 0.478704 0.544792 0.478704 0.559896 0.451852 0.560417 0.451852 0.566146 0.441667 0.566667 0.441667 0.569792 0.436111 0.570312 0.436111 0.571875 0.433333 0.572396 0.433333 0.573958 0.430556 0.574479 0.430556 0.575000 0.429630 0.575521 0.429630 0.576042 0.428704 0.576562 0.428704 0.577083 0.427778 0.580729 0.427778 0.581250 0.428704 0.582292 0.428704 0.583333 0.430556 0.583854 0.430556 0.584375 0.431481 0.584896 0.431481 0.586979 0.435185 0.587500 0.435185 0.591146 0.441667 0.591667 0.441667 0.614062 0.481481 0.614583 0.481481 0.615625 0.483333 0.616667 0.483333 0.617188 0.484259 0.617708 0.483333 0.618229 0.483333 0.619271 0.481481 0.619271 0.477778 0.617188 0.474074 0.617188 0.473148 0.613542 0.466667 0.613542 0.465741 0.605208 0.450926 0.605208 0.450000 0.581771 0.408333 0.581250 0.408333 0.580729 0.407407
0 0.669010 0.456481 0.086979 0.077778 0.668229 0.417593 0.662500 0.427778 0.661979 0.427778 0.646354 0.455556 0.645833 0.455556 0.631771 0.480556 0.631250 0.480556 0.629167 0.484259 0.628646 0.484259 0.628125 0.485185 0.627604 0.485185 0.627083 0.484259 0.626563 0.484259 0.625521 0.482407 0.632292 0.494444 0.633333 0.494444 0.633854 0.493519 0.634375 0.493519 0.636458 0.489815 0.636979 0.489815 0.648958 0.468519 0.649479 0.468519 0.655729 0.457407 0.656250 0.457407 0.659896 0.450926 0.660417 0.450926 0.663021 0.446296 0.663542 0.446296 0.664062 0.445370 0.665625 0.445370 0.666146 0.446296 0.667708 0.446296 0.669792 0.450000 0.669792 0.450926 0.670312 0.451852 0.670312 0.452778 0.669792 0.453704 0.671354 0.456481 0.671875 0.456481 0.672396 0.457407 0.673958 0.457407 0.674479 0.458333 0.675521 0.458333 0.676042 0.459259 0.677083 0.459259 0.677604 0.460185 0.678646 0.460185 0.679167 0.461111 0.680208 0.461111 0.680729 0.462037 0.681771 0.462037 0.682292 0.462963 0.683333 0.462963 0.683854 0.463889 0.684896 0.463889 0.685417 0.464815 0.686458 0.464815 0.686979 0.465741 0.687500 0.465741 0.688542 0.467593 0.689063 0.467593 0.701562 0.489815 0.702604 0.489815 0.703125 0.490741 0.703646 0.490741 0.704167 0.491667 0.705208 0.491667 0.705729 0.492593 0.706250 0.492593 0.706771 0.493519 0.707812 0.493519 0.708333 0.494444 0.709375 0.494444 0.709896 0.495370 0.710417 0.494444 0.711458 0.494444 0.711979 0.493519 0.711979 0.491667 0.712500 0.490741 0.711979 0.489815 0.711979 0.488889 0.710938 0.487037 0.710938 0.486111 0.685417 0.440741 0.685417 0.439815 0.675521 0.422222 0.675000 0.422222 0.672917 0.418519 0.668750 0.418519
0 0.360938 0.440278 0.088542 0.075000 0.318750 0.402778 0.318229 0.403704 0.317708 0.403704 0.317188 0.404630 0.317188 0.405556 0.316667 0.406481 0.317188 0.407407 0.317188 0.409259 0.318750 0.412037 0.318750 0.412963 0.330729 0.434259 0.330729 0.435185 0.345833 0.462037 0.345833 0.462963 0.353125 0.475926 0.353646 0.475926 0.354687 0.477778 0.356771 0.477778 0.357292 0.476852 0.359896 0.476852 0.360417 0.475926 0.362500 0.475926 0.396875 0.414815 0.397396 0.414815 0.398438 0.412963 0.405208 0.412963 0.402604 0.408333 0.402604 0.407407 0.402083 0.406481 0.402083 0.403704 0.391146 0.403704 0.389583 0.406481 0.389062 0.406481 0.368229 0.443519 0.367708 0.443519 0.365104 0.448148 0.364583 0.448148 0.364063 0.447222 0.364063 0.446296 0.363021 0.446296 0.362500 0.447222 0.357292 0.447222 0.356771 0.448148 0.356250 0.448148 0.355729 0.447222 0.355208 0.447222 0.354687 0.446296 0.354167 0.446296 0.330729 0.404630 0.330208 0.404630 0.329688 0.403704 0.325000 0.403704 0.324479 0.402778
0 0.449740 0.437963 0.094271 0.074074 0.404167 0.400926 0.403646 0.401852 0.403125 0.401852 0.403125 0.402778 0.402604 0.403704 0.402604 0.406481 0.403125 0.407407 0.403125 0.408333 0.411458 0.423148 0.411458 0.424074 0.432812 0.462037 0.432812 0.462963 0.437500 0.471296 0.438021 0.471296 0.439583 0.474074 0.440104 0.474074 0.440625 0.475000 0.441667 0.475000 0.442188 0.474074 0.443750 0.474074 0.479687 0.410185 0.480208 0.410185 0.482292 0.406481 0.491667 0.406481 0.492188 0.405556 0.496875 0.405556 0.495312 0.402778 0.487500 0.402778 0.486979 0.401852 0.479167 0.401852 0.478646 0.400926 0.477083 0.400926 0.476562 0.401852 0.476042 0.401852 0.458854 0.432407 0.458333 0.432407 0.452604 0.442593 0.452083 0.442593 0.449479 0.447222 0.448958 0.447222 0.448437 0.448148 0.444792 0.448148 0.444271 0.449074 0.441146 0.449074 0.440625 0.450000 0.436979 0.450000 0.435937 0.448148 0.435417 0.448148 0.411458 0.405556 0.410938 0.405556 0.408854 0.401852 0.407813 0.401852 0.407292 0.400926
0 0.532292 0.443981 0.082292 0.075000 0.492188 0.406481 0.491146 0.408333 0.491146 0.412037 0.491667 0.412963 0.491667 0.413889 0.494792 0.419444 0.494792 0.420370 0.525000 0.474074 0.525000 0.475000 0.525521 0.475926 0.526042 0.475926 0.529167 0.481481 0.531771 0.481481 0.533333 0.478704 0.533854 0.478704 0.535937 0.475000 0.536458 0.475000 0.538021 0.472222 0.538542 0.472222 0.540625 0.468519 0.541146 0.468519 0.542708 0.465741 0.543229 0.465741 0.561458 0.433333 0.561979 0.433333 0.572396 0.414815 0.572396 0.413889 0.573438 0.412037 0.573438 0.409259 0.572396 0.407407 0.570833 0.407407 0.570312 0.406481 0.567708 0.406481 0.566667 0.408333 0.566146 0.408333 0.551562 0.434259 0.551042 0.434259 0.543750 0.447222 0.543229 0.447222 0.541146 0.450926 0.539583 0.450926 0.539062 0.450000 0.538542 0.450000 0.538021 0.449074 0.537500 0.449074 0.536458 0.447222 0.535937 0.447222 0.533333 0.442593 0.532813 0.443519 0.531771 0.443519 0.531250 0.444444 0.529167 0.444444 0.528646 0.443519 0.528125 0.443519 0.527083 0.441667 0.526563 0.442593 0.525521 0.442593 0.525000 0.443519 0.523438 0.443519 0.522917 0.444444 0.519271 0.444444 0.515625 0.437963 0.515104 0.437963 0.514062 0.436111 0.514062 0.435185 0.500000 0.410185 0.499479 0.410185 0.497396 0.406481
0 0.628125 0.445833 0.082292 0.076852 0.663021 0.407407 0.660937 0.411111 0.660417 0.411111 0.656771 0.417593 0.656250 0.417593 0.650000 0.428704 0.649479 0.428704 0.636979 0.450926 0.636458 0.450926 0.633854 0.455556 0.633333 0.455556 0.632812 0.456481 0.632292 0.455556 0.631771 0.455556 0.631250 0.454630 0.630729 0.454630 0.630208 0.453704 0.629687 0.453704 0.629167 0.452778 0.628646 0.452778 0.627604 0.450926 0.627083 0.450926 0.626563 0.450000 0.626042 0.450000 0.625521 0.449074 0.625000 0.449074 0.624479 0.448148 0.623958 0.448148 0.622917 0.450000 0.622396 0.450000 0.621875 0.450926 0.621354 0.450926 0.620833 0.451852 0.619271 0.451852 0.618750 0.452778 0.618229 0.451852 0.617188 0.451852 0.616667 0.450926 0.616146 0.450926 0.610417 0.440741 0.609896 0.440741 0.592187 0.409259 0.591667 0.409259 0.591146 0.408333 0.588021 0.408333 0.586979 0.410185 0.586979 0.411111 0.587500 0.412037 0.587500 0.412963 0.588542 0.414815 0.588542 0.415741 0.607292 0.449074 0.607292 0.450000 0.625000 0.481481 0.625521 0.481481 0.626563 0.483333 0.627083 0.483333 0.627604 0.484259 0.628125 0.484259 0.628646 0.483333 0.629167 0.483333 0.631250 0.479630 0.631771 0.479630 0.645833 0.454630 0.646354 0.454630 0.661979 0.426852 0.662500 0.426852 0.667708 0.417593 0.667708 0.416667 0.668750 0.414815 0.668750 0.413889 0.669271 0.412963 0.669271 0.412037 0.668750 0.411111 0.668750 0.410185 0.667708 0.408333 0.666667 0.408333 0.666146 0.407407
0 0.727344 0.472222 0.089063 0.081481 0.730729 0.431481 0.730208 0.432407 0.729688 0.432407 0.721354 0.447222 0.720833 0.447222 0.714063 0.459259 0.713542 0.459259 0.709896 0.465741 0.694792 0.438889 0.694271 0.438889 0.693229 0.437037 0.690625 0.437037 0.690104 0.436111 0.687500 0.436111 0.686979 0.435185 0.683854 0.435185 0.683333 0.434259 0.682813 0.434259 0.685937 0.439815 0.685937 0.440741 0.711458 0.486111 0.711458 0.487037 0.712500 0.488889 0.712500 0.489815 0.713021 0.490741 0.712500 0.491667 0.712500 0.493519 0.711458 0.495370 0.710417 0.495370 0.709896 0.496296 0.709375 0.495370 0.708333 0.495370 0.707812 0.494444 0.706771 0.494444 0.706250 0.493519 0.705729 0.493519 0.705208 0.492593 0.704167 0.492593 0.703646 0.491667 0.703125 0.491667 0.702604 0.490741 0.702083 0.490741 0.704167 0.494444 0.704688 0.494444 0.705208 0.495370 0.705729 0.495370 0.706250 0.496296 0.706771 0.496296 0.707292 0.497222 0.708333 0.497222 0.708854 0.498148 0.709375 0.498148 0.709896 0.499074 0.710938 0.499074 0.711458 0.500000 0.711979 0.500000 0.712500 0.500926 0.713542 0.500926 0.714063 0.501852 0.714583 0.501852 0.715104 0.502778 0.715625 0.502778 0.716146 0.503704 0.717187 0.503704 0.717708 0.504630 0.718229 0.504630 0.718750 0.505556 0.719792 0.505556 0.720313 0.506481 0.720833 0.506481 0.721354 0.507407 0.722396 0.507407 0.722917 0.508333 0.723437 0.508333 0.723958 0.509259 0.725000 0.509259 0.725521 0.510185 0.726042 0.510185 0.726562 0.511111 0.727083 0.511111 0.727604 0.512037 0.728646 0.512037 0.729167 0.512963 0.730729 0.512963 0.731250 0.512037 0.731771 0.512037 0.734375 0.507407 0.734896 0.507407 0.743750 0.491667 0.744271 0.491667 0.754167 0.474074 0.754687 0.474074 0.764583 0.456481 0.765104 0.456481 0.771354 0.445370 0.771354 0.444444 0.771875 0.443519 0.771875 0.439815 0.770833 0.437963 0.770312 0.437963 0.769792 0.437037 0.765625 0.437037 0.765104 0.436111 0.759896 0.436111 0.759375 0.435185 0.754167 0.435185 0.753646 0.434259 0.748437 0.434259 0.747917 0.433333 0.742708 0.433333 0.742188 0.432407 0.736979 0.432407 0.736458 0.431481
0 0.324219 0.410648 0.080729 0.073148 0.320312 0.374074 0.319792 0.375000 0.319271 0.375000 0.303646 0.402778 0.303646 0.403704 0.285417 0.436111 0.285417 0.437037 0.283854 0.439815 0.283854 0.443519 0.285417 0.446296 0.286458 0.446296 0.297917 0.425926 0.298438 0.425926 0.298958 0.425000 0.310417 0.425000 0.317708 0.412037 0.317708 0.411111 0.316667 0.409259 0.316667 0.407407 0.316146 0.406481 0.316667 0.405556 0.316667 0.404630 0.317708 0.402778 0.318229 0.402778 0.318750 0.401852 0.324479 0.401852 0.325000 0.402778 0.329688 0.402778 0.330208 0.403704 0.330729 0.403704 0.354167 0.445370 0.354687 0.445370 0.355208 0.446296 0.355729 0.446296 0.356250 0.447222 0.356771 0.447222 0.357292 0.446296 0.362500 0.446296 0.363021 0.445370 0.363542 0.445370 0.363542 0.442593 0.364063 0.441667 0.364063 0.440741 0.364583 0.439815 0.359375 0.439815 0.358333 0.437963 0.357812 0.437963 0.349479 0.423148 0.349479 0.422222 0.330729 0.388889 0.330729 0.387963 0.323437 0.375000 0.322917 0.375000 0.322396 0.374074
0 0.407552 0.412500 0.086979 0.073148 0.401042 0.375926 0.398958 0.379630 0.398438 0.379630 0.387500 0.399074 0.387500 0.400000 0.364583 0.440741 0.364583 0.441667 0.364063 0.442593 0.364063 0.445370 0.364583 0.446296 0.364583 0.447222 0.365104 0.447222 0.367708 0.442593 0.368229 0.442593 0.389062 0.405556 0.389583 0.405556 0.391146 0.402778 0.402604 0.402778 0.402604 0.401852 0.403125 0.400926 0.403646 0.400926 0.404167 0.400000 0.407292 0.400000 0.407813 0.400926 0.408854 0.400926 0.410938 0.404630 0.411458 0.404630 0.435417 0.447222 0.435937 0.447222 0.436979 0.449074 0.440625 0.449074 0.441146 0.448148 0.444271 0.448148 0.444792 0.447222 0.448437 0.447222 0.448958 0.446296 0.449479 0.446296 0.451042 0.443519 0.450000 0.443519 0.449479 0.444444 0.445833 0.444444 0.444271 0.441667 0.444271 0.440741 0.443750 0.439815 0.443750 0.437963 0.444271 0.437037 0.443750 0.437037 0.443229 0.437963 0.440104 0.437963 0.439583 0.437037 0.439063 0.437037 0.413021 0.390741 0.413021 0.389815 0.405729 0.376852 0.405208 0.376852 0.404687 0.375926
0 0.485417 0.406019 0.082292 0.075000 0.483854 0.368519 0.483333 0.369444 0.482812 0.369444 0.482292 0.370370 0.481771 0.370370 0.444792 0.436111 0.444792 0.437037 0.444271 0.437963 0.444271 0.439815 0.444792 0.440741 0.444792 0.441667 0.445833 0.443519 0.449479 0.443519 0.450000 0.442593 0.451562 0.442593 0.452083 0.441667 0.452604 0.441667 0.458333 0.431481 0.458854 0.431481 0.476042 0.400926 0.476562 0.400926 0.477083 0.400000 0.478646 0.400000 0.479167 0.400926 0.486979 0.400926 0.487500 0.401852 0.495312 0.401852 0.499479 0.409259 0.500000 0.409259 0.514583 0.435185 0.514583 0.436111 0.515104 0.437037 0.515625 0.437037 0.519271 0.443519 0.522917 0.443519 0.523438 0.442593 0.525000 0.442593 0.525521 0.441667 0.526563 0.441667 0.526563 0.440741 0.499479 0.392593 0.499479 0.391667 0.490104 0.375000 0.490104 0.374074 0.489583 0.373148 0.489583 0.371296 0.488542 0.371296 0.488021 0.370370 0.486458 0.370370 0.485938 0.369444 0.484375 0.369444
0 0.578906 0.406481 0.080729 0.075926 0.578646 0.368519 0.578125 0.369444 0.577604 0.369444 0.572917 0.377778 0.572396 0.377778 0.539062 0.437037 0.539062 0.437963 0.538542 0.438889 0.538542 0.439815 0.539062 0.440741 0.539062 0.441667 0.540625 0.444444 0.541667 0.444444 0.542188 0.443519 0.542708 0.443519 0.543229 0.442593 0.543750 0.442593 0.544271 0.441667 0.545312 0.441667 0.545833 0.440741 0.546354 0.440741 0.546875 0.439815 0.547396 0.439815 0.551042 0.433333 0.551562 0.433333 0.566146 0.407407 0.566667 0.407407 0.567708 0.405556 0.569271 0.405556 0.571354 0.401852 0.571875 0.401852 0.574479 0.397222 0.575000 0.397222 0.576042 0.395370 0.576562 0.395370 0.577604 0.393519 0.578646 0.393519 0.579167 0.392593 0.581771 0.392593 0.582292 0.393519 0.583333 0.393519 0.584375 0.395370 0.584896 0.395370 0.586979 0.399074 0.587500 0.399074 0.591667 0.406481 0.592187 0.406481 0.608854 0.436111 0.609375 0.436111 0.610417 0.437963 0.610938 0.437963 0.611979 0.439815 0.612500 0.439815 0.613542 0.441667 0.614062 0.441667 0.615104 0.443519 0.615625 0.443519 0.616146 0.444444 0.618229 0.444444 0.619271 0.442593 0.619271 0.438889 0.618750 0.437963 0.618750 0.437037 0.611979 0.425000 0.611979 0.424074 0.581250 0.369444 0.580729 0.369444 0.580208 0.368519
0 0.665885 0.417593 0.090104 0.075926 0.669792 0.379630 0.669271 0.380556 0.667188 0.380556 0.660937 0.391667 0.660417 0.391667 0.642708 0.423148 0.642188 0.423148 0.630729 0.443519 0.630208 0.443519 0.629167 0.445370 0.628646 0.445370 0.628125 0.446296 0.627604 0.445370 0.626563 0.445370 0.626042 0.444444 0.625521 0.444444 0.625000 0.443519 0.624479 0.443519 0.623958 0.442593 0.623437 0.442593 0.622917 0.441667 0.622396 0.441667 0.621875 0.440741 0.620833 0.440741 0.620833 0.442593 0.622396 0.445370 0.622917 0.445370 0.623958 0.447222 0.624479 0.447222 0.625000 0.448148 0.625521 0.448148 0.626042 0.449074 0.626563 0.449074 0.627083 0.450000 0.627604 0.450000 0.628646 0.451852 0.629167 0.451852 0.629687 0.452778 0.630208 0.452778 0.630729 0.453704 0.631250 0.453704 0.631771 0.454630 0.632292 0.454630 0.632812 0.455556 0.633333 0.454630 0.633854 0.454630 0.636458 0.450000 0.636979 0.450000 0.649479 0.427778 0.650000 0.427778 0.656250 0.416667 0.656771 0.416667 0.660417 0.410185 0.660937 0.410185 0.663021 0.406481 0.666146 0.406481 0.666667 0.407407 0.667708 0.407407 0.669271 0.410185 0.669271 0.411111 0.669792 0.412037 0.669792 0.412963 0.669271 0.413889 0.669271 0.414815 0.668229 0.416667 0.668750 0.417593 0.672917 0.417593 0.675000 0.421296 0.675521 0.421296 0.682292 0.433333 0.683333 0.433333 0.683854 0.434259 0.686979 0.434259 0.687500 0.435185 0.690104 0.435185 0.690625 0.436111 0.693229 0.436111 0.694271 0.437963 0.694792 0.437963 0.703646 0.453704 0.705208 0.453704 0.705729 0.454630 0.707812 0.454630 0.708333 0.455556 0.709375 0.455556 0.709896 0.454630 0.710417 0.454630 0.710938 0.453704 0.710938 0.449074 0.708854 0.445370 0.708854 0.444444 0.672917 0.380556 0.672396 0.380556 0.671875 0.379630