0 0.270833 0.561111 0.086458 0.077778 0.236458 0.522222 0.235417 0.524074 0.234375 0.524074 0.233854 0.525000 0.232813 0.525000 0.232292 0.525926 0.231771 0.525926 0.231250 0.526852 0.230208 0.526852 0.229687 0.527778 0.229167 0.527778 0.228646 0.528704 0.228125 0.528704 0.228125 0.529630 0.227604 0.530556 0.227604 0.533333 0.228125 0.534259 0.228125 0.535185 0.244271 0.563889 0.244792 0.563889 0.257812 0.587037 0.258333 0.587037 0.265104 0.599074 0.265625 0.599074 0.266146 0.600000 0.272396 0.600000 0.274479 0.596296 0.275000 0.596296 0.277604 0.591667 0.278125 0.591667 0.280729 0.587037 0.281250 0.587037 0.283854 0.582407 0.284375 0.582407 0.286458 0.578704 0.286979 0.578704 0.289583 0.574074 0.290104 0.574074 0.292708 0.569444 0.293229 0.569444 0.295833 0.564815 0.296354 0.564815 0.312500 0.536111 0.313021 0.536111 0.314063 0.534259 0.314063 0.532407 0.313021 0.530556 0.313021 0.529630 0.311979 0.527778 0.311979 0.526852 0.311458 0.525926 0.311458 0.525000 0.310417 0.523148 0.308854 0.523148 0.307812 0.525000 0.307292 0.525000 0.306250 0.526852 0.305729 0.526852 0.303125 0.531481 0.302604 0.531481 0.293229 0.548148 0.292187 0.548148 0.291667 0.547222 0.289583 0.547222 0.289062 0.548148 0.288542 0.548148 0.287500 0.550000 0.286979 0.550000 0.286458 0.550926 0.285938 0.550926 0.285417 0.551852 0.284896 0.551852 0.284375 0.552778 0.283854 0.552778 0.283333 0.553704 0.282813 0.553704 0.281771 0.555556 0.281250 0.555556 0.280729 0.556481 0.280208 0.556481 0.279687 0.557407 0.279167 0.557407 0.278646 0.558333 0.278125 0.558333 0.277604 0.559259 0.277083 0.559259 0.276042 0.561111 0.275521 0.561111 0.275000 0.562037 0.274479 0.562037 0.273958 0.562963 0.273438 0.562963 0.272917 0.563889 0.272396 0.563889 0.271875 0.564815 0.271354 0.564815 0.270833 0.565741 0.268750 0.565741 0.267188 0.562963 0.267188 0.558333 0.266667 0.558333 0.266146 0.559259 0.265625 0.559259 0.265104 0.560185 0.264583 0.560185 0.264062 0.561111 0.263542 0.561111 0.263021 0.562037 0.262500 0.562037 0.261979 0.562963 0.260417 0.562963 0.259896 0.562037 0.259375 0.562037 0.247396 0.540741 0.246875 0.540741
0 0.269531 0.519907 0.098437 0.086111 0.317708 0.476852 0.317188 0.477778 0.315625 0.477778 0.315104 0.478704 0.314063 0.478704 0.313542 0.479630 0.312500 0.479630 0.311979 0.480556 0.310937 0.480556 0.310417 0.481481 0.309375 0.481481 0.308854 0.482407 0.307812 0.482407 0.307292 0.483333 0.305729 0.483333 0.305208 0.484259 0.304167 0.484259 0.303646 0.485185 0.302604 0.485185 0.302083 0.486111 0.301042 0.486111 0.300521 0.487037 0.299479 0.487037 0.298958 0.487963 0.298438 0.487963 0.297917 0.488889 0.297396 0.488889 0.287500 0.506481 0.286979 0.506481 0.278125 0.522222 0.277604 0.522222 0.277083 0.523148 0.276042 0.523148 0.275521 0.524074 0.275000 0.524074 0.274479 0.525000 0.272917 0.525000 0.272396 0.524074 0.271875 0.524074 0.271354 0.523148 0.271354 0.522222 0.270833 0.523148 0.270313 0.523148 0.269792 0.524074 0.268750 0.524074 0.268229 0.525000 0.267188 0.525000 0.266667 0.525926 0.266146 0.525926 0.265625 0.526852 0.264583 0.526852 0.264062 0.527778 0.263542 0.527778 0.263021 0.528704 0.261979 0.528704 0.261458 0.529630 0.260417 0.529630 0.259896 0.530556 0.259375 0.530556 0.258854 0.531481 0.257812 0.531481 0.257292 0.532407 0.256771 0.532407 0.256250 0.533333 0.255208 0.533333 0.254688 0.534259 0.254167 0.533333 0.253646 0.533333 0.253125 0.532407 0.252604 0.532407 0.248438 0.525000 0.247917 0.525000 0.226042 0.486111 0.223958 0.486111 0.223438 0.487037 0.221354 0.487037 0.220312 0.488889 0.220312 0.492593 0.220833 0.493519 0.220833 0.494444 0.246354 0.539815 0.246875 0.539815 0.258854 0.561111 0.259375 0.561111 0.260417 0.562963 0.261458 0.562963 0.261979 0.562037 0.262500 0.562037 0.263021 0.561111 0.263542 0.561111 0.264062 0.560185 0.264583 0.560185 0.265104 0.559259 0.265625 0.559259 0.266146 0.558333 0.266667 0.558333 0.267188 0.557407 0.267708 0.557407 0.289583 0.518519 0.290104 0.518519 0.304688 0.492593 0.305208 0.492593 0.306771 0.489815 0.307292 0.489815 0.307812 0.488889 0.308333 0.488889 0.308854 0.487963 0.309896 0.487963 0.310417 0.487037 0.311458 0.487037 0.311458 0.486111 0.310937 0.485185 0.310937 0.484259 0.311458 0.483333 0.311458 0.482407 0.313021 0.479630 0.314063 0.479630 0.314583 0.478704 0.315625 0.478704 0.316146 0.477778 0.317708 0.477778 0.318229 0.476852 0.318750 0.476852
0 0.260677 0.492593 0.095312 0.081481 0.306250 0.451852 0.305729 0.452778 0.303125 0.452778 0.302604 0.453704 0.300521 0.453704 0.300000 0.454630 0.297396 0.454630 0.296875 0.455556 0.294271 0.455556 0.293750 0.456481 0.292708 0.456481 0.292187 0.457407 0.291667 0.457407 0.283333 0.472222 0.282813 0.472222 0.272396 0.490741 0.271875 0.490741 0.269792 0.494444 0.268229 0.494444 0.267708 0.495370 0.266667 0.495370 0.266146 0.496296 0.264583 0.496296 0.264062 0.497222 0.263021 0.497222 0.262500 0.498148 0.260937 0.498148 0.260417 0.499074 0.259375 0.499074 0.258854 0.500000 0.257292 0.500000 0.256771 0.500926 0.255208 0.500926 0.254688 0.501852 0.253646 0.501852 0.253125 0.502778 0.251042 0.502778 0.250521 0.501852 0.250000 0.501852 0.246875 0.496296 0.246354 0.496296 0.222917 0.454630 0.219271 0.454630 0.218750 0.455556 0.214583 0.455556 0.213021 0.458333 0.213021 0.461111 0.213542 0.462037 0.213542 0.462963 0.247917 0.524074 0.248438 0.524074 0.252604 0.531481 0.253125 0.531481 0.253646 0.532407 0.254167 0.532407 0.254688 0.533333 0.255208 0.532407 0.256250 0.532407 0.256771 0.531481 0.257292 0.531481 0.257812 0.530556 0.258854 0.530556 0.259375 0.529630 0.259896 0.529630 0.260417 0.528704 0.261458 0.528704 0.261979 0.527778 0.263021 0.527778 0.263542 0.526852 0.264062 0.526852 0.264583 0.525926 0.265625 0.525926 0.266146 0.525000 0.266667 0.525000 0.267188 0.524074 0.268229 0.524074 0.268750 0.523148 0.269792 0.523148 0.270313 0.522222 0.270833 0.522222 0.270833 0.521296 0.270313 0.520370 0.270313 0.518519 0.270833 0.517593 0.270833 0.516667 0.286979 0.487963 0.287500 0.487963 0.306250 0.454630 0.306771 0.454630 0.308333 0.451852
0 0.255729 0.463426 0.090625 0.076852 0.298438 0.425000 0.297917 0.425926 0.289583 0.425926 0.289062 0.426852 0.288542 0.426852 0.280729 0.440741 0.280208 0.440741 0.268229 0.462037 0.267708 0.462037 0.264583 0.467593 0.264062 0.467593 0.263542 0.468519 0.261458 0.468519 0.260937 0.469444 0.258854 0.469444 0.258333 0.470370 0.255729 0.470370 0.255208 0.471296 0.253125 0.471296 0.252604 0.472222 0.250000 0.472222 0.249479 0.473148 0.247396 0.473148 0.246875 0.474074 0.244271 0.474074 0.243750 0.473148 0.243229 0.473148 0.240625 0.468519 0.240104 0.468519 0.225521 0.442593 0.225000 0.442593 0.215625 0.425926 0.211979 0.425926 0.210417 0.428704 0.210417 0.430556 0.210938 0.431481 0.210938 0.432407 0.211979 0.434259 0.211979 0.435185 0.221875 0.452778 0.222396 0.452778 0.246354 0.495370 0.246875 0.495370 0.250000 0.500926 0.250521 0.500926 0.251042 0.501852 0.253125 0.501852 0.253646 0.500926 0.254688 0.500926 0.255208 0.500000 0.256771 0.500000 0.257292 0.499074 0.258854 0.499074 0.259375 0.498148 0.260417 0.498148 0.260937 0.497222 0.262500 0.497222 0.263021 0.496296 0.264062 0.496296 0.264583 0.495370 0.266146 0.495370 0.266667 0.494444 0.267708 0.494444 0.268229 0.493519 0.269792 0.493519 0.271875 0.489815 0.272396 0.489815 0.274479 0.486111 0.273958 0.487037 0.272396 0.487037 0.271875 0.486111 0.271354 0.486111 0.270313 0.484259 0.270313 0.483333 0.269792 0.482407 0.269792 0.480556 0.270313 0.479630 0.270313 0.478704 0.295833 0.433333 0.296354 0.433333 0.301042 0.425000
0 0.248958 0.434722 0.091667 0.076852 0.282813 0.396296 0.282292 0.397222 0.281771 0.397222 0.269792 0.418519 0.269271 0.418519 0.267188 0.422222 0.266667 0.422222 0.266146 0.421296 0.265625 0.421296 0.255208 0.402778 0.254688 0.402778 0.253646 0.400926 0.253125 0.400926 0.252604 0.400000 0.242188 0.400000 0.241667 0.399074 0.229167 0.399074 0.228646 0.398148 0.215625 0.398148 0.215104 0.397222 0.204167 0.397222 0.203125 0.399074 0.203125 0.402778 0.205208 0.406481 0.205208 0.407407 0.208854 0.413889 0.209375 0.413889 0.225000 0.441667 0.225521 0.441667 0.240104 0.467593 0.240625 0.467593 0.243229 0.472222 0.243750 0.472222 0.244271 0.473148 0.246875 0.473148 0.247396 0.472222 0.249479 0.472222 0.250000 0.471296 0.252604 0.471296 0.253125 0.470370 0.255208 0.470370 0.255729 0.469444 0.258333 0.469444 0.258854 0.468519 0.260937 0.468519 0.261458 0.467593 0.263542 0.467593 0.264062 0.466667 0.264583 0.466667 0.267708 0.461111 0.268229 0.461111 0.275521 0.448148 0.272917 0.448148 0.270833 0.444444 0.270833 0.440741 0.272917 0.437037 0.272917 0.436111 0.277604 0.427778 0.278125 0.427778 0.294792 0.398148 0.294271 0.397222 0.285938 0.397222 0.285417 0.396296
0 0.358333 0.401852 0.088542 0.075926 0.315625 0.363889 0.315104 0.364815 0.314583 0.364815 0.314583 0.365741 0.314063 0.366667 0.314063 0.369444 0.315104 0.371296 0.315104 0.372222 0.351562 0.437037 0.352083 0.437037 0.353125 0.438889 0.353646 0.438889 0.354167 0.439815 0.354687 0.438889 0.357292 0.438889 0.357812 0.437963 0.359896 0.437963 0.360417 0.437037 0.360417 0.436111 0.362500 0.432407 0.363021 0.432407 0.392188 0.380556 0.392708 0.380556 0.395833 0.375000 0.396354 0.375000 0.396875 0.374074 0.398438 0.374074 0.398958 0.375000 0.399479 0.375000 0.400000 0.375926 0.400521 0.375926 0.401562 0.377778 0.402083 0.377778 0.402604 0.378704 0.402604 0.375926 0.402083 0.375000 0.401562 0.375000 0.400521 0.373148 0.400000 0.373148 0.398958 0.371296 0.398438 0.371296 0.397917 0.370370 0.397396 0.370370 0.396354 0.368519 0.395833 0.368519 0.394792 0.366667 0.394271 0.366667 0.393750 0.365741 0.393229 0.365741 0.392708 0.364815 0.391146 0.364815 0.390625 0.365741 0.390104 0.365741 0.376042 0.390741 0.375521 0.390741 0.368229 0.403704 0.367708 0.403704 0.364063 0.410185 0.363021 0.410185 0.360938 0.406481 0.360417 0.406481 0.343750 0.376852 0.343229 0.376852 0.341667 0.374074 0.340104 0.374074 0.339583 0.373148 0.338021 0.373148 0.337500 0.372222 0.335938 0.372222 0.335417 0.371296 0.333854 0.371296 0.333333 0.370370 0.331250 0.370370 0.330729 0.369444 0.329167 0.369444 0.328646 0.368519 0.327083 0.368519 0.326562 0.367593 0.324479 0.367593 0.323958 0.366667 0.322396 0.366667 0.321875 0.365741 0.320312 0.365741 0.319792 0.364815 0.317708 0.364815 0.317188 0.363889
0 0.438281 0.399537 0.079687 0.075000 0.400000 0.362037 0.398958 0.363889 0.398958 0.364815 0.398438 0.365741 0.398958 0.366667 0.398958 0.367593 0.399479 0.368519 0.399479 0.369444 0.410417 0.388889 0.410417 0.389815 0.435417 0.434259 0.435937 0.434259 0.437500 0.437037 0.439063 0.437037 0.439583 0.436111 0.440104 0.436111 0.443750 0.429630 0.444271 0.429630 0.477604 0.370370 0.477604 0.369444 0.478125 0.368519 0.478125 0.364815 0.477083 0.362963 0.476562 0.362963 0.476042 0.362037 0.475521 0.362037 0.475000 0.362963 0.474479 0.362963 0.472917 0.365741 0.472396 0.365741 0.471354 0.367593 0.470833 0.367593 0.469792 0.369444 0.469271 0.369444 0.467708 0.372222 0.467187 0.372222 0.463021 0.379630 0.462500 0.379630 0.448958 0.403704 0.448437 0.403704 0.445312 0.409259 0.444792 0.409259 0.442708 0.412963 0.442188 0.412963 0.441146 0.414815 0.440625 0.414815 0.440104 0.415741 0.439063 0.415741 0.438542 0.416667 0.436979 0.416667 0.436458 0.415741 0.435417 0.415741 0.434896 0.414815 0.434375 0.414815 0.433333 0.412963 0.432812 0.412963 0.430208 0.408333 0.429688 0.408333 0.422917 0.396296 0.422396 0.396296 0.407813 0.370370 0.407292 0.370370 0.403646 0.363889 0.403125 0.363889 0.402083 0.362037
0 0.530208 0.405556 0.085417 0.075926 0.493229 0.367593 0.492708 0.368519 0.491667 0.368519 0.491146 0.369444 0.490625 0.369444 0.490104 0.370370 0.489063 0.370370 0.488542 0.371296 0.488021 0.371296 0.487500 0.372222 0.498958 0.392593 0.498958 0.393519 0.521354 0.433333 0.521354 0.434259 0.522917 0.437037 0.522917 0.437963 0.523438 0.438889 0.523438 0.440741 0.525000 0.440741 0.525521 0.441667 0.527604 0.441667 0.528125 0.442593 0.530208 0.442593 0.530729 0.443519 0.532813 0.443519 0.533333 0.442593 0.533854 0.442593 0.536458 0.437963 0.536979 0.437963 0.571875 0.375926 0.571875 0.375000 0.572396 0.374074 0.572396 0.373148 0.572917 0.372222 0.572396 0.371296 0.572396 0.370370 0.571875 0.369444 0.571875 0.368519 0.571354 0.368519 0.570833 0.367593 0.568229 0.367593 0.567708 0.368519 0.565104 0.368519 0.564583 0.369444 0.562500 0.369444 0.561979 0.370370 0.559375 0.370370 0.558854 0.371296 0.556250 0.371296 0.555729 0.372222 0.553125 0.372222 0.552604 0.373148 0.550521 0.373148 0.550000 0.374074 0.547396 0.374074 0.546875 0.375000 0.544271 0.375000 0.543750 0.375926 0.541667 0.375926 0.539583 0.379630 0.539062 0.379630 0.523958 0.406481 0.523438 0.406481 0.521354 0.410185 0.520312 0.410185 0.496875 0.368519 0.496354 0.368519 0.495833 0.367593
0 0.623437 0.406944 0.082292 0.075000 0.588542 0.369444 0.588021 0.370370 0.584896 0.370370 0.584375 0.371296 0.582292 0.371296 0.598437 0.400000 0.598437 0.400926 0.614062 0.428704 0.614062 0.429630 0.618229 0.437037 0.618229 0.437963 0.618750 0.438889 0.618750 0.440741 0.618229 0.441667 0.618229 0.442593 0.618750 0.442593 0.619271 0.443519 0.623437 0.443519 0.623958 0.444444 0.625521 0.444444 0.626042 0.443519 0.626563 0.443519 0.628646 0.439815 0.629167 0.439815 0.663542 0.378704 0.663542 0.377778 0.664583 0.375926 0.664583 0.373148 0.663021 0.370370 0.657292 0.370370 0.656771 0.371296 0.651563 0.371296 0.651042 0.372222 0.646354 0.372222 0.645833 0.373148 0.640625 0.373148 0.640104 0.374074 0.634896 0.374074 0.634375 0.375000 0.629167 0.375000 0.628646 0.375926 0.623958 0.375926 0.623437 0.376852 0.618229 0.376852 0.617708 0.377778 0.615625 0.377778 0.614583 0.379630 0.614062 0.379630 0.605208 0.395370 0.604688 0.395370 0.590625 0.370370 0.589583 0.370370 0.589063 0.369444
0 0.351823 0.556019 0.083854 0.084259 0.313021 0.513889 0.312500 0.514815 0.311458 0.514815 0.309896 0.517593 0.309896 0.520370 0.310417 0.521296 0.310417 0.522222 0.310937 0.523148 0.310937 0.524074 0.311979 0.525926 0.311979 0.526852 0.312500 0.527778 0.312500 0.528704 0.313542 0.530556 0.313542 0.531481 0.314583 0.533333 0.314583 0.534259 0.315625 0.536111 0.315625 0.537037 0.316667 0.538889 0.316667 0.539815 0.317708 0.541667 0.317708 0.542593 0.318750 0.544444 0.318750 0.545370 0.319792 0.547222 0.319792 0.548148 0.320833 0.550000 0.320833 0.550926 0.321875 0.552778 0.321875 0.553704 0.322917 0.555556 0.322917 0.556481 0.323958 0.558333 0.323958 0.559259 0.325000 0.561111 0.325000 0.562037 0.325521 0.562963 0.325521 0.563889 0.326562 0.565741 0.326562 0.566667 0.327604 0.568519 0.327604 0.569444 0.328646 0.571296 0.328646 0.572222 0.329688 0.574074 0.329688 0.575000 0.330729 0.576852 0.330729 0.577778 0.331771 0.579630 0.331771 0.580556 0.332813 0.582407 0.332813 0.583333 0.333854 0.585185 0.333854 0.586111 0.334896 0.587963 0.334896 0.588889 0.335938 0.590741 0.335938 0.591667 0.336979 0.593519 0.336979 0.594444 0.338021 0.596296 0.338021 0.597222 0.338542 0.598148 0.345833 0.598148 0.346875 0.596296 0.347396 0.596296 0.348438 0.594444 0.348958 0.594444 0.350000 0.592593 0.350521 0.592593 0.351042 0.591667 0.351562 0.591667 0.352604 0.589815 0.353125 0.589815 0.354167 0.587963 0.354687 0.587963 0.355729 0.586111 0.356250 0.586111 0.357292 0.584259 0.357812 0.584259 0.358333 0.583333 0.358854 0.583333 0.359896 0.581481 0.360417 0.581481 0.361458 0.579630 0.361979 0.579630 0.363021 0.577778 0.363542 0.577778 0.364583 0.575926 0.365104 0.575926 0.365625 0.575000 0.366146 0.575000 0.367188 0.573148 0.367708 0.573148 0.368750 0.571296 0.369271 0.571296 0.370312 0.569444 0.370833 0.569444 0.371354 0.568519 0.371875 0.568519 0.372917 0.566667 0.373437 0.566667 0.374479 0.564815 0.375000 0.564815 0.376042 0.562963 0.376563 0.562963 0.377604 0.561111 0.378125 0.561111 0.378646 0.560185 0.379167 0.560185 0.380208 0.558333 0.380729 0.558333 0.381771 0.556481 0.382292 0.556481 0.383333 0.554630 0.383854 0.554630 0.384896 0.552778 0.385417 0.552778 0.386979 0.550000 0.387500 0.550000 0.388021 0.549074 0.388021 0.548148 0.390625 0.543519 0.390625 0.542593 0.391667 0.540741 0.390625 0.538889 0.390625 0.537963 0.390104 0.537037 0.390104 0.533333 0.390625 0.532407 0.390625 0.531481 0.391146 0.530556 0.391146 0.529630 0.392188 0.527778 0.392188 0.526852 0.393229 0.525000 0.393229 0.524074 0.393750 0.523148 0.393229 0.523148 0.392708 0.524074 0.392188 0.524074 0.391146 0.525926 0.390625 0.525926 0.389583 0.527778 0.389062 0.527778 0.388021 0.529630 0.387500 0.529630 0.386458 0.531481 0.385937 0.531481 0.385417 0.532407 0.384896 0.532407 0.383854 0.534259 0.383333 0.534259 0.382812 0.535185 0.382292 0.535185 0.381250 0.537037 0.380729 0.537037 0.379688 0.538889 0.379167 0.538889 0.378646 0.539815 0.378125 0.539815 0.377083 0.541667 0.376563 0.541667 0.376042 0.542593 0.375521 0.542593 0.375000 0.543519 0.374479 0.543519 0.373437 0.545370 0.372917 0.545370 0.372396 0.546296 0.371875 0.546296 0.368229 0.552778 0.367708 0.552778 0.362500 0.562037 0.361979 0.562037 0.359896 0.565741 0.359375 0.565741 0.358854 0.566667 0.357292 0.566667 0.355208 0.562963 0.355208 0.560185 0.355729 0.559259 0.355729 0.558333 0.361458 0.548148 0.361458 0.547222 0.360938 0.546296 0.360417 0.546296 0.357292 0.551852 0.356771 0.551852 0.353646 0.557407 0.353125 0.557407 0.347917 0.566667 0.345313 0.566667 0.344792 0.565741 0.344271 0.565741 0.328125 0.537037 0.327604 0.537037 0.320312 0.524074 0.319792 0.524074 0.316667 0.518519 0.316146 0.518519 0.314583 0.515741 0.314063 0.515741
0 0.431250 0.558796 0.081250 0.087963 0.396875 0.514815 0.396875 0.515741 0.396354 0.516667 0.396354 0.517593 0.395313 0.519444 0.395313 0.520370 0.394271 0.522222 0.394271 0.523148 0.393750 0.524074 0.393750 0.525000 0.392708 0.526852 0.392708 0.527778 0.391667 0.529630 0.391667 0.530556 0.391146 0.531481 0.391146 0.532407 0.390625 0.533333 0.390625 0.537037 0.391146 0.537963 0.391146 0.538889 0.406771 0.566667 0.407292 0.566667 0.427083 0.601852 0.427604 0.601852 0.428125 0.602778 0.434896 0.602778 0.449479 0.576852 0.449479 0.575926 0.470833 0.537963 0.470833 0.537037 0.471354 0.536111 0.471354 0.535185 0.471875 0.534259 0.471875 0.533333 0.471354 0.532407 0.471354 0.531481 0.470313 0.529630 0.470313 0.528704 0.468750 0.525926 0.468750 0.525000 0.467708 0.523148 0.467708 0.522222 0.465104 0.526852 0.464583 0.526852 0.452604 0.548148 0.452083 0.548148 0.446354 0.558333 0.445833 0.558333 0.445312 0.559259 0.444792 0.559259 0.444271 0.558333 0.443750 0.558333 0.442708 0.556481 0.442708 0.555556 0.442188 0.554630 0.442188 0.550000 0.441667 0.549074 0.441667 0.548148 0.438542 0.553704 0.436458 0.553704 0.435937 0.552778 0.435417 0.552778 0.435417 0.567593 0.434896 0.568519 0.434896 0.569444 0.433854 0.571296 0.432812 0.571296 0.432292 0.572222 0.431771 0.571296 0.431250 0.571296 0.430208 0.569444 0.429688 0.569444 0.426042 0.562963 0.426042 0.562037 0.419271 0.550000 0.419271 0.549074 0.403646 0.521296 0.403125 0.521296 0.401042 0.517593 0.400521 0.517593 0.400000 0.516667 0.399479 0.516667 0.398958 0.515741 0.397917 0.515741 0.397396 0.514815
0 0.524219 0.550926 0.089063 0.092593 0.480729 0.504630 0.480208 0.505556 0.479687 0.505556 0.481771 0.509259 0.481771 0.510185 0.483854 0.513889 0.483854 0.514815 0.486458 0.519444 0.486458 0.520370 0.488542 0.524074 0.488542 0.525000 0.490625 0.528704 0.490625 0.529630 0.497917 0.542593 0.497917 0.543519 0.527604 0.596296 0.528125 0.596296 0.528646 0.597222 0.529167 0.597222 0.529687 0.596296 0.530208 0.596296 0.531250 0.594444 0.531771 0.594444 0.550521 0.561111 0.551042 0.561111 0.567708 0.531481 0.567708 0.530556 0.568750 0.528704 0.568750 0.525926 0.567187 0.523148 0.566667 0.523148 0.566146 0.522222 0.565625 0.522222 0.565104 0.521296 0.564063 0.521296 0.560937 0.526852 0.560417 0.526852 0.543229 0.557407 0.542708 0.557407 0.541146 0.560185 0.540104 0.560185 0.539583 0.559259 0.539062 0.559259 0.536979 0.555556 0.536458 0.555556 0.535417 0.553704 0.534896 0.553704 0.532813 0.557407 0.532292 0.557407 0.531250 0.559259 0.529167 0.559259 0.527604 0.556481 0.527083 0.556481 0.523438 0.550000 0.522917 0.550000 0.518750 0.542593 0.518229 0.542593 0.515625 0.537963 0.515104 0.537963 0.514583 0.538889 0.520833 0.550000 0.520833 0.550926 0.521875 0.552778 0.521875 0.555556 0.521354 0.556481 0.521354 0.557407 0.520833 0.558333 0.520312 0.558333 0.519792 0.559259 0.518229 0.559259 0.517188 0.557407 0.516667 0.557407 0.507812 0.541667 0.507292 0.541667 0.506250 0.539815 0.505729 0.539815 0.504687 0.537963 0.504167 0.537963 0.500521 0.531481 0.500000 0.531481 0.485417 0.505556 0.484896 0.505556 0.484375 0.504630
0 0.613281 0.552778 0.097396 0.085185 0.571354 0.510185 0.570312 0.512037 0.569792 0.512037 0.566667 0.517593 0.566146 0.517593 0.564583 0.520370 0.565104 0.520370 0.565625 0.521296 0.566146 0.521296 0.566667 0.522222 0.567187 0.522222 0.569271 0.525926 0.569271 0.529630 0.584375 0.556481 0.584896 0.556481 0.585938 0.558333 0.586458 0.558333 0.586979 0.559259 0.587500 0.559259 0.588021 0.560185 0.588542 0.560185 0.589583 0.562037 0.590104 0.562037 0.590625 0.562963 0.591146 0.562963 0.591667 0.563889 0.592187 0.563889 0.593229 0.565741 0.593750 0.565741 0.594271 0.566667 0.594792 0.566667 0.595833 0.568519 0.596354 0.568519 0.596875 0.569444 0.597396 0.569444 0.597917 0.570370 0.598437 0.570370 0.599479 0.572222 0.600000 0.572222 0.600521 0.573148 0.601042 0.573148 0.602083 0.575000 0.602604 0.575000 0.603125 0.575926 0.603646 0.575926 0.604167 0.576852 0.604688 0.576852 0.605729 0.578704 0.606250 0.578704 0.606771 0.579630 0.607292 0.579630 0.608333 0.581481 0.608854 0.581481 0.609375 0.582407 0.609896 0.582407 0.610417 0.583333 0.610938 0.583333 0.611979 0.585185 0.612500 0.585185 0.613021 0.586111 0.613542 0.586111 0.614583 0.587963 0.615104 0.587963 0.615625 0.588889 0.616146 0.588889 0.616667 0.589815 0.617188 0.589815 0.618229 0.591667 0.618750 0.591667 0.619271 0.592593 0.619792 0.592593 0.620313 0.593519 0.620833 0.593519 0.621875 0.595370 0.624479 0.595370 0.636979 0.573148 0.637500 0.573148 0.660937 0.531481 0.660937 0.530556 0.661979 0.528704 0.661979 0.525000 0.660417 0.522222 0.659375 0.522222 0.658854 0.521296 0.657813 0.521296 0.655729 0.525000 0.655208 0.525000 0.651042 0.532407 0.650521 0.532407 0.632292 0.564815 0.631771 0.564815 0.629687 0.568519 0.629167 0.568519 0.628646 0.569444 0.628125 0.568519 0.627604 0.568519 0.627083 0.567593 0.626042 0.567593 0.625521 0.566667 0.625000 0.566667 0.624479 0.565741 0.623958 0.565741 0.623437 0.564815 0.622917 0.564815 0.622396 0.563889 0.621875 0.563889 0.621354 0.562963 0.620833 0.562963 0.620313 0.562037 0.619792 0.562037 0.619271 0.561111 0.618750 0.561111 0.618229 0.560185 0.617708 0.560185 0.617188 0.559259 0.616667 0.559259 0.616146 0.558333 0.615625 0.558333 0.615104 0.559259 0.613021 0.559259 0.612500 0.558333 0.611979 0.558333 0.611458 0.557407 0.610938 0.557407 0.610417 0.556481 0.609896 0.556481 0.609375 0.555556 0.608854 0.555556 0.608333 0.554630 0.607812 0.554630 0.607292 0.553704 0.606771 0.553704 0.606250 0.552778 0.605729 0.552778 0.590104 0.525000 0.589583 0.525000 0.588542 0.523148 0.588021 0.523148 0.587500 0.522222 0.586979 0.522222 0.586458 0.521296 0.585417 0.521296 0.584896 0.520370 0.584375 0.520370 0.583854 0.519444 0.583333 0.519444 0.582812 0.518519 0.582292 0.518519 0.581771 0.517593 0.580729 0.517593 0.580208 0.516667 0.579688 0.516667 0.579167 0.515741 0.578646 0.515741 0.578125 0.514815 0.577083 0.514815 0.576562 0.513889 0.576042 0.513889 0.575521 0.512963 0.575000 0.512963 0.574479 0.512037 0.573958 0.512037 0.573438 0.511111 0.572396 0.511111 0.571875 0.510185
0 0.695312 0.555556 0.093750 0.075926 0.660937 0.517593 0.660417 0.518519 0.659896 0.518519 0.658854 0.520370 0.658333 0.520370 0.658854 0.520370 0.659375 0.521296 0.660417 0.521296 0.662500 0.525000 0.662500 0.528704 0.661458 0.530556 0.661458 0.531481 0.648438 0.554630 0.648958 0.554630 0.649479 0.555556 0.650000 0.555556 0.650521 0.556481 0.651563 0.556481 0.652083 0.557407 0.652604 0.557407 0.653125 0.558333 0.654167 0.558333 0.654687 0.559259 0.655208 0.559259 0.655729 0.560185 0.656771 0.560185 0.657292 0.561111 0.657813 0.561111 0.658333 0.562037 0.659375 0.562037 0.659896 0.562963 0.660417 0.562963 0.660937 0.563889 0.661979 0.563889 0.662500 0.564815 0.663021 0.564815 0.663542 0.565741 0.664583 0.565741 0.665104 0.566667 0.665625 0.566667 0.666146 0.567593 0.667188 0.567593 0.667708 0.568519 0.668229 0.568519 0.668750 0.569444 0.669792 0.569444 0.670312 0.570370 0.670833 0.570370 0.671354 0.571296 0.672396 0.571296 0.672917 0.572222 0.673438 0.572222 0.673958 0.573148 0.675000 0.573148 0.675521 0.574074 0.676042 0.574074 0.676562 0.575000 0.677604 0.575000 0.678125 0.575926 0.678646 0.575926 0.679167 0.576852 0.680208 0.576852 0.680729 0.577778 0.681250 0.577778 0.681771 0.578704 0.682813 0.578704 0.683333 0.579630 0.683854 0.579630 0.684375 0.580556 0.685417 0.580556 0.685937 0.581481 0.686458 0.581481 0.686979 0.582407 0.688021 0.582407 0.688542 0.583333 0.689063 0.583333 0.689583 0.584259 0.690625 0.584259 0.691146 0.585185 0.691667 0.585185 0.692187 0.586111 0.693229 0.586111 0.693750 0.587037 0.694271 0.587037 0.694792 0.587963 0.695833 0.587963 0.696354 0.588889 0.696875 0.588889 0.697396 0.589815 0.698438 0.589815 0.698958 0.590741 0.699479 0.590741 0.700000 0.591667 0.701042 0.591667 0.701562 0.592593 0.702083 0.592593 0.702604 0.593519 0.704167 0.593519 0.705729 0.590741 0.706250 0.590741 0.741146 0.528704 0.741146 0.527778 0.741667 0.526852 0.741667 0.525926 0.742188 0.525000 0.741667 0.524074 0.741667 0.523148 0.740625 0.521296 0.739583 0.521296 0.727604 0.542593 0.727083 0.542593 0.713021 0.567593 0.709896 0.567593 0.709375 0.566667 0.708333 0.566667 0.707812 0.565741 0.706771 0.565741 0.706250 0.564815 0.705208 0.564815 0.704688 0.563889 0.703646 0.563889 0.703125 0.562963 0.703125 0.564815 0.702604 0.565741 0.702604 0.566667 0.702083 0.567593 0.701562 0.567593 0.701042 0.568519 0.700000 0.568519 0.699479 0.567593 0.698438 0.567593 0.697917 0.566667 0.697396 0.566667 0.696875 0.565741 0.695833 0.565741 0.695312 0.564815 0.694271 0.564815 0.670833 0.523148 0.670312 0.523148 0.669271 0.521296 0.668229 0.521296 0.667708 0.520370 0.666146 0.520370 0.665625 0.519444 0.664583 0.519444 0.664062 0.518519 0.662500 0.518519 0.661979 0.517593
0 0.309896 0.526852 0.085417 0.077778 0.310417 0.487963 0.309896 0.488889 0.308854 0.488889 0.308333 0.489815 0.307812 0.489815 0.307292 0.490741 0.306771 0.490741 0.305208 0.493519 0.304688 0.493519 0.290104 0.519444 0.289583 0.519444 0.267188 0.559259 0.267188 0.562963 0.268750 0.565741 0.270833 0.565741 0.271875 0.563889 0.272396 0.563889 0.272917 0.562963 0.273438 0.562963 0.273958 0.562037 0.274479 0.562037 0.275000 0.561111 0.275521 0.561111 0.276042 0.560185 0.276562 0.560185 0.277604 0.558333 0.278125 0.558333 0.278646 0.557407 0.279167 0.557407 0.279687 0.556481 0.280208 0.556481 0.280729 0.555556 0.281250 0.555556 0.281771 0.554630 0.282292 0.554630 0.283333 0.552778 0.283854 0.552778 0.284375 0.551852 0.284896 0.551852 0.285417 0.550926 0.285938 0.550926 0.286458 0.550000 0.286979 0.550000 0.287500 0.549074 0.288021 0.549074 0.289062 0.547222 0.289583 0.547222 0.290104 0.546296 0.290625 0.546296 0.291146 0.545370 0.291667 0.545370 0.292187 0.544444 0.292708 0.544444 0.293229 0.543519 0.293750 0.543519 0.294792 0.541667 0.295312 0.541667 0.295833 0.540741 0.296354 0.540741 0.296875 0.539815 0.297396 0.539815 0.297917 0.538889 0.298438 0.538889 0.303125 0.530556 0.303646 0.530556 0.306250 0.525926 0.306771 0.525926 0.307812 0.524074 0.308333 0.524074 0.309375 0.522222 0.309896 0.522222 0.309896 0.521296 0.309375 0.520370 0.309375 0.517593 0.311458 0.513889 0.312500 0.513889 0.313021 0.512963 0.314063 0.514815 0.314583 0.514815 0.316146 0.517593 0.316667 0.517593 0.319792 0.523148 0.320312 0.523148 0.327604 0.536111 0.328125 0.536111 0.344271 0.564815 0.344792 0.564815 0.345313 0.565741 0.347917 0.565741 0.352604 0.557407 0.351042 0.557407 0.350000 0.555556 0.349479 0.555556 0.313542 0.491667 0.313542 0.490741 0.311979 0.487963
0 0.395313 0.529630 0.079167 0.083333 0.398438 0.487963 0.394271 0.495370 0.393750 0.495370 0.388542 0.504630 0.388021 0.504630 0.382812 0.513889 0.382292 0.513889 0.377083 0.523148 0.376563 0.523148 0.363021 0.547222 0.362500 0.547222 0.356250 0.558333 0.356250 0.559259 0.355729 0.560185 0.355729 0.562963 0.357292 0.565741 0.358854 0.565741 0.359375 0.564815 0.359896 0.564815 0.361979 0.561111 0.362500 0.561111 0.367708 0.551852 0.368229 0.551852 0.372917 0.543519 0.373437 0.543519 0.377083 0.537037 0.377604 0.537037 0.380729 0.531481 0.381250 0.531481 0.383854 0.526852 0.384375 0.526852 0.386458 0.523148 0.386979 0.523148 0.388542 0.520370 0.389062 0.520370 0.390104 0.518519 0.390625 0.518519 0.391667 0.516667 0.392188 0.516667 0.392708 0.515741 0.393229 0.515741 0.393750 0.514815 0.394792 0.514815 0.395313 0.513889 0.397396 0.513889 0.397917 0.514815 0.398958 0.514815 0.399479 0.515741 0.400000 0.515741 0.400521 0.516667 0.401042 0.516667 0.403125 0.520370 0.403646 0.520370 0.419792 0.549074 0.419792 0.550000 0.426563 0.562037 0.426563 0.562963 0.429688 0.568519 0.430208 0.568519 0.431250 0.570370 0.431771 0.570370 0.432292 0.571296 0.432812 0.570370 0.433854 0.570370 0.434375 0.569444 0.434375 0.568519 0.434896 0.567593 0.434896 0.551852 0.398958 0.487963
0 0.481771 0.516204 0.079167 0.084259 0.476042 0.474074 0.475000 0.475926 0.474479 0.475926 0.477604 0.481481 0.477604 0.485185 0.475521 0.488889 0.475521 0.489815 0.470313 0.499074 0.469792 0.499074 0.442188 0.548148 0.442188 0.549074 0.442708 0.550000 0.442708 0.554630 0.443229 0.555556 0.443229 0.556481 0.443750 0.557407 0.444271 0.557407 0.444792 0.558333 0.445312 0.558333 0.445833 0.557407 0.446354 0.557407 0.452083 0.547222 0.452604 0.547222 0.464583 0.525926 0.465104 0.525926 0.470313 0.516667 0.470833 0.516667 0.473438 0.512037 0.473958 0.512037 0.476042 0.508333 0.476562 0.508333 0.477604 0.506481 0.478125 0.506481 0.478646 0.505556 0.479167 0.505556 0.479687 0.504630 0.480208 0.504630 0.480729 0.503704 0.484375 0.503704 0.484896 0.504630 0.485417 0.504630 0.485938 0.505556 0.486458 0.505556 0.486979 0.506481 0.487500 0.506481 0.489063 0.509259 0.489583 0.509259 0.492708 0.514815 0.493229 0.514815 0.516667 0.556481 0.517188 0.556481 0.518229 0.558333 0.519792 0.558333 0.520312 0.557407 0.520833 0.557407 0.520833 0.556481 0.521354 0.555556 0.521354 0.552778 0.520312 0.550926 0.520312 0.550000 0.509896 0.531481 0.509896 0.530556 0.489583 0.494444 0.489583 0.493519 0.486458 0.487963 0.485938 0.487963 0.482812 0.482407 0.482292 0.482407 0.479687 0.477778 0.479167 0.477778 0.477083 0.474074
0 0.575781 0.518519 0.080729 0.081481 0.565104 0.477778 0.564063 0.479630 0.563542 0.479630 0.563542 0.480556 0.564583 0.480556 0.565104 0.481481 0.566146 0.481481 0.566667 0.482407 0.567708 0.482407 0.568229 0.483333 0.568750 0.483333 0.570312 0.486111 0.570312 0.487037 0.570833 0.487963 0.570833 0.488889 0.570312 0.489815 0.570312 0.490741 0.567708 0.495370 0.567708 0.496296 0.562500 0.505556 0.561979 0.505556 0.535417 0.552778 0.536458 0.554630 0.536979 0.554630 0.539062 0.558333 0.539583 0.558333 0.540104 0.559259 0.541146 0.559259 0.542708 0.556481 0.543229 0.556481 0.560417 0.525926 0.560937 0.525926 0.566146 0.516667 0.566667 0.516667 0.569792 0.511111 0.570312 0.511111 0.571354 0.509259 0.571875 0.509259 0.572396 0.510185 0.573438 0.510185 0.573958 0.511111 0.574479 0.511111 0.575000 0.512037 0.575521 0.512037 0.576042 0.512963 0.576562 0.512963 0.577083 0.513889 0.578125 0.513889 0.578646 0.514815 0.579167 0.514815 0.579688 0.515741 0.580208 0.515741 0.580729 0.516667 0.581771 0.516667 0.582292 0.517593 0.582812 0.517593 0.583333 0.518519 0.583854 0.518519 0.584375 0.519444 0.584896 0.519444 0.585417 0.520370 0.586458 0.520370 0.586979 0.521296 0.587500 0.521296 0.588021 0.522222 0.588542 0.522222 0.589583 0.524074 0.590104 0.524074 0.605729 0.551852 0.606250 0.551852 0.606771 0.552778 0.607292 0.552778 0.607812 0.553704 0.608333 0.553704 0.608854 0.554630 0.609375 0.554630 0.609896 0.555556 0.610417 0.555556 0.610938 0.556481 0.611458 0.556481 0.611979 0.557407 0.612500 0.557407 0.613021 0.558333 0.615104 0.558333 0.616146 0.556481 0.616146 0.552778 0.615104 0.550926 0.615104 0.550000 0.602604 0.527778 0.602604 0.526852 0.579167 0.485185 0.578646 0.485185 0.578125 0.484259 0.577083 0.484259 0.576562 0.483333 0.575521 0.483333 0.575000 0.482407 0.573438 0.482407 0.572917 0.481481 0.571875 0.481481 0.571354 0.480556 0.570312 0.480556 0.569792 0.479630 0.568750 0.479630 0.568229 0.478704 0.567187 0.478704 0.566667 0.477778
0 0.659375 0.531944 0.086458 0.073148 0.666146 0.495370 0.629687 0.560185 0.629167 0.560185 0.628646 0.561111 0.628125 0.561111 0.627604 0.562037 0.627083 0.561111 0.626042 0.561111 0.625521 0.560185 0.625000 0.560185 0.624479 0.559259 0.623958 0.559259 0.623437 0.558333 0.622917 0.558333 0.622396 0.557407 0.621354 0.557407 0.620833 0.556481 0.620313 0.556481 0.619792 0.555556 0.619271 0.555556 0.618750 0.554630 0.618229 0.554630 0.617708 0.553704 0.617188 0.553704 0.616667 0.552778 0.616667 0.556481 0.616146 0.557407 0.616667 0.558333 0.617188 0.558333 0.617708 0.559259 0.618229 0.559259 0.618750 0.560185 0.619271 0.560185 0.619792 0.561111 0.620313 0.561111 0.620833 0.562037 0.621354 0.562037 0.621875 0.562963 0.622396 0.562963 0.622917 0.563889 0.623437 0.563889 0.623958 0.564815 0.624479 0.564815 0.625000 0.565741 0.625521 0.565741 0.626042 0.566667 0.627083 0.566667 0.627604 0.567593 0.628125 0.567593 0.628646 0.568519 0.629167 0.567593 0.629687 0.567593 0.631771 0.563889 0.632292 0.563889 0.650521 0.531481 0.651042 0.531481 0.655208 0.524074 0.655729 0.524074 0.658333 0.519444 0.658854 0.519444 0.659896 0.517593 0.660417 0.517593 0.660937 0.516667 0.661979 0.516667 0.662500 0.517593 0.664062 0.517593 0.664583 0.518519 0.665625 0.518519 0.666146 0.519444 0.667708 0.519444 0.668229 0.520370 0.669271 0.520370 0.670312 0.522222 0.670833 0.522222 0.694271 0.563889 0.695312 0.563889 0.695833 0.564815 0.696875 0.564815 0.697396 0.565741 0.697917 0.565741 0.698438 0.566667 0.699479 0.566667 0.700000 0.567593 0.701042 0.567593 0.701562 0.566667 0.702083 0.566667 0.702083 0.565741 0.702604 0.564815 0.702604 0.562037 0.702083 0.561111 0.702083 0.560185 0.699479 0.555556 0.699479 0.554630 0.685937 0.530556 0.685937 0.529630 0.670833 0.502778 0.670833 0.501852 0.668750 0.498148 0.668229 0.498148 0.666667 0.495370
0 0.355729 0.514815 0.088542 0.083333 0.395313 0.473148 0.393229 0.476852 0.392708 0.476852 0.390104 0.481481 0.389583 0.481481 0.383854 0.491667 0.383333 0.491667 0.373437 0.509259 0.372917 0.509259 0.372396 0.510185 0.371875 0.510185 0.371354 0.511111 0.370833 0.511111 0.369271 0.513889 0.368750 0.513889 0.366146 0.518519 0.365625 0.518519 0.363021 0.523148 0.362500 0.523148 0.359896 0.527778 0.357812 0.527778 0.355729 0.524074 0.355729 0.521296 0.356250 0.520370 0.356250 0.519444 0.363542 0.506481 0.363021 0.506481 0.360938 0.510185 0.360417 0.510185 0.358854 0.512963 0.358333 0.512963 0.356250 0.516667 0.355729 0.516667 0.354167 0.519444 0.353646 0.519444 0.351562 0.523148 0.351042 0.523148 0.350000 0.525000 0.347917 0.525000 0.347396 0.524074 0.346875 0.524074 0.345313 0.521296 0.344792 0.521296 0.325521 0.487037 0.325000 0.487037 0.320833 0.479630 0.320312 0.479630 0.319271 0.477778 0.318229 0.477778 0.317708 0.478704 0.316146 0.478704 0.315625 0.479630 0.314583 0.479630 0.314063 0.480556 0.313021 0.480556 0.311979 0.482407 0.311979 0.483333 0.311458 0.484259 0.311458 0.485185 0.311979 0.486111 0.311979 0.487037 0.314063 0.490741 0.314063 0.491667 0.349479 0.554630 0.350000 0.554630 0.351042 0.556481 0.353646 0.556481 0.356771 0.550926 0.357292 0.550926 0.375000 0.519444 0.375521 0.519444 0.396875 0.481481 0.397396 0.481481 0.397396 0.479630 0.400000 0.475000 0.399479 0.474074 0.398958 0.474074 0.398438 0.473148
0 0.437500 0.513889 0.079167 0.077778 0.400521 0.475000 0.397917 0.479630 0.397917 0.484259 0.398958 0.486111 0.398958 0.487037 0.435417 0.551852 0.435937 0.551852 0.436458 0.552778 0.438542 0.552778 0.441667 0.547222 0.442188 0.547222 0.469792 0.498148 0.470313 0.498148 0.475000 0.489815 0.475000 0.488889 0.477083 0.485185 0.477083 0.481481 0.474479 0.476852 0.473958 0.476852 0.471875 0.480556 0.471354 0.480556 0.466146 0.489815 0.465625 0.489815 0.452604 0.512963 0.452083 0.512963 0.446875 0.522222 0.444792 0.522222 0.442708 0.518519 0.442708 0.513889 0.442188 0.512963 0.442188 0.509259 0.439583 0.513889 0.439063 0.513889 0.438542 0.514815 0.436979 0.514815 0.436979 0.525000 0.434896 0.528704 0.433333 0.528704 0.432812 0.527778 0.432292 0.527778 0.413542 0.494444 0.413021 0.494444 0.406771 0.483333 0.406250 0.483333 0.403646 0.478704 0.403125 0.478704 0.401562 0.475926 0.401042 0.475926
0 0.524740 0.513426 0.091146 0.089815 0.480729 0.468519 0.480208 0.469444 0.479687 0.469444 0.479167 0.470370 0.479167 0.472222 0.479687 0.473148 0.479687 0.474074 0.482292 0.478704 0.482292 0.479630 0.509896 0.528704 0.510417 0.528704 0.514062 0.535185 0.514583 0.535185 0.518229 0.541667 0.518750 0.541667 0.522917 0.549074 0.523438 0.549074 0.527083 0.555556 0.527604 0.555556 0.529167 0.558333 0.531250 0.558333 0.532292 0.556481 0.532813 0.556481 0.561979 0.504630 0.562500 0.504630 0.567187 0.496296 0.567187 0.495370 0.569792 0.490741 0.569792 0.489815 0.570312 0.488889 0.570312 0.487963 0.569792 0.487037 0.569792 0.486111 0.568750 0.484259 0.568229 0.484259 0.567708 0.483333 0.566667 0.483333 0.566146 0.482407 0.565104 0.482407 0.564583 0.481481 0.563542 0.481481 0.563021 0.480556 0.556250 0.492593 0.555729 0.492593 0.541146 0.518519 0.540625 0.518519 0.540104 0.519444 0.538542 0.519444 0.538021 0.518519 0.537500 0.518519 0.536458 0.516667 0.535937 0.516667 0.535417 0.515741 0.534896 0.515741 0.534375 0.514815 0.531771 0.519444 0.531250 0.519444 0.530729 0.520370 0.529687 0.520370 0.529167 0.519444 0.528646 0.519444 0.528125 0.518519 0.527604 0.518519 0.526563 0.516667 0.526042 0.516667 0.525000 0.514815 0.524479 0.514815 0.523438 0.512963 0.522917 0.512963 0.521875 0.511111 0.521354 0.511111 0.520312 0.509259 0.522917 0.513889 0.522917 0.514815 0.523438 0.515741 0.523438 0.516667 0.523958 0.517593 0.523958 0.518519 0.523438 0.519444 0.523438 0.520370 0.522396 0.522222 0.521875 0.522222 0.521354 0.523148 0.520833 0.523148 0.520312 0.522222 0.519792 0.522222 0.519271 0.521296 0.518750 0.521296 0.517708 0.519444 0.517188 0.519444 0.515625 0.516667 0.515104 0.516667 0.513542 0.513889 0.513021 0.513889 0.511979 0.512037 0.511458 0.512037 0.510938 0.512963 0.495312 0.485185 0.494792 0.485185 0.493229 0.482407 0.492708 0.482407 0.491667 0.480556 0.491146 0.480556 0.490104 0.478704 0.489583 0.478704 0.488542 0.476852 0.488021 0.476852 0.486979 0.475000 0.486458 0.475000 0.484896 0.472222 0.484375 0.472222 0.483333 0.470370 0.482812 0.470370 0.482292 0.469444 0.481771 0.469444 0.481250 0.468519
0 0.616667 0.517593 0.102083 0.087037 0.567187 0.474074 0.565625 0.476852 0.566667 0.476852 0.567187 0.477778 0.568229 0.477778 0.568750 0.478704 0.569792 0.478704 0.570312 0.479630 0.571354 0.479630 0.571875 0.480556 0.572917 0.480556 0.573438 0.481481 0.575000 0.481481 0.575521 0.482407 0.576562 0.482407 0.577083 0.483333 0.578125 0.483333 0.578646 0.484259 0.579167 0.484259 0.603125 0.526852 0.603125 0.527778 0.615625 0.550000 0.615625 0.550926 0.616146 0.551852 0.616667 0.551852 0.617188 0.552778 0.617708 0.552778 0.618229 0.553704 0.618750 0.553704 0.619271 0.554630 0.619792 0.554630 0.620313 0.555556 0.620833 0.555556 0.621354 0.556481 0.622396 0.556481 0.622917 0.557407 0.623437 0.557407 0.623958 0.558333 0.624479 0.558333 0.625000 0.559259 0.625521 0.559259 0.626042 0.560185 0.627083 0.560185 0.627604 0.561111 0.628125 0.560185 0.628646 0.560185 0.629167 0.559259 0.629687 0.559259 0.667188 0.492593 0.667188 0.490741 0.667708 0.489815 0.667188 0.488889 0.667188 0.487963 0.665625 0.485185 0.663542 0.485185 0.663021 0.484259 0.661979 0.484259 0.659375 0.488889 0.658854 0.488889 0.653646 0.498148 0.653125 0.498148 0.634896 0.530556 0.634375 0.530556 0.632812 0.533333 0.631771 0.533333 0.631250 0.532407 0.630729 0.532407 0.630208 0.531481 0.629167 0.531481 0.628646 0.530556 0.627604 0.530556 0.627083 0.529630 0.626042 0.529630 0.625521 0.528704 0.624479 0.528704 0.623958 0.527778 0.623437 0.527778 0.622917 0.526852 0.621875 0.526852 0.621354 0.525926 0.620313 0.525926 0.619792 0.525000 0.618750 0.525000 0.618229 0.524074 0.617708 0.524074 0.617188 0.523148 0.616146 0.523148 0.615625 0.522222 0.614583 0.522222 0.614062 0.521296 0.613021 0.521296 0.612500 0.520370 0.611979 0.520370 0.610938 0.518519 0.610417 0.518519 0.603125 0.505556 0.603125 0.504630 0.594271 0.488889 0.593750 0.488889 0.592187 0.486111 0.591146 0.486111 0.590625 0.485185 0.589063 0.485185 0.588542 0.484259 0.587500 0.484259 0.586979 0.483333 0.585417 0.483333 0.584896 0.482407 0.583854 0.482407 0.583333 0.481481 0.582292 0.481481 0.581771 0.480556 0.580208 0.480556 0.579688 0.479630 0.578646 0.479630 0.578125 0.478704 0.576562 0.478704 0.576042 0.477778 0.575000 0.477778 0.574479 0.476852 0.572917 0.476852 0.572396 0.475926 0.571354 0.475926 0.570833 0.475000 0.569271 0.475000 0.568750 0.474074
0 0.708594 0.528704 0.083854 0.075926 0.667708 0.490741 0.667708 0.492593 0.666667 0.494444 0.668229 0.497222 0.668750 0.497222 0.671354 0.501852 0.671354 0.502778 0.686458 0.529630 0.686458 0.530556 0.700000 0.554630 0.700000 0.555556 0.702604 0.560185 0.702604 0.561111 0.703646 0.562963 0.704688 0.562963 0.705208 0.563889 0.706250 0.563889 0.706771 0.564815 0.707812 0.564815 0.708333 0.565741 0.709375 0.565741 0.709896 0.566667 0.713021 0.566667 0.727083 0.541667 0.727604 0.541667 0.748437 0.504630 0.748437 0.503704 0.750521 0.500000 0.750521 0.496296 0.748958 0.493519 0.747396 0.493519 0.746875 0.492593 0.743750 0.492593 0.743229 0.491667 0.740104 0.491667 0.715104 0.536111 0.714583 0.536111 0.714063 0.537037 0.711458 0.537037 0.710938 0.536111 0.709375 0.536111 0.708854 0.535185 0.707292 0.535185 0.706771 0.534259 0.705208 0.534259 0.704688 0.533333 0.703125 0.533333 0.702604 0.532407 0.701562 0.532407 0.701042 0.531481 0.699479 0.531481 0.698958 0.530556 0.697917 0.530556 0.686979 0.511111 0.686979 0.510185 0.678646 0.495370 0.678125 0.495370 0.677604 0.494444 0.677083 0.494444 0.676562 0.493519 0.674479 0.493519 0.673958 0.492593 0.671875 0.492593 0.671354 0.491667 0.669271 0.491667 0.668750 0.490741
0 0.317188 0.486574 0.092708 0.075000 0.311458 0.449074 0.310937 0.450000 0.309896 0.450000 0.306771 0.455556 0.306250 0.455556 0.287500 0.488889 0.286979 0.488889 0.271354 0.516667 0.271354 0.517593 0.270833 0.518519 0.270833 0.520370 0.271875 0.522222 0.271875 0.523148 0.272396 0.523148 0.272917 0.524074 0.274479 0.524074 0.275000 0.523148 0.275521 0.523148 0.276042 0.522222 0.277083 0.522222 0.277604 0.521296 0.278125 0.521296 0.286979 0.505556 0.287500 0.505556 0.297396 0.487963 0.297917 0.487963 0.298438 0.487037 0.298958 0.487037 0.299479 0.486111 0.300521 0.486111 0.301042 0.485185 0.302083 0.485185 0.302604 0.484259 0.303646 0.484259 0.304167 0.483333 0.305208 0.483333 0.305729 0.482407 0.307292 0.482407 0.307812 0.481481 0.308854 0.481481 0.309375 0.480556 0.310417 0.480556 0.310937 0.479630 0.311979 0.479630 0.312500 0.478704 0.313542 0.478704 0.314063 0.477778 0.315104 0.477778 0.315625 0.476852 0.317188 0.476852 0.317708 0.475926 0.318750 0.475926 0.320312 0.478704 0.320833 0.478704 0.325000 0.486111 0.325521 0.486111 0.344792 0.520370 0.345313 0.520370 0.346875 0.523148 0.347396 0.523148 0.347917 0.524074 0.350000 0.524074 0.351042 0.522222 0.351562 0.522222 0.353646 0.518519 0.354167 0.518519 0.355729 0.515741 0.356250 0.515741 0.357812 0.512963 0.356771 0.514815 0.356250 0.514815 0.355208 0.516667 0.354687 0.516667 0.354167 0.517593 0.353125 0.517593 0.352083 0.515741 0.351562 0.515741 0.314583 0.450000 0.314583 0.449074
0 0.396354 0.488426 0.080208 0.078704 0.399479 0.449074 0.398958 0.450000 0.398438 0.450000 0.397917 0.450926 0.397396 0.450926 0.396875 0.451852 0.396354 0.451852 0.395833 0.452778 0.395313 0.452778 0.392708 0.457407 0.392188 0.457407 0.373958 0.489815 0.373437 0.489815 0.356771 0.519444 0.356771 0.520370 0.356250 0.521296 0.356250 0.524074 0.357812 0.526852 0.359896 0.526852 0.362500 0.522222 0.363021 0.522222 0.365625 0.517593 0.366146 0.517593 0.368750 0.512963 0.369271 0.512963 0.371875 0.508333 0.372396 0.508333 0.375000 0.503704 0.375521 0.503704 0.385417 0.486111 0.385937 0.486111 0.392708 0.474074 0.393229 0.474074 0.393750 0.473148 0.394792 0.473148 0.395313 0.472222 0.398438 0.472222 0.398958 0.473148 0.399479 0.473148 0.400000 0.474074 0.400521 0.474074 0.401042 0.475000 0.401562 0.475000 0.403125 0.477778 0.403646 0.477778 0.406250 0.482407 0.406771 0.482407 0.413021 0.493519 0.413542 0.493519 0.432292 0.526852 0.432812 0.526852 0.433333 0.527778 0.434896 0.527778 0.436458 0.525000 0.436458 0.514815 0.434896 0.512037 0.434375 0.512037 0.421875 0.489815 0.421875 0.488889
0 0.483073 0.481481 0.080729 0.081481 0.476562 0.440741 0.477604 0.442593 0.477604 0.443519 0.478125 0.444444 0.478125 0.445370 0.477604 0.446296 0.477604 0.447222 0.451042 0.494444 0.450521 0.494444 0.442708 0.508333 0.442708 0.512963 0.443229 0.513889 0.443229 0.518519 0.444792 0.521296 0.446875 0.521296 0.452083 0.512037 0.452604 0.512037 0.465625 0.488889 0.466146 0.488889 0.471354 0.479630 0.471875 0.479630 0.474479 0.475000 0.475000 0.475000 0.477083 0.471296 0.477604 0.471296 0.478646 0.469444 0.479167 0.469444 0.480208 0.467593 0.481250 0.467593 0.481771 0.466667 0.483854 0.466667 0.491146 0.479630 0.491667 0.479630 0.492708 0.481481 0.493229 0.481481 0.494792 0.484259 0.495312 0.484259 0.507292 0.505556 0.507812 0.505556 0.509375 0.508333 0.509896 0.508333 0.511458 0.511111 0.511979 0.511111 0.513021 0.512963 0.513542 0.512963 0.515104 0.515741 0.515625 0.515741 0.517188 0.518519 0.517708 0.518519 0.518750 0.520370 0.519271 0.520370 0.519792 0.521296 0.520312 0.521296 0.520833 0.522222 0.521354 0.522222 0.521875 0.521296 0.522396 0.521296 0.522917 0.520370 0.522917 0.519444 0.523438 0.518519 0.523438 0.517593 0.522917 0.516667 0.522917 0.515741 0.522396 0.514815 0.522396 0.513889 0.513021 0.497222 0.513021 0.496296 0.492708 0.460185 0.492708 0.459259 0.486979 0.449074 0.486458 0.449074 0.484896 0.446296 0.483854 0.446296 0.483333 0.445370 0.482812 0.445370 0.482292 0.444444 0.481250 0.444444 0.480729 0.443519 0.479687 0.443519 0.479167 0.442593 0.478646 0.442593 0.478125 0.441667 0.477083 0.441667
0 0.574479 0.480556 0.079167 0.075926 0.567187 0.442593 0.566667 0.443519 0.566146 0.443519 0.567708 0.443519 0.568229 0.444444 0.568750 0.444444 0.569792 0.446296 0.569792 0.447222 0.570312 0.448148 0.570312 0.450926 0.569271 0.452778 0.569271 0.453704 0.538542 0.508333 0.538021 0.508333 0.534896 0.513889 0.534896 0.514815 0.535417 0.514815 0.535937 0.515741 0.536458 0.515741 0.537500 0.517593 0.538021 0.517593 0.538542 0.518519 0.540104 0.518519 0.540625 0.517593 0.541146 0.517593 0.555729 0.491667 0.556250 0.491667 0.563542 0.478704 0.564063 0.478704 0.567187 0.473148 0.568750 0.473148 0.569271 0.474074 0.570833 0.474074 0.571354 0.475000 0.572396 0.475000 0.572917 0.475926 0.574479 0.475926 0.575000 0.476852 0.576042 0.476852 0.576562 0.477778 0.578125 0.477778 0.578646 0.478704 0.579688 0.478704 0.580208 0.479630 0.581771 0.479630 0.582292 0.480556 0.583333 0.480556 0.583854 0.481481 0.584896 0.481481 0.585417 0.482407 0.586979 0.482407 0.587500 0.483333 0.588542 0.483333 0.589063 0.484259 0.590625 0.484259 0.591146 0.485185 0.592187 0.485185 0.593750 0.487963 0.594271 0.487963 0.603646 0.504630 0.603646 0.505556 0.610417 0.517593 0.611458 0.517593 0.611979 0.518519 0.612500 0.518519 0.613021 0.517593 0.613542 0.517593 0.614062 0.516667 0.614062 0.512037 0.611458 0.507407 0.611458 0.506481 0.593229 0.474074 0.593229 0.473148 0.578125 0.446296 0.577604 0.446296 0.577083 0.445370 0.576042 0.445370 0.575521 0.444444 0.572396 0.444444 0.571875 0.443519 0.568750 0.443519 0.568229 0.442593
0 0.659635 0.494444 0.096354 0.075926 0.665104 0.456481 0.665104 0.457407 0.649479 0.485185 0.648958 0.485185 0.628646 0.521296 0.628125 0.521296 0.627604 0.522222 0.626042 0.522222 0.625521 0.521296 0.624479 0.521296 0.623958 0.520370 0.622917 0.520370 0.622396 0.519444 0.621354 0.519444 0.620833 0.518519 0.619792 0.518519 0.619271 0.517593 0.618229 0.517593 0.617708 0.516667 0.616667 0.516667 0.616146 0.515741 0.615104 0.515741 0.614583 0.514815 0.614583 0.516667 0.613542 0.518519 0.613021 0.518519 0.612500 0.519444 0.611979 0.519444 0.611458 0.518519 0.611979 0.519444 0.612500 0.519444 0.613021 0.520370 0.614062 0.520370 0.614583 0.521296 0.615625 0.521296 0.616146 0.522222 0.617188 0.522222 0.617708 0.523148 0.618229 0.523148 0.618750 0.524074 0.619792 0.524074 0.620313 0.525000 0.621354 0.525000 0.621875 0.525926 0.622917 0.525926 0.623437 0.526852 0.623958 0.526852 0.624479 0.527778 0.625521 0.527778 0.626042 0.528704 0.627083 0.528704 0.627604 0.529630 0.628646 0.529630 0.629167 0.530556 0.630208 0.530556 0.630729 0.531481 0.631250 0.531481 0.631771 0.532407 0.632812 0.532407 0.634375 0.529630 0.634896 0.529630 0.653125 0.497222 0.653646 0.497222 0.658854 0.487963 0.659375 0.487963 0.661979 0.483333 0.663021 0.483333 0.663542 0.484259 0.665625 0.484259 0.667708 0.487963 0.667708 0.488889 0.668229 0.489815 0.668750 0.489815 0.669271 0.490741 0.671354 0.490741 0.671875 0.491667 0.673958 0.491667 0.674479 0.492593 0.676562 0.492593 0.677083 0.493519 0.677604 0.493519 0.678125 0.494444 0.678646 0.494444 0.687500 0.510185 0.687500 0.511111 0.696875 0.527778 0.697917 0.527778 0.698438 0.528704 0.700000 0.528704 0.700521 0.529630 0.702083 0.529630 0.702604 0.530556 0.704167 0.530556 0.704688 0.531481 0.706250 0.531481 0.706771 0.530556 0.707292 0.530556 0.707292 0.529630 0.707812 0.528704 0.707812 0.525926 0.706771 0.524074 0.706771 0.523148 0.700521 0.512037 0.700521 0.511111 0.686979 0.487037 0.686979 0.486111 0.670833 0.457407 0.669271 0.457407 0.668750 0.456481
0 0.357552 0.476389 0.088021 0.080556 0.400000 0.436111 0.399479 0.437037 0.398438 0.437037 0.397917 0.437963 0.396875 0.437963 0.396354 0.438889 0.395313 0.438889 0.394792 0.439815 0.394271 0.439815 0.393750 0.440741 0.392708 0.440741 0.392188 0.441667 0.391146 0.441667 0.390625 0.442593 0.390104 0.442593 0.380208 0.460185 0.379688 0.460185 0.370312 0.476852 0.369792 0.476852 0.366667 0.482407 0.366146 0.482407 0.365104 0.484259 0.364583 0.484259 0.364063 0.485185 0.363542 0.485185 0.363021 0.486111 0.362500 0.486111 0.361979 0.487037 0.361458 0.487037 0.360417 0.488889 0.359896 0.488889 0.359375 0.489815 0.358854 0.489815 0.358333 0.488889 0.357812 0.488889 0.356250 0.486111 0.356250 0.485185 0.355729 0.484259 0.355729 0.483333 0.356250 0.482407 0.356250 0.481481 0.357292 0.479630 0.356771 0.480556 0.356250 0.480556 0.355729 0.481481 0.355208 0.481481 0.354687 0.482407 0.354167 0.482407 0.353646 0.483333 0.353125 0.483333 0.352604 0.484259 0.352083 0.484259 0.351562 0.485185 0.351042 0.485185 0.350521 0.486111 0.350000 0.486111 0.349479 0.487037 0.347396 0.487037 0.346354 0.485185 0.345833 0.485185 0.329167 0.455556 0.328646 0.455556 0.322396 0.444444 0.321875 0.444444 0.319792 0.440741 0.315625 0.440741 0.315104 0.441667 0.314583 0.441667 0.314063 0.442593 0.314063 0.443519 0.313542 0.444444 0.313542 0.445370 0.314063 0.446296 0.314063 0.447222 0.315104 0.449074 0.315104 0.450000 0.351562 0.514815 0.352083 0.514815 0.353125 0.516667 0.354167 0.516667 0.354687 0.515741 0.355208 0.515741 0.356250 0.513889 0.356771 0.513889 0.357812 0.512037 0.358333 0.512037 0.359896 0.509259 0.360417 0.509259 0.361458 0.507407 0.361979 0.507407 0.363542 0.504630 0.364063 0.504630 0.365104 0.502778 0.365625 0.502778 0.373437 0.488889 0.373958 0.488889 0.392188 0.456481 0.392708 0.456481 0.395313 0.451852 0.395833 0.451852 0.396354 0.450926 0.396875 0.450926 0.397396 0.450000 0.397917 0.450000 0.398958 0.448148 0.398958 0.447222 0.397917 0.445370 0.397917 0.444444 0.397396 0.443519 0.397917 0.442593 0.397917 0.440741 0.398958 0.438889 0.399479 0.438889 0.400000 0.437963 0.401042 0.437963 0.401562 0.437037 0.401042 0.437037 0.400521 0.436111
0 0.437760 0.475926 0.079687 0.075926 0.401562 0.437963 0.401042 0.438889 0.400000 0.438889 0.399479 0.439815 0.398958 0.439815 0.398438 0.440741 0.398438 0.442593 0.397917 0.443519 0.398438 0.444444 0.398438 0.445370 0.399479 0.447222 0.399479 0.448148 0.422396 0.488889 0.422396 0.489815 0.434375 0.511111 0.434896 0.511111 0.436458 0.513889 0.438542 0.513889 0.439063 0.512963 0.439583 0.512963 0.450521 0.493519 0.451042 0.493519 0.477083 0.447222 0.477083 0.446296 0.477604 0.445370 0.477604 0.444444 0.477083 0.443519 0.477083 0.442593 0.475521 0.439815 0.474479 0.439815 0.473958 0.438889 0.472917 0.438889 0.468750 0.446296 0.468229 0.446296 0.456771 0.466667 0.456250 0.466667 0.446875 0.483333 0.444792 0.483333 0.443229 0.480556 0.443229 0.479630 0.442708 0.478704 0.442708 0.475926 0.442188 0.475000 0.442188 0.474074 0.441667 0.475000 0.441146 0.475000 0.440104 0.476852 0.439063 0.476852 0.438542 0.477778 0.436979 0.477778 0.436979 0.481481 0.437500 0.482407 0.437500 0.485185 0.436979 0.486111 0.436979 0.487037 0.435417 0.489815 0.433333 0.489815 0.432292 0.487963 0.431771 0.487963 0.409375 0.448148 0.408854 0.448148 0.405208 0.441667 0.404687 0.441667 0.403125 0.438889 0.402604 0.438889 0.402083 0.437963
0 0.524479 0.478704 0.090625 0.081481 0.480208 0.437963 0.479167 0.439815 0.479167 0.441667 0.479687 0.442593 0.480729 0.442593 0.481250 0.443519 0.482292 0.443519 0.482812 0.444444 0.483333 0.444444 0.483854 0.445370 0.484896 0.445370 0.486458 0.448148 0.486979 0.448148 0.493229 0.459259 0.493229 0.460185 0.513542 0.496296 0.513542 0.497222 0.519792 0.508333 0.520312 0.508333 0.521354 0.510185 0.521875 0.510185 0.522917 0.512037 0.523438 0.512037 0.524479 0.513889 0.525000 0.513889 0.526042 0.515741 0.526563 0.515741 0.527604 0.517593 0.528125 0.517593 0.528646 0.518519 0.529167 0.518519 0.529687 0.519444 0.530729 0.519444 0.531250 0.518519 0.531771 0.518519 0.538021 0.507407 0.538542 0.507407 0.568750 0.453704 0.568750 0.452778 0.569792 0.450926 0.569792 0.448148 0.569271 0.447222 0.569271 0.446296 0.568750 0.445370 0.568229 0.445370 0.567708 0.444444 0.565625 0.444444 0.557292 0.459259 0.556771 0.459259 0.543229 0.483333 0.540625 0.483333 0.540104 0.482407 0.539583 0.482407 0.539062 0.481481 0.538021 0.481481 0.537500 0.480556 0.536979 0.480556 0.536458 0.479630 0.535417 0.479630 0.534896 0.478704 0.534375 0.478704 0.533333 0.480556 0.532813 0.480556 0.531771 0.482407 0.530208 0.482407 0.529687 0.481481 0.528646 0.481481 0.528125 0.480556 0.527604 0.480556 0.527083 0.479630 0.526563 0.479630 0.526042 0.478704 0.525000 0.478704 0.524479 0.477778 0.523958 0.477778 0.523438 0.476852 0.523438 0.480556 0.522396 0.482407 0.521875 0.482407 0.521354 0.483333 0.519792 0.483333 0.519271 0.482407 0.518750 0.482407 0.518229 0.481481 0.517708 0.481481 0.517188 0.480556 0.516667 0.480556 0.516146 0.479630 0.515625 0.479630 0.515104 0.478704 0.514062 0.478704 0.510417 0.472222 0.509896 0.472222 0.504687 0.462963 0.504687 0.462037 0.497396 0.449074 0.496875 0.449074 0.494792 0.445370 0.494271 0.445370 0.493750 0.444444 0.492188 0.444444 0.491667 0.443519 0.490625 0.443519 0.490104 0.442593 0.489063 0.442593 0.488542 0.441667 0.487500 0.441667 0.486979 0.440741 0.485938 0.440741 0.485417 0.439815 0.484375 0.439815 0.483854 0.438889 0.482812 0.438889 0.482292 0.437963
0 0.617188 0.481019 0.098958 0.080556 0.568229 0.440741 0.567708 0.441667 0.568229 0.441667 0.568750 0.442593 0.571875 0.442593 0.572396 0.443519 0.575521 0.443519 0.576042 0.444444 0.577083 0.444444 0.577604 0.445370 0.578125 0.445370 0.593750 0.473148 0.593750 0.474074 0.611979 0.506481 0.611979 0.507407 0.614583 0.512037 0.614583 0.513889 0.615104 0.514815 0.616146 0.514815 0.616667 0.515741 0.617708 0.515741 0.618229 0.516667 0.619271 0.516667 0.619792 0.517593 0.620833 0.517593 0.621354 0.518519 0.622396 0.518519 0.622917 0.519444 0.623958 0.519444 0.624479 0.520370 0.625521 0.520370 0.626042 0.521296 0.627604 0.521296 0.628125 0.520370 0.628646 0.520370 0.648958 0.484259 0.649479 0.484259 0.664583 0.457407 0.664583 0.456481 0.666146 0.453704 0.666146 0.452778 0.666667 0.451852 0.666667 0.450000 0.666146 0.449074 0.666146 0.448148 0.665625 0.447222 0.665104 0.447222 0.664583 0.446296 0.660937 0.446296 0.660417 0.445370 0.659896 0.445370 0.658333 0.448148 0.657813 0.448148 0.654167 0.454630 0.653646 0.454630 0.643229 0.473148 0.642708 0.473148 0.631250 0.493519 0.629167 0.493519 0.628646 0.492593 0.627083 0.492593 0.626563 0.491667 0.625000 0.491667 0.624479 0.490741 0.622917 0.490741 0.622396 0.489815 0.620833 0.489815 0.620313 0.488889 0.618750 0.488889 0.618229 0.487963 0.616667 0.487963 0.616146 0.487037 0.614583 0.487037 0.592708 0.448148 0.592187 0.448148 0.591667 0.447222 0.591146 0.447222 0.590625 0.446296 0.587500 0.446296 0.586979 0.445370 0.583854 0.445370 0.583333 0.444444 0.580208 0.444444 0.579688 0.443519 0.576562 0.443519 0.576042 0.442593 0.572917 0.442593 0.572396 0.441667 0.569271 0.441667 0.568750 0.440741
0 0.713021 0.499537 0.077083 0.073148 0.674479 0.462963 0.687500 0.486111 0.687500 0.487037 0.701042 0.511111 0.701042 0.512037 0.707292 0.523148 0.707292 0.524074 0.708333 0.525926 0.708333 0.528704 0.707812 0.529630 0.707812 0.530556 0.707292 0.531481 0.706771 0.531481 0.706250 0.532407 0.704688 0.532407 0.704167 0.531481 0.702604 0.531481 0.702083 0.530556 0.700521 0.530556 0.700000 0.529630 0.698438 0.529630 0.697917 0.528704 0.697396 0.528704 0.697917 0.529630 0.698958 0.529630 0.699479 0.530556 0.701042 0.530556 0.701562 0.531481 0.702604 0.531481 0.703125 0.532407 0.704688 0.532407 0.705208 0.533333 0.706771 0.533333 0.707292 0.534259 0.708854 0.534259 0.709375 0.535185 0.710938 0.535185 0.711458 0.536111 0.714063 0.536111 0.714583 0.535185 0.715104 0.535185 0.751563 0.470370 0.751563 0.466667 0.750000 0.463889 0.747917 0.463889 0.723958 0.506481 0.723437 0.506481 0.721354 0.510185 0.718750 0.510185 0.718229 0.509259 0.716146 0.509259 0.715625 0.508333 0.713542 0.508333 0.713021 0.507407 0.710938 0.507407 0.710417 0.506481 0.708333 0.506481 0.707812 0.505556 0.706250 0.505556 0.705729 0.504630 0.703646 0.504630 0.703125 0.503704 0.701562 0.503704 0.686458 0.476852 0.686458 0.475926 0.681250 0.466667 0.680729 0.466667 0.679688 0.464815 0.679167 0.464815 0.678646 0.463889 0.675521 0.463889 0.675000 0.462963
0 0.314844 0.448611 0.089063 0.075000 0.309896 0.411111 0.308854 0.412963 0.308333 0.412963 0.296354 0.434259 0.295833 0.434259 0.270833 0.478704 0.270833 0.479630 0.270313 0.480556 0.270313 0.482407 0.270833 0.483333 0.270833 0.484259 0.271354 0.485185 0.271875 0.485185 0.272396 0.486111 0.273958 0.486111 0.274479 0.485185 0.275000 0.485185 0.282813 0.471296 0.283333 0.471296 0.291667 0.456481 0.292187 0.456481 0.292708 0.455556 0.293750 0.455556 0.294271 0.454630 0.296875 0.454630 0.297396 0.453704 0.300000 0.453704 0.300521 0.452778 0.302604 0.452778 0.303125 0.451852 0.305729 0.451852 0.306250 0.450926 0.308854 0.450926 0.309896 0.449074 0.310937 0.449074 0.311458 0.448148 0.314063 0.448148 0.313542 0.447222 0.313542 0.446296 0.313021 0.445370 0.313021 0.444444 0.313542 0.443519 0.313542 0.442593 0.314583 0.440741 0.315104 0.440741 0.315625 0.439815 0.319792 0.439815 0.321875 0.443519 0.322396 0.443519 0.328646 0.454630 0.329167 0.454630 0.345833 0.484259 0.346354 0.484259 0.347396 0.486111 0.349479 0.486111 0.350000 0.485185 0.350521 0.485185 0.351042 0.484259 0.351562 0.484259 0.352083 0.483333 0.352604 0.483333 0.353125 0.482407 0.353646 0.482407 0.354167 0.481481 0.354687 0.481481 0.355208 0.480556 0.355729 0.480556 0.356250 0.479630 0.356771 0.479630 0.357292 0.478704 0.357812 0.478704 0.357812 0.477778 0.359375 0.475000 0.358854 0.475000 0.358333 0.475926 0.357812 0.475926 0.357292 0.476852 0.356771 0.476852 0.356250 0.477778 0.355729 0.477778 0.355208 0.478704 0.354687 0.478704 0.354167 0.479630 0.353125 0.479630 0.352604 0.480556 0.352083 0.480556 0.351562 0.479630 0.351042 0.479630 0.347917 0.474074 0.347396 0.474074 0.314583 0.415741 0.314583 0.414815 0.312500 0.411111
0 0.396615 0.450926 0.080729 0.075926 0.396875 0.412963 0.396354 0.413889 0.395833 0.413889 0.395313 0.414815 0.394792 0.414815 0.384896 0.432407 0.384375 0.432407 0.362500 0.471296 0.361979 0.471296 0.358333 0.477778 0.358333 0.478704 0.356771 0.481481 0.356771 0.482407 0.356250 0.483333 0.356250 0.484259 0.356771 0.485185 0.356771 0.486111 0.357812 0.487963 0.358333 0.487963 0.358854 0.488889 0.359375 0.488889 0.359896 0.487963 0.360417 0.487963 0.361458 0.486111 0.361979 0.486111 0.362500 0.485185 0.363021 0.485185 0.363542 0.484259 0.364063 0.484259 0.364583 0.483333 0.365104 0.483333 0.366146 0.481481 0.366667 0.481481 0.369792 0.475926 0.370312 0.475926 0.379688 0.459259 0.380208 0.459259 0.390104 0.441667 0.390625 0.441667 0.391146 0.440741 0.392188 0.440741 0.392708 0.439815 0.393750 0.439815 0.394271 0.438889 0.394792 0.438889 0.395313 0.437963 0.396354 0.437963 0.396875 0.437037 0.397396 0.437037 0.398958 0.434259 0.400000 0.434259 0.401042 0.436111 0.401562 0.436111 0.402604 0.437963 0.403125 0.437963 0.404687 0.440741 0.405208 0.440741 0.408854 0.447222 0.409375 0.447222 0.431771 0.487037 0.432292 0.487037 0.433333 0.488889 0.435417 0.488889 0.436458 0.487037 0.436458 0.486111 0.436979 0.485185 0.436979 0.482407 0.436458 0.481481 0.436458 0.475000 0.435417 0.473148 0.434896 0.473148 0.416667 0.440741 0.416667 0.439815 0.402083 0.413889 0.401562 0.413889 0.401042 0.412963
0 0.482812 0.444907 0.080208 0.075000 0.478125 0.407407 0.477604 0.408333 0.477604 0.409259 0.452604 0.453704 0.452083 0.453704 0.442708 0.470370 0.442708 0.475000 0.443229 0.475926 0.443229 0.478704 0.443750 0.479630 0.443750 0.480556 0.444792 0.482407 0.446875 0.482407 0.456250 0.465741 0.456771 0.465741 0.468229 0.445370 0.468750 0.445370 0.472917 0.437963 0.473438 0.437963 0.476042 0.433333 0.476562 0.433333 0.478125 0.430556 0.478646 0.430556 0.479167 0.429630 0.479687 0.429630 0.480208 0.430556 0.480729 0.430556 0.485938 0.439815 0.486979 0.439815 0.487500 0.440741 0.488542 0.440741 0.489063 0.441667 0.490104 0.441667 0.490625 0.442593 0.491667 0.442593 0.492188 0.443519 0.493750 0.443519 0.494271 0.444444 0.494792 0.444444 0.496875 0.448148 0.497396 0.448148 0.505208 0.462037 0.505208 0.462963 0.509896 0.471296 0.510417 0.471296 0.513542 0.476852 0.514062 0.476852 0.514583 0.477778 0.515104 0.477778 0.515625 0.478704 0.516146 0.478704 0.516667 0.479630 0.517188 0.479630 0.517708 0.480556 0.518229 0.480556 0.518750 0.481481 0.519271 0.481481 0.519792 0.482407 0.521354 0.482407 0.521875 0.481481 0.522396 0.481481 0.522917 0.480556 0.522917 0.476852 0.522396 0.475926 0.522396 0.475000 0.513021 0.458333 0.513021 0.457407 0.485417 0.408333 0.484896 0.408333 0.484375 0.407407
0 0.576823 0.444907 0.083854 0.075000 0.570312 0.407407 0.570833 0.408333 0.570833 0.409259 0.571354 0.410185 0.571354 0.412037 0.570833 0.412963 0.570833 0.413889 0.534896 0.477778 0.535417 0.478704 0.536458 0.478704 0.536979 0.479630 0.537500 0.479630 0.538021 0.480556 0.539062 0.480556 0.539583 0.481481 0.540104 0.481481 0.540625 0.482407 0.543229 0.482407 0.556771 0.458333 0.557292 0.458333 0.566146 0.442593 0.566667 0.442593 0.568229 0.439815 0.568750 0.439815 0.569271 0.440741 0.572396 0.440741 0.572917 0.441667 0.576042 0.441667 0.576562 0.442593 0.579688 0.442593 0.580208 0.443519 0.583333 0.443519 0.583854 0.444444 0.586979 0.444444 0.587500 0.445370 0.590625 0.445370 0.591146 0.446296 0.591667 0.446296 0.592187 0.447222 0.592708 0.447222 0.611458 0.480556 0.612500 0.480556 0.613021 0.481481 0.614583 0.481481 0.615104 0.482407 0.617188 0.482407 0.618750 0.479630 0.618750 0.477778 0.618229 0.476852 0.618229 0.475926 0.616667 0.473148 0.616667 0.472222 0.602083 0.446296 0.602083 0.445370 0.580729 0.407407
0 0.658594 0.455556 0.093229 0.074074 0.663021 0.418519 0.662500 0.419444 0.662500 0.420370 0.653125 0.437037 0.652604 0.437037 0.627083 0.482407 0.626563 0.482407 0.626042 0.483333 0.624479 0.483333 0.623958 0.482407 0.621875 0.482407 0.621354 0.481481 0.619792 0.481481 0.619271 0.480556 0.618750 0.480556 0.617188 0.483333 0.615104 0.483333 0.614583 0.482407 0.613021 0.482407 0.612500 0.481481 0.611979 0.481481 0.614583 0.486111 0.616146 0.486111 0.616667 0.487037 0.618229 0.487037 0.618750 0.487963 0.620313 0.487963 0.620833 0.488889 0.622396 0.488889 0.622917 0.489815 0.624479 0.489815 0.625000 0.490741 0.626563 0.490741 0.627083 0.491667 0.628646 0.491667 0.629167 0.492593 0.631250 0.492593 0.642708 0.472222 0.643229 0.472222 0.653646 0.453704 0.654167 0.453704 0.657813 0.447222 0.658333 0.447222 0.659896 0.444444 0.660417 0.444444 0.660937 0.445370 0.664583 0.445370 0.665104 0.446296 0.665625 0.446296 0.666667 0.448148 0.666667 0.449074 0.667188 0.450000 0.667188 0.451852 0.666667 0.452778 0.666667 0.453704 0.665625 0.455556 0.668750 0.455556 0.669271 0.456481 0.670833 0.456481 0.673958 0.462037 0.675000 0.462037 0.675521 0.462963 0.678646 0.462963 0.679167 0.463889 0.679688 0.463889 0.680729 0.465741 0.681250 0.465741 0.686979 0.475926 0.686979 0.476852 0.694271 0.489815 0.696354 0.489815 0.696875 0.490741 0.699479 0.490741 0.700000 0.491667 0.702083 0.491667 0.702604 0.492593 0.703125 0.492593 0.703646 0.491667 0.704167 0.491667 0.705208 0.489815 0.705208 0.487037 0.704688 0.486111 0.704688 0.485185 0.701042 0.478704 0.701042 0.477778 0.688542 0.455556 0.688542 0.454630 0.676042 0.432407 0.676042 0.431481 0.669792 0.420370 0.669271 0.420370 0.668229 0.418519
0 0.356250 0.440741 0.089583 0.077778 0.313542 0.401852 0.313021 0.402778 0.312500 0.402778 0.311458 0.404630 0.311458 0.407407 0.311979 0.408333 0.311979 0.409259 0.315104 0.414815 0.315104 0.415741 0.347396 0.473148 0.347917 0.473148 0.351042 0.478704 0.351562 0.478704 0.352083 0.479630 0.352604 0.479630 0.353125 0.478704 0.354167 0.478704 0.354687 0.477778 0.355208 0.477778 0.355729 0.476852 0.356250 0.476852 0.356771 0.475926 0.357292 0.475926 0.357812 0.475000 0.358333 0.475000 0.358854 0.474074 0.359896 0.474074 0.361979 0.470370 0.362500 0.470370 0.384375 0.431481 0.384896 0.431481 0.394792 0.413889 0.395313 0.413889 0.395833 0.412963 0.396354 0.412963 0.396875 0.412037 0.401042 0.412037 0.398958 0.408333 0.398958 0.407407 0.397917 0.405556 0.397917 0.404630 0.396354 0.404630 0.395833 0.403704 0.392708 0.403704 0.392188 0.402778 0.390625 0.402778 0.390104 0.403704 0.389583 0.403704 0.386458 0.409259 0.385937 0.409259 0.371354 0.435185 0.370833 0.435185 0.365104 0.445370 0.364583 0.445370 0.362500 0.449074 0.361979 0.449074 0.361458 0.450000 0.359375 0.450000 0.357292 0.446296 0.357292 0.444444 0.356771 0.445370 0.355208 0.445370 0.354687 0.446296 0.353125 0.446296 0.352604 0.447222 0.351042 0.447222 0.350521 0.448148 0.347917 0.448148 0.346875 0.446296 0.346354 0.446296 0.330729 0.418519 0.330208 0.418519 0.322917 0.405556 0.322396 0.405556 0.320833 0.402778 0.314063 0.402778
0 0.438021 0.437963 0.079167 0.074074 0.400000 0.400926 0.399479 0.401852 0.398958 0.401852 0.398958 0.402778 0.398438 0.403704 0.398438 0.405556 0.399479 0.407407 0.399479 0.408333 0.417187 0.439815 0.417187 0.440741 0.434896 0.472222 0.435417 0.472222 0.436979 0.475000 0.439063 0.475000 0.439583 0.474074 0.440104 0.474074 0.452083 0.452778 0.452604 0.452778 0.477083 0.409259 0.477083 0.408333 0.477604 0.407407 0.477604 0.403704 0.476042 0.400926 0.473958 0.400926 0.473438 0.401852 0.471875 0.401852 0.467187 0.410185 0.466667 0.410185 0.448958 0.441667 0.448437 0.441667 0.446875 0.444444 0.444792 0.444444 0.443750 0.442593 0.442708 0.442593 0.441667 0.444444 0.441146 0.444444 0.440104 0.446296 0.439063 0.446296 0.438542 0.447222 0.437500 0.447222 0.435937 0.450000 0.433333 0.450000 0.431771 0.447222 0.431250 0.447222 0.409375 0.408333 0.408854 0.408333 0.405729 0.402778 0.405208 0.402778 0.404687 0.401852 0.403125 0.401852 0.402604 0.400926
0 0.527083 0.443981 0.087500 0.075000 0.483333 0.406481 0.484375 0.406481 0.484896 0.407407 0.485417 0.407407 0.513542 0.457407 0.513542 0.458333 0.522917 0.475000 0.522917 0.475926 0.523438 0.475926 0.523958 0.476852 0.524479 0.476852 0.525000 0.477778 0.526042 0.477778 0.526563 0.478704 0.527083 0.478704 0.527604 0.479630 0.528125 0.479630 0.528646 0.480556 0.529687 0.480556 0.530208 0.481481 0.531771 0.481481 0.532813 0.479630 0.533333 0.479630 0.570312 0.413889 0.570312 0.412963 0.570833 0.412037 0.570833 0.410185 0.570312 0.409259 0.570312 0.408333 0.569271 0.406481 0.565104 0.406481 0.560417 0.414815 0.559896 0.414815 0.543750 0.443519 0.543229 0.443519 0.542188 0.445370 0.541667 0.445370 0.541146 0.444444 0.538542 0.444444 0.538021 0.443519 0.535937 0.443519 0.535417 0.442593 0.534375 0.442593 0.533854 0.443519 0.533333 0.443519 0.532813 0.444444 0.530729 0.444444 0.530208 0.443519 0.528125 0.443519 0.527604 0.442593 0.525521 0.442593 0.525000 0.441667 0.523438 0.441667 0.521875 0.444444 0.518229 0.444444 0.517708 0.445370 0.517188 0.445370 0.496354 0.408333 0.495833 0.408333 0.494792 0.406481
0 0.623177 0.445370 0.082812 0.074074 0.581771 0.408333 0.602604 0.445370 0.602604 0.446296 0.617188 0.472222 0.617188 0.473148 0.618750 0.475926 0.618750 0.476852 0.619271 0.477778 0.619271 0.479630 0.619792 0.480556 0.621354 0.480556 0.621875 0.481481 0.623958 0.481481 0.624479 0.482407 0.626042 0.482407 0.626563 0.481481 0.627083 0.481481 0.652604 0.436111 0.653125 0.436111 0.661979 0.420370 0.661979 0.419444 0.664583 0.414815 0.664583 0.410185 0.663542 0.408333 0.656771 0.408333 0.653646 0.413889 0.653125 0.413889 0.646354 0.425926 0.645833 0.425926 0.630208 0.453704 0.629687 0.453704 0.629167 0.454630 0.624479 0.454630 0.623958 0.453704 0.620833 0.453704 0.620313 0.452778 0.617188 0.452778 0.616667 0.451852 0.615625 0.451852 0.615104 0.450926 0.614583 0.450926 0.591146 0.409259 0.590625 0.409259 0.590104 0.408333
0 0.718490 0.469907 0.080729 0.078704 0.693750 0.430556 0.699479 0.440741 0.699479 0.441667 0.702604 0.447222 0.702604 0.448148 0.703125 0.449074 0.703125 0.450926 0.702604 0.451852 0.702604 0.452778 0.701562 0.454630 0.696875 0.454630 0.687500 0.437963 0.686979 0.437963 0.686458 0.437037 0.685937 0.437037 0.685417 0.436111 0.679167 0.436111 0.678646 0.435185 0.678125 0.435185 0.689063 0.454630 0.689063 0.455556 0.701562 0.477778 0.701562 0.478704 0.705208 0.485185 0.705208 0.486111 0.705729 0.487037 0.705729 0.489815 0.704167 0.492593 0.703646 0.492593 0.703125 0.493519 0.702604 0.493519 0.702083 0.492593 0.700000 0.492593 0.699479 0.491667 0.696875 0.491667 0.696354 0.490741 0.694792 0.490741 0.701562 0.502778 0.703125 0.502778 0.703646 0.503704 0.705729 0.503704 0.706250 0.504630 0.707812 0.504630 0.708333 0.505556 0.710417 0.505556 0.710938 0.506481 0.713021 0.506481 0.713542 0.507407 0.715625 0.507407 0.716146 0.508333 0.718229 0.508333 0.718750 0.509259 0.721354 0.509259 0.723437 0.505556 0.723958 0.505556 0.757812 0.445370 0.757812 0.444444 0.758854 0.442593 0.758854 0.438889 0.757292 0.436111 0.750000 0.436111 0.749479 0.435185 0.739583 0.435185 0.739062 0.434259 0.729167 0.434259 0.728646 0.433333 0.718750 0.433333 0.718229 0.432407 0.708333 0.432407 0.707812 0.431481 0.697917 0.431481 0.697396 0.430556
0 0.315365 0.409722 0.088021 0.075000 0.310937 0.372222 0.310417 0.373148 0.309896 0.373148 0.307292 0.377778 0.306771 0.377778 0.278125 0.428704 0.277604 0.428704 0.273438 0.436111 0.273438 0.437037 0.271354 0.440741 0.271354 0.444444 0.272917 0.447222 0.276042 0.447222 0.280208 0.439815 0.280729 0.439815 0.288542 0.425926 0.289062 0.425926 0.289583 0.425000 0.297917 0.425000 0.298438 0.424074 0.301563 0.424074 0.308333 0.412037 0.308854 0.412037 0.309896 0.410185 0.311979 0.410185 0.311458 0.409259 0.311458 0.408333 0.310937 0.407407 0.310937 0.404630 0.312500 0.401852 0.313021 0.401852 0.313542 0.400926 0.314063 0.401852 0.320833 0.401852 0.322396 0.404630 0.322917 0.404630 0.330208 0.417593 0.330729 0.417593 0.346354 0.445370 0.346875 0.445370 0.347917 0.447222 0.350521 0.447222 0.351042 0.446296 0.352604 0.446296 0.353125 0.445370 0.354687 0.445370 0.355208 0.444444 0.356771 0.444444 0.357292 0.443519 0.357292 0.442593 0.359375 0.438889 0.357812 0.438889 0.357292 0.439815 0.354687 0.439815 0.354167 0.440741 0.353646 0.439815 0.353125 0.439815 0.352083 0.437963 0.351562 0.437963 0.315625 0.374074 0.315104 0.374074 0.314583 0.373148 0.311979 0.373148 0.311458 0.372222
0 0.397396 0.412037 0.079167 0.074074 0.396875 0.375000 0.396354 0.375926 0.395833 0.375926 0.392708 0.381481 0.392188 0.381481 0.363021 0.433333 0.362500 0.433333 0.360938 0.436111 0.360938 0.437037 0.357812 0.442593 0.357812 0.446296 0.359375 0.449074 0.361458 0.449074 0.361979 0.448148 0.362500 0.448148 0.364583 0.444444 0.365104 0.444444 0.370833 0.434259 0.371354 0.434259 0.385937 0.408333 0.386458 0.408333 0.389583 0.402778 0.390104 0.402778 0.390625 0.401852 0.392188 0.401852 0.392708 0.402778 0.395833 0.402778 0.396354 0.403704 0.397917 0.403704 0.398438 0.402778 0.398438 0.401852 0.398958 0.400926 0.399479 0.400926 0.400000 0.400000 0.402604 0.400000 0.403125 0.399074 0.403646 0.399074 0.405208 0.401852 0.405729 0.401852 0.408854 0.407407 0.409375 0.407407 0.431250 0.446296 0.431771 0.446296 0.433333 0.449074 0.435937 0.449074 0.436979 0.447222 0.436979 0.439815 0.436458 0.438889 0.436458 0.437037 0.409896 0.389815 0.409896 0.388889 0.407292 0.384259 0.406771 0.384259 0.405729 0.382407 0.405208 0.382407 0.404687 0.381481 0.404167 0.381481 0.403125 0.379630 0.402604 0.379630 0.402083 0.378704 0.401562 0.378704 0.400521 0.376852 0.400000 0.376852 0.399479 0.375926 0.398958 0.375926 0.398438 0.375000
0 0.482292 0.406019 0.081250 0.075000 0.482812 0.368519 0.482292 0.369444 0.481771 0.369444 0.481250 0.370370 0.480729 0.370370 0.480208 0.371296 0.479687 0.371296 0.479167 0.372222 0.478646 0.372222 0.477604 0.374074 0.477083 0.374074 0.476562 0.375000 0.476042 0.375000 0.475521 0.375926 0.475000 0.375926 0.444271 0.430556 0.443750 0.430556 0.441667 0.434259 0.442188 0.435185 0.442188 0.436111 0.442708 0.437037 0.442708 0.437963 0.443229 0.438889 0.443229 0.439815 0.443750 0.440741 0.443750 0.441667 0.444792 0.443519 0.446875 0.443519 0.448437 0.440741 0.448958 0.440741 0.466667 0.409259 0.467187 0.409259 0.471875 0.400926 0.472396 0.400926 0.475521 0.395370 0.476042 0.395370 0.476562 0.394444 0.477604 0.396296 0.478125 0.396296 0.480208 0.400000 0.480729 0.400000 0.483854 0.405556 0.494792 0.405556 0.495833 0.407407 0.496354 0.407407 0.516146 0.442593 0.518229 0.442593 0.518750 0.443519 0.521875 0.443519 0.522917 0.441667 0.522917 0.438889 0.522396 0.437963 0.522396 0.437037 0.520833 0.434259 0.520833 0.433333 0.498437 0.393519 0.498437 0.392593 0.485938 0.370370 0.485417 0.370370 0.484375 0.368519
0 0.576562 0.406481 0.083333 0.075926 0.579167 0.368519 0.578646 0.369444 0.575521 0.369444 0.575000 0.370370 0.572917 0.370370 0.572917 0.371296 0.573438 0.372222 0.572917 0.373148 0.572917 0.374074 0.572396 0.375000 0.572396 0.375926 0.536979 0.438889 0.536458 0.438889 0.534896 0.441667 0.535417 0.441667 0.535937 0.442593 0.538021 0.442593 0.538542 0.443519 0.541146 0.443519 0.541667 0.444444 0.542188 0.444444 0.543229 0.442593 0.543750 0.442593 0.559896 0.413889 0.560417 0.413889 0.565104 0.405556 0.569271 0.405556 0.569792 0.406481 0.580729 0.406481 0.581250 0.407407 0.590104 0.407407 0.590625 0.408333 0.591146 0.408333 0.610417 0.442593 0.610938 0.442593 0.611458 0.443519 0.617188 0.443519 0.617708 0.442593 0.617708 0.441667 0.618229 0.440741 0.618229 0.438889 0.617708 0.437963 0.617708 0.437037 0.613542 0.429630 0.613542 0.428704 0.597917 0.400926 0.597917 0.400000 0.580729 0.369444 0.580208 0.369444 0.579688 0.368519
0 0.656771 0.417130 0.091667 0.073148 0.663021 0.380556 0.629167 0.440741 0.628646 0.440741 0.626563 0.444444 0.626042 0.444444 0.625521 0.445370 0.623958 0.445370 0.623437 0.444444 0.619271 0.444444 0.618750 0.443519 0.617708 0.443519 0.617188 0.444444 0.611458 0.444444 0.610938 0.443519 0.614583 0.450000 0.615104 0.450000 0.615625 0.450926 0.616667 0.450926 0.617188 0.451852 0.620313 0.451852 0.620833 0.452778 0.623958 0.452778 0.624479 0.453704 0.629167 0.453704 0.629687 0.452778 0.630208 0.452778 0.645833 0.425000 0.646354 0.425000 0.653125 0.412963 0.653646 0.412963 0.656771 0.407407 0.663542 0.407407 0.665104 0.410185 0.665104 0.414815 0.663542 0.417593 0.668229 0.417593 0.669271 0.419444 0.669792 0.419444 0.676562 0.431481 0.676562 0.432407 0.677604 0.434259 0.678646 0.434259 0.679167 0.435185 0.685417 0.435185 0.685937 0.436111 0.686458 0.436111 0.686979 0.437037 0.687500 0.437037 0.696875 0.453704 0.701562 0.453704 0.702083 0.452778 0.702083 0.451852 0.702604 0.450926 0.702604 0.449074 0.702083 0.448148 0.702083 0.447222 0.698958 0.441667 0.698958 0.440741 0.687500 0.420370 0.687500 0.419444 0.675521 0.398148 0.675521 0.397222 0.666667 0.381481 0.666146 0.381481 0.665625 0.380556