0 0.269010 0.560648 0.084896 0.080556 0.309375 0.520370 0.305208 0.527778 0.304688 0.527778 0.294271 0.546296 0.293750 0.546296 0.292708 0.548148 0.292187 0.548148 0.291667 0.549074 0.285938 0.549074 0.285417 0.550000 0.284896 0.550000 0.283854 0.551852 0.283333 0.551852 0.282813 0.552778 0.282292 0.552778 0.281250 0.554630 0.280729 0.554630 0.279687 0.556481 0.279167 0.556481 0.278646 0.557407 0.278125 0.557407 0.277083 0.559259 0.276562 0.559259 0.275521 0.561111 0.275000 0.561111 0.274479 0.562037 0.273958 0.562037 0.272917 0.563889 0.272396 0.563889 0.271354 0.565741 0.270833 0.565741 0.270313 0.566667 0.268229 0.566667 0.266667 0.563889 0.266667 0.560185 0.267708 0.558333 0.267708 0.557407 0.267188 0.557407 0.266667 0.558333 0.266146 0.558333 0.265104 0.560185 0.264583 0.560185 0.264062 0.561111 0.263542 0.561111 0.263021 0.562037 0.262500 0.562037 0.261979 0.562963 0.261458 0.562963 0.260937 0.563889 0.259896 0.563889 0.259375 0.562963 0.258854 0.562963 0.254688 0.555556 0.254167 0.555556 0.235417 0.522222 0.234375 0.524074 0.233854 0.524074 0.233333 0.525000 0.232292 0.525000 0.231771 0.525926 0.231250 0.525926 0.230729 0.526852 0.230208 0.526852 0.229687 0.527778 0.228646 0.527778 0.228125 0.528704 0.227604 0.528704 0.227083 0.529630 0.227083 0.530556 0.226562 0.531481 0.226562 0.534259 0.227083 0.535185 0.227083 0.536111 0.238021 0.555556 0.238542 0.555556 0.250000 0.575926 0.250521 0.575926 0.261458 0.595370 0.261979 0.595370 0.265104 0.600926 0.271354 0.600926 0.271875 0.600000 0.272396 0.600000 0.303646 0.544444 0.304167 0.544444 0.305729 0.541667 0.305729 0.540741 0.311458 0.530556 0.311458 0.526852 0.310417 0.525000 0.310417 0.524074 0.309896 0.523148 0.309896 0.522222 0.309375 0.521296
0 0.268750 0.519907 0.098958 0.087963 0.316146 0.475926 0.315625 0.476852 0.314583 0.476852 0.314063 0.477778 0.313021 0.477778 0.312500 0.478704 0.311979 0.478704 0.311458 0.479630 0.310417 0.479630 0.309896 0.480556 0.308854 0.480556 0.308333 0.481481 0.307812 0.481481 0.307292 0.482407 0.306250 0.482407 0.305729 0.483333 0.305208 0.483333 0.304688 0.484259 0.303646 0.484259 0.303125 0.485185 0.302083 0.485185 0.301563 0.486111 0.301042 0.486111 0.300521 0.487037 0.299479 0.487037 0.298958 0.487963 0.298438 0.487963 0.297917 0.488889 0.297396 0.488889 0.294271 0.494444 0.293750 0.494444 0.281250 0.516667 0.280729 0.516667 0.277604 0.522222 0.276562 0.522222 0.276042 0.523148 0.275521 0.523148 0.275000 0.524074 0.274479 0.524074 0.273958 0.525000 0.273438 0.525000 0.272917 0.525926 0.272396 0.525926 0.271875 0.525000 0.271354 0.525000 0.270313 0.523148 0.270313 0.522222 0.269792 0.522222 0.269271 0.523148 0.268750 0.523148 0.268229 0.524074 0.267708 0.524074 0.267188 0.525000 0.266146 0.525000 0.265625 0.525926 0.265104 0.525926 0.264583 0.526852 0.264062 0.526852 0.263542 0.527778 0.263021 0.527778 0.262500 0.528704 0.261458 0.528704 0.260937 0.529630 0.260417 0.529630 0.259896 0.530556 0.259375 0.530556 0.258854 0.531481 0.258333 0.531481 0.257812 0.532407 0.256771 0.532407 0.256250 0.533333 0.255729 0.533333 0.255208 0.534259 0.253125 0.534259 0.252083 0.532407 0.251563 0.532407 0.238542 0.509259 0.238021 0.509259 0.225000 0.486111 0.223958 0.486111 0.223438 0.487037 0.221354 0.487037 0.220833 0.487963 0.220312 0.487963 0.219271 0.489815 0.219271 0.493519 0.221354 0.497222 0.221354 0.498148 0.227083 0.508333 0.227604 0.508333 0.253646 0.554630 0.254167 0.554630 0.258854 0.562963 0.259896 0.562963 0.260417 0.563889 0.260937 0.562963 0.261979 0.562963 0.263021 0.561111 0.263542 0.561111 0.264062 0.560185 0.264583 0.560185 0.265104 0.559259 0.265625 0.559259 0.266667 0.557407 0.267188 0.557407 0.267708 0.556481 0.268229 0.556481 0.286458 0.524074 0.286979 0.524074 0.303125 0.495370 0.303646 0.495370 0.306250 0.490741 0.306771 0.490741 0.307292 0.489815 0.307812 0.489815 0.308333 0.488889 0.308854 0.488889 0.309375 0.487963 0.309896 0.487963 0.310417 0.487037 0.310937 0.487037 0.311458 0.486111 0.310937 0.485185 0.310937 0.484259 0.311458 0.483333 0.311458 0.482407 0.312500 0.480556 0.313021 0.480556 0.313542 0.479630 0.314583 0.479630 0.315104 0.478704 0.315625 0.478704 0.316146 0.477778 0.317188 0.477778 0.317708 0.476852 0.318229 0.476852 0.317708 0.476852 0.317188 0.475926
0 0.260156 0.492130 0.096354 0.082407 0.307292 0.450926 0.306771 0.451852 0.304688 0.451852 0.304167 0.452778 0.302604 0.452778 0.302083 0.453704 0.300000 0.453704 0.299479 0.454630 0.297396 0.454630 0.296875 0.455556 0.294792 0.455556 0.294271 0.456481 0.292708 0.456481 0.292187 0.457407 0.291667 0.457407 0.283333 0.472222 0.282813 0.472222 0.272917 0.489815 0.272396 0.489815 0.270833 0.492593 0.269792 0.492593 0.269271 0.493519 0.268229 0.493519 0.267708 0.494444 0.266667 0.494444 0.266146 0.495370 0.265104 0.495370 0.264583 0.496296 0.263542 0.496296 0.263021 0.497222 0.261979 0.497222 0.261458 0.498148 0.259896 0.498148 0.259375 0.499074 0.258333 0.499074 0.257812 0.500000 0.256771 0.500000 0.256250 0.500926 0.255208 0.500926 0.254688 0.501852 0.253646 0.501852 0.253125 0.502778 0.252083 0.502778 0.251563 0.503704 0.250521 0.503704 0.250000 0.502778 0.249479 0.502778 0.246875 0.498148 0.246354 0.498148 0.229167 0.467593 0.228646 0.467593 0.221354 0.454630 0.219792 0.454630 0.219271 0.455556 0.215104 0.455556 0.214583 0.456481 0.213542 0.456481 0.213021 0.457407 0.212500 0.457407 0.212500 0.458333 0.211979 0.459259 0.211979 0.461111 0.212500 0.462037 0.212500 0.462963 0.238021 0.508333 0.238542 0.508333 0.251563 0.531481 0.252083 0.531481 0.253125 0.533333 0.255208 0.533333 0.255729 0.532407 0.256250 0.532407 0.256771 0.531481 0.257812 0.531481 0.258333 0.530556 0.258854 0.530556 0.259375 0.529630 0.259896 0.529630 0.260417 0.528704 0.260937 0.528704 0.261458 0.527778 0.262500 0.527778 0.263021 0.526852 0.263542 0.526852 0.264062 0.525926 0.264583 0.525926 0.265104 0.525000 0.265625 0.525000 0.266146 0.524074 0.267188 0.524074 0.267708 0.523148 0.268229 0.523148 0.268750 0.522222 0.269271 0.522222 0.269792 0.521296 0.269792 0.518519 0.270313 0.517593 0.270313 0.516667 0.284896 0.490741 0.285417 0.490741 0.303646 0.458333 0.304167 0.458333 0.308333 0.450926
0 0.254948 0.463889 0.091146 0.077778 0.298438 0.425000 0.297917 0.425926 0.290104 0.425926 0.289583 0.426852 0.288542 0.426852 0.288021 0.427778 0.287500 0.427778 0.276042 0.448148 0.275521 0.448148 0.267188 0.462963 0.266667 0.462963 0.264062 0.467593 0.262500 0.467593 0.261979 0.468519 0.259896 0.468519 0.259375 0.469444 0.257812 0.469444 0.257292 0.470370 0.255208 0.470370 0.254688 0.471296 0.252604 0.471296 0.252083 0.472222 0.250000 0.472222 0.249479 0.473148 0.247396 0.473148 0.246875 0.474074 0.245312 0.474074 0.244792 0.475000 0.244271 0.475000 0.243750 0.474074 0.243229 0.474074 0.242708 0.473148 0.242188 0.473148 0.237500 0.464815 0.236979 0.464815 0.223958 0.441667 0.223438 0.441667 0.214583 0.425926 0.211458 0.425926 0.210938 0.426852 0.210417 0.426852 0.209375 0.428704 0.209375 0.431481 0.209896 0.432407 0.209896 0.433333 0.228646 0.466667 0.229167 0.466667 0.246354 0.497222 0.246875 0.497222 0.249479 0.501852 0.250000 0.501852 0.250521 0.502778 0.251563 0.502778 0.252083 0.501852 0.253125 0.501852 0.253646 0.500926 0.254688 0.500926 0.255208 0.500000 0.256250 0.500000 0.256771 0.499074 0.257812 0.499074 0.258333 0.498148 0.259375 0.498148 0.259896 0.497222 0.261458 0.497222 0.261979 0.496296 0.263021 0.496296 0.263542 0.495370 0.264583 0.495370 0.265104 0.494444 0.266146 0.494444 0.266667 0.493519 0.267708 0.493519 0.268229 0.492593 0.269271 0.492593 0.269792 0.491667 0.270833 0.491667 0.272396 0.488889 0.272917 0.488889 0.274479 0.486111 0.273958 0.487037 0.270833 0.487037 0.269792 0.485185 0.269792 0.484259 0.269271 0.483333 0.269271 0.479630 0.292187 0.438889 0.292708 0.438889 0.300521 0.425000
0 0.248177 0.435185 0.092188 0.077778 0.282292 0.396296 0.281250 0.398148 0.280729 0.398148 0.264583 0.426852 0.264062 0.426852 0.259375 0.418519 0.258854 0.418519 0.249479 0.401852 0.248958 0.401852 0.248438 0.400926 0.247917 0.400926 0.247396 0.400000 0.237500 0.400000 0.236979 0.399074 0.225521 0.399074 0.225000 0.398148 0.213542 0.398148 0.213021 0.397222 0.203125 0.397222 0.202083 0.399074 0.202083 0.402778 0.203125 0.404630 0.203125 0.405556 0.209375 0.416667 0.209896 0.416667 0.223438 0.440741 0.223958 0.440741 0.236979 0.463889 0.237500 0.463889 0.242188 0.472222 0.242708 0.472222 0.243229 0.473148 0.243750 0.473148 0.244271 0.474074 0.244792 0.474074 0.245312 0.473148 0.246875 0.473148 0.247396 0.472222 0.249479 0.472222 0.250000 0.471296 0.252083 0.471296 0.252604 0.470370 0.254688 0.470370 0.255208 0.469444 0.257292 0.469444 0.257812 0.468519 0.259375 0.468519 0.259896 0.467593 0.261979 0.467593 0.262500 0.466667 0.264062 0.466667 0.266667 0.462037 0.267188 0.462037 0.275000 0.448148 0.271875 0.448148 0.269792 0.444444 0.269792 0.441667 0.270833 0.439815 0.270833 0.438889 0.285938 0.412037 0.286458 0.412037 0.294271 0.398148 0.292187 0.398148 0.291667 0.397222 0.284896 0.397222 0.284375 0.396296
0 0.355208 0.401852 0.083333 0.075926 0.315104 0.363889 0.313542 0.366667 0.313542 0.368519 0.314063 0.369444 0.314063 0.370370 0.315625 0.373148 0.315625 0.374074 0.347396 0.430556 0.347917 0.430556 0.352604 0.438889 0.353125 0.438889 0.353646 0.439815 0.354687 0.439815 0.355208 0.438889 0.356771 0.438889 0.357292 0.437963 0.358854 0.437963 0.359375 0.437037 0.359896 0.437037 0.372396 0.414815 0.372917 0.414815 0.394271 0.376852 0.394792 0.376852 0.396354 0.374074 0.396875 0.374074 0.396875 0.373148 0.394792 0.369444 0.394792 0.368519 0.392708 0.364815 0.391146 0.364815 0.390625 0.365741 0.390104 0.365741 0.378125 0.387037 0.377604 0.387037 0.369271 0.401852 0.368750 0.401852 0.364583 0.409259 0.364063 0.409259 0.361979 0.412963 0.361458 0.412963 0.360938 0.413889 0.359896 0.412037 0.359375 0.412037 0.356250 0.406481 0.355729 0.406481 0.339062 0.376852 0.338542 0.376852 0.336979 0.374074 0.335938 0.374074 0.335417 0.373148 0.333854 0.373148 0.333333 0.372222 0.332292 0.372222 0.331771 0.371296 0.330208 0.371296 0.329688 0.370370 0.328646 0.370370 0.328125 0.369444 0.326562 0.369444 0.326042 0.368519 0.324479 0.368519 0.323958 0.367593 0.322917 0.367593 0.322396 0.366667 0.320833 0.366667 0.320312 0.365741 0.319271 0.365741 0.318750 0.364815 0.317188 0.364815 0.316667 0.363889
0 0.438281 0.399537 0.079687 0.075000 0.400000 0.362037 0.398958 0.363889 0.398958 0.364815 0.398438 0.365741 0.398438 0.366667 0.398958 0.367593 0.398958 0.368519 0.399479 0.369444 0.399479 0.370370 0.400521 0.372222 0.400521 0.373148 0.401042 0.374074 0.401042 0.375000 0.402083 0.376852 0.402083 0.377778 0.411979 0.395370 0.411979 0.396296 0.431250 0.430556 0.431771 0.430556 0.432812 0.432407 0.433333 0.432407 0.433854 0.433333 0.434375 0.433333 0.435417 0.435185 0.435937 0.435185 0.436458 0.436111 0.436979 0.436111 0.437500 0.437037 0.439583 0.437037 0.442708 0.431481 0.443229 0.431481 0.477604 0.370370 0.477604 0.369444 0.478125 0.368519 0.478125 0.365741 0.476562 0.362963 0.474479 0.362963 0.473958 0.363889 0.473438 0.363889 0.472917 0.364815 0.472396 0.364815 0.471875 0.365741 0.471354 0.365741 0.470833 0.366667 0.469792 0.366667 0.469271 0.367593 0.468750 0.367593 0.468229 0.368519 0.467708 0.368519 0.467187 0.369444 0.466667 0.369444 0.466146 0.370370 0.465625 0.370370 0.465104 0.371296 0.464583 0.371296 0.464062 0.372222 0.463021 0.372222 0.461979 0.374074 0.461458 0.374074 0.446354 0.400926 0.445833 0.400926 0.441667 0.408333 0.441146 0.408333 0.439063 0.412037 0.438542 0.412037 0.436979 0.414815 0.436458 0.414815 0.435937 0.415741 0.434896 0.415741 0.434375 0.414815 0.433854 0.414815 0.432812 0.412963 0.432292 0.412963 0.430729 0.410185 0.430208 0.410185 0.426563 0.403704 0.426042 0.403704 0.404687 0.365741 0.404167 0.365741 0.402604 0.362963 0.402083 0.362963 0.401562 0.362037
0 0.529427 0.405556 0.085938 0.075926 0.493750 0.367593 0.493229 0.368519 0.491667 0.368519 0.491146 0.369444 0.490104 0.369444 0.489583 0.370370 0.488021 0.370370 0.487500 0.371296 0.486458 0.371296 0.486979 0.371296 0.492708 0.381481 0.492708 0.382407 0.517188 0.425926 0.517188 0.426852 0.522917 0.437037 0.522917 0.437963 0.523438 0.438889 0.523438 0.440741 0.523958 0.441667 0.526563 0.441667 0.527083 0.442593 0.530208 0.442593 0.530729 0.443519 0.533333 0.443519 0.534375 0.441667 0.534896 0.441667 0.571875 0.375926 0.571875 0.375000 0.572396 0.374074 0.572396 0.370370 0.571354 0.368519 0.570833 0.368519 0.570312 0.367593 0.569271 0.367593 0.568750 0.368519 0.565625 0.368519 0.565104 0.369444 0.561979 0.369444 0.561458 0.370370 0.558854 0.370370 0.558333 0.371296 0.555208 0.371296 0.554688 0.372222 0.551562 0.372222 0.551042 0.373148 0.548438 0.373148 0.547917 0.374074 0.544792 0.374074 0.544271 0.375000 0.541146 0.375000 0.540625 0.375926 0.538021 0.375926 0.537500 0.376852 0.536979 0.376852 0.535417 0.379630 0.534896 0.379630 0.519271 0.407407 0.518750 0.406481 0.518229 0.406481 0.496875 0.368519 0.496354 0.368519 0.495833 0.367593
0 0.622396 0.407407 0.081250 0.074074 0.584896 0.370370 0.584375 0.371296 0.581771 0.371296 0.594271 0.393519 0.594271 0.394444 0.608333 0.419444 0.608333 0.420370 0.616667 0.435185 0.616667 0.436111 0.617708 0.437963 0.617708 0.442593 0.617188 0.443519 0.622396 0.443519 0.622917 0.444444 0.624479 0.444444 0.625000 0.443519 0.625521 0.443519 0.626563 0.441667 0.627083 0.441667 0.661979 0.379630 0.661979 0.378704 0.663021 0.376852 0.663021 0.373148 0.661458 0.370370 0.658333 0.370370 0.657813 0.371296 0.652604 0.371296 0.652083 0.372222 0.646354 0.372222 0.645833 0.373148 0.640104 0.373148 0.639583 0.374074 0.633854 0.374074 0.633333 0.375000 0.627604 0.375000 0.627083 0.375926 0.621354 0.375926 0.620833 0.376852 0.615625 0.376852 0.615104 0.377778 0.610938 0.377778 0.610417 0.378704 0.609896 0.378704 0.602083 0.392593 0.596875 0.383333 0.596875 0.382407 0.591667 0.373148 0.591146 0.373148 0.589583 0.370370
0 0.351042 0.556944 0.083333 0.084259 0.311458 0.514815 0.310937 0.515741 0.310417 0.515741 0.309375 0.517593 0.309375 0.520370 0.309896 0.521296 0.309896 0.522222 0.310417 0.523148 0.310417 0.524074 0.310937 0.525000 0.310937 0.525926 0.311979 0.527778 0.311979 0.528704 0.313021 0.530556 0.313021 0.531481 0.314063 0.533333 0.314063 0.534259 0.315104 0.536111 0.315104 0.537037 0.316146 0.538889 0.316146 0.539815 0.317188 0.541667 0.317188 0.542593 0.318229 0.544444 0.318229 0.545370 0.318750 0.546296 0.318750 0.547222 0.319792 0.549074 0.319792 0.550000 0.320833 0.551852 0.320833 0.552778 0.321875 0.554630 0.321875 0.555556 0.322917 0.557407 0.322917 0.558333 0.323958 0.560185 0.323958 0.561111 0.325000 0.562963 0.325000 0.563889 0.326042 0.565741 0.326042 0.566667 0.327083 0.568519 0.327083 0.569444 0.328125 0.571296 0.328125 0.572222 0.329167 0.574074 0.329167 0.575000 0.330208 0.576852 0.330208 0.577778 0.331250 0.579630 0.331250 0.580556 0.332292 0.582407 0.332292 0.583333 0.333333 0.585185 0.333333 0.586111 0.334375 0.587963 0.334375 0.588889 0.335417 0.590741 0.335417 0.591667 0.336458 0.593519 0.336458 0.594444 0.337500 0.596296 0.337500 0.597222 0.338542 0.599074 0.344792 0.599074 0.345313 0.598148 0.345833 0.598148 0.346354 0.597222 0.346875 0.597222 0.347917 0.595370 0.348438 0.595370 0.349479 0.593519 0.350000 0.593519 0.351042 0.591667 0.351562 0.591667 0.352604 0.589815 0.353125 0.589815 0.353646 0.588889 0.354167 0.588889 0.355208 0.587037 0.355729 0.587037 0.356771 0.585185 0.357292 0.585185 0.358333 0.583333 0.358854 0.583333 0.359896 0.581481 0.360417 0.581481 0.360938 0.580556 0.361458 0.580556 0.362500 0.578704 0.363021 0.578704 0.364063 0.576852 0.364583 0.576852 0.365625 0.575000 0.366146 0.575000 0.367188 0.573148 0.367708 0.573148 0.368229 0.572222 0.368750 0.572222 0.369792 0.570370 0.370312 0.570370 0.371354 0.568519 0.371875 0.568519 0.372917 0.566667 0.373437 0.566667 0.374479 0.564815 0.375000 0.564815 0.375521 0.563889 0.376042 0.563889 0.377083 0.562037 0.377604 0.562037 0.378646 0.560185 0.379167 0.560185 0.380208 0.558333 0.380729 0.558333 0.381771 0.556481 0.382292 0.556481 0.383333 0.554630 0.383854 0.554630 0.384896 0.552778 0.385417 0.552778 0.386458 0.550926 0.386979 0.550926 0.387500 0.550000 0.387500 0.549074 0.388542 0.547222 0.388542 0.546296 0.389062 0.545370 0.389062 0.544444 0.389583 0.543519 0.389583 0.542593 0.390104 0.541667 0.390104 0.540741 0.390625 0.539815 0.390625 0.536111 0.390104 0.535185 0.390625 0.534259 0.390625 0.531481 0.391146 0.530556 0.391146 0.528704 0.391667 0.527778 0.391667 0.525000 0.392188 0.524074 0.392188 0.521296 0.392708 0.520370 0.392708 0.519444 0.392188 0.519444 0.391146 0.521296 0.390625 0.521296 0.390104 0.522222 0.389583 0.522222 0.388542 0.524074 0.388021 0.524074 0.386979 0.525926 0.386458 0.525926 0.385417 0.527778 0.384896 0.527778 0.383854 0.529630 0.383333 0.529630 0.382812 0.530556 0.382292 0.530556 0.381250 0.532407 0.380729 0.532407 0.378125 0.537037 0.377604 0.537037 0.373437 0.544444 0.372917 0.544444 0.368750 0.551852 0.368229 0.551852 0.363021 0.561111 0.362500 0.561111 0.359375 0.566667 0.358854 0.566667 0.358333 0.567593 0.357292 0.567593 0.355208 0.563889 0.355208 0.562963 0.354687 0.562037 0.354687 0.561111 0.355208 0.560185 0.355208 0.559259 0.356771 0.556481 0.356771 0.555556 0.358333 0.552778 0.358333 0.551852 0.359375 0.550000 0.358333 0.550000 0.354687 0.556481 0.354167 0.556481 0.353125 0.558333 0.352083 0.558333 0.350521 0.561111 0.350521 0.562037 0.349479 0.563889 0.349479 0.564815 0.348438 0.566667 0.347917 0.566667 0.347396 0.567593 0.345833 0.567593 0.345313 0.566667 0.344792 0.566667 0.341667 0.561111 0.341146 0.561111 0.322917 0.528704 0.322396 0.528704 0.318229 0.521296 0.317708 0.521296 0.315625 0.517593 0.315104 0.517593 0.313542 0.514815
0 0.431250 0.558796 0.081250 0.087963 0.396354 0.514815 0.395833 0.515741 0.393750 0.515741 0.393750 0.516667 0.393229 0.517593 0.393229 0.520370 0.392708 0.521296 0.392708 0.524074 0.392188 0.525000 0.392188 0.527778 0.391667 0.528704 0.391667 0.530556 0.391146 0.531481 0.391146 0.534259 0.390625 0.535185 0.391146 0.536111 0.391146 0.537963 0.412500 0.575926 0.413021 0.575926 0.428125 0.602778 0.435417 0.602778 0.448958 0.578704 0.448958 0.577778 0.471354 0.537963 0.471354 0.537037 0.471875 0.536111 0.471875 0.532407 0.471354 0.531481 0.471354 0.530556 0.470833 0.530556 0.467187 0.524074 0.466667 0.524074 0.465625 0.525926 0.465104 0.525926 0.452604 0.548148 0.452083 0.548148 0.446354 0.558333 0.445833 0.558333 0.445312 0.559259 0.444792 0.559259 0.444271 0.558333 0.443750 0.558333 0.442708 0.556481 0.442708 0.555556 0.442188 0.554630 0.442188 0.553704 0.441667 0.552778 0.441667 0.550926 0.441146 0.550000 0.440625 0.550000 0.438542 0.553704 0.435937 0.553704 0.432812 0.548148 0.432292 0.548148 0.432292 0.549074 0.432812 0.550000 0.432812 0.552778 0.433333 0.553704 0.433333 0.555556 0.433854 0.556481 0.433854 0.559259 0.434375 0.560185 0.434375 0.562963 0.434896 0.563889 0.434896 0.569444 0.433854 0.571296 0.433333 0.571296 0.432812 0.572222 0.431771 0.572222 0.431250 0.571296 0.430729 0.571296 0.422396 0.556481 0.422396 0.555556 0.414583 0.541667 0.414583 0.540741 0.405729 0.525000 0.405208 0.525000 0.402083 0.519444 0.401562 0.519444 0.400521 0.517593 0.400000 0.517593 0.399479 0.516667 0.398958 0.516667 0.398438 0.515741 0.396875 0.515741
0 0.522656 0.550463 0.091146 0.091667 0.480729 0.504630 0.480208 0.505556 0.479687 0.505556 0.479167 0.506481 0.478646 0.506481 0.478125 0.507407 0.477604 0.507407 0.477083 0.508333 0.482292 0.517593 0.482292 0.518519 0.506771 0.562037 0.507292 0.562037 0.514583 0.575000 0.515104 0.575000 0.522917 0.588889 0.523438 0.588889 0.527083 0.595370 0.527604 0.595370 0.528125 0.596296 0.529687 0.596296 0.530208 0.595370 0.530729 0.595370 0.547396 0.565741 0.547917 0.565741 0.567187 0.531481 0.567187 0.530556 0.568229 0.528704 0.568229 0.525926 0.567708 0.525000 0.567708 0.524074 0.567187 0.523148 0.566667 0.523148 0.566146 0.522222 0.565625 0.522222 0.565104 0.521296 0.563542 0.521296 0.558854 0.529630 0.558333 0.529630 0.541667 0.559259 0.541146 0.559259 0.540625 0.560185 0.540104 0.560185 0.539583 0.559259 0.539062 0.559259 0.538021 0.557407 0.537500 0.557407 0.536458 0.555556 0.535937 0.555556 0.534896 0.553704 0.534375 0.554630 0.533854 0.554630 0.531250 0.559259 0.529167 0.559259 0.527604 0.556481 0.527083 0.556481 0.526042 0.554630 0.525521 0.554630 0.523958 0.551852 0.523438 0.551852 0.522396 0.550000 0.521875 0.550000 0.520312 0.547222 0.519792 0.547222 0.518750 0.545370 0.518229 0.545370 0.516667 0.542593 0.519792 0.548148 0.519792 0.549074 0.521354 0.551852 0.521354 0.556481 0.520312 0.558333 0.519792 0.558333 0.519271 0.559259 0.518750 0.559259 0.518229 0.558333 0.517188 0.558333 0.515104 0.554630 0.514583 0.554630 0.513021 0.551852 0.512500 0.551852 0.510417 0.548148 0.509896 0.548148 0.507812 0.544444 0.507292 0.544444 0.506250 0.542593 0.505208 0.542593 0.495312 0.525000 0.494792 0.525000 0.492708 0.521296 0.492188 0.521296 0.489583 0.516667 0.489063 0.516667 0.486979 0.512963 0.486458 0.512963 0.484375 0.509259 0.483854 0.509259 0.481250 0.504630
0 0.612500 0.552778 0.096875 0.083333 0.570312 0.511111 0.569792 0.512037 0.569271 0.512037 0.566146 0.517593 0.565625 0.517593 0.564063 0.520370 0.565104 0.520370 0.565625 0.521296 0.566146 0.521296 0.566667 0.522222 0.567187 0.522222 0.568229 0.524074 0.568229 0.525000 0.568750 0.525926 0.568750 0.528704 0.567708 0.530556 0.567708 0.531481 0.566667 0.533333 0.579688 0.556481 0.580208 0.556481 0.580729 0.557407 0.581250 0.557407 0.581771 0.558333 0.582292 0.558333 0.582812 0.559259 0.583333 0.559259 0.583854 0.560185 0.584375 0.560185 0.584896 0.561111 0.585417 0.561111 0.585938 0.562037 0.586458 0.562037 0.586979 0.562963 0.587500 0.562963 0.588021 0.563889 0.588542 0.563889 0.589063 0.564815 0.589583 0.564815 0.590625 0.566667 0.591146 0.566667 0.591667 0.567593 0.592187 0.567593 0.592708 0.568519 0.593229 0.568519 0.593750 0.569444 0.594271 0.569444 0.594792 0.570370 0.595313 0.570370 0.595833 0.571296 0.596354 0.571296 0.596875 0.572222 0.597396 0.572222 0.597917 0.573148 0.598437 0.573148 0.598958 0.574074 0.599479 0.574074 0.600000 0.575000 0.600521 0.575000 0.601562 0.576852 0.602083 0.576852 0.602604 0.577778 0.603125 0.577778 0.603646 0.578704 0.604167 0.578704 0.604688 0.579630 0.605208 0.579630 0.605729 0.580556 0.606250 0.580556 0.606771 0.581481 0.607292 0.581481 0.607812 0.582407 0.608333 0.582407 0.608854 0.583333 0.609375 0.583333 0.609896 0.584259 0.610417 0.584259 0.610938 0.585185 0.611458 0.585185 0.611979 0.586111 0.612500 0.586111 0.613542 0.587963 0.614062 0.587963 0.614583 0.588889 0.615104 0.588889 0.615625 0.589815 0.616146 0.589815 0.616667 0.590741 0.617188 0.590741 0.617708 0.591667 0.618229 0.591667 0.618750 0.592593 0.619271 0.592593 0.619792 0.593519 0.620313 0.593519 0.620833 0.594444 0.623437 0.594444 0.626042 0.589815 0.626563 0.589815 0.657292 0.535185 0.657292 0.534259 0.660417 0.528704 0.660417 0.527778 0.660937 0.526852 0.660937 0.525926 0.660417 0.525000 0.660417 0.524074 0.659375 0.522222 0.658854 0.522222 0.658333 0.521296 0.656250 0.521296 0.654687 0.524074 0.654167 0.524074 0.649479 0.532407 0.648958 0.532407 0.629687 0.566667 0.629167 0.566667 0.628125 0.568519 0.627083 0.568519 0.626563 0.567593 0.626042 0.567593 0.625521 0.566667 0.624479 0.566667 0.623958 0.565741 0.623437 0.565741 0.622917 0.564815 0.622396 0.564815 0.621875 0.563889 0.620833 0.563889 0.620313 0.562963 0.619792 0.562963 0.619271 0.562037 0.618750 0.562037 0.618229 0.561111 0.617188 0.561111 0.616667 0.560185 0.616146 0.560185 0.615625 0.559259 0.615104 0.559259 0.614583 0.558333 0.614062 0.558333 0.613542 0.559259 0.613021 0.559259 0.612500 0.558333 0.611458 0.558333 0.610938 0.557407 0.610417 0.557407 0.609896 0.556481 0.609375 0.556481 0.608854 0.555556 0.608333 0.555556 0.607812 0.554630 0.606771 0.554630 0.606250 0.553704 0.605729 0.553704 0.589583 0.525000 0.589063 0.525000 0.588021 0.523148 0.587500 0.523148 0.586979 0.522222 0.586458 0.522222 0.585938 0.521296 0.584896 0.521296 0.584375 0.520370 0.583333 0.520370 0.582812 0.519444 0.582292 0.519444 0.581771 0.518519 0.580729 0.518519 0.580208 0.517593 0.579688 0.517593 0.579167 0.516667 0.578125 0.516667 0.577604 0.515741 0.577083 0.515741 0.576562 0.514815 0.575521 0.514815 0.575000 0.513889 0.573958 0.513889 0.573438 0.512963 0.572917 0.512963 0.572396 0.512037 0.571354 0.512037 0.570833 0.511111
0 0.692448 0.555093 0.093229 0.075000 0.658854 0.517593 0.657813 0.519444 0.657292 0.519444 0.656771 0.520370 0.658333 0.520370 0.658854 0.521296 0.659375 0.521296 0.660937 0.524074 0.660937 0.525000 0.661458 0.525926 0.661458 0.526852 0.660937 0.527778 0.660937 0.528704 0.657813 0.534259 0.657813 0.535185 0.645833 0.556481 0.646875 0.556481 0.647396 0.557407 0.648438 0.557407 0.648958 0.558333 0.649479 0.558333 0.650000 0.559259 0.651042 0.559259 0.651563 0.560185 0.652604 0.560185 0.653125 0.561111 0.654167 0.561111 0.654687 0.562037 0.655208 0.562037 0.655729 0.562963 0.656771 0.562963 0.657292 0.563889 0.658333 0.563889 0.658854 0.564815 0.659375 0.564815 0.659896 0.565741 0.660937 0.565741 0.661458 0.566667 0.662500 0.566667 0.663021 0.567593 0.663542 0.567593 0.664062 0.568519 0.665104 0.568519 0.665625 0.569444 0.666667 0.569444 0.667188 0.570370 0.668229 0.570370 0.668750 0.571296 0.669271 0.571296 0.669792 0.572222 0.670833 0.572222 0.671354 0.573148 0.672396 0.573148 0.672917 0.574074 0.673438 0.574074 0.673958 0.575000 0.675000 0.575000 0.675521 0.575926 0.676562 0.575926 0.677083 0.576852 0.677604 0.576852 0.678125 0.577778 0.679167 0.577778 0.679688 0.578704 0.680729 0.578704 0.681250 0.579630 0.682292 0.579630 0.682813 0.580556 0.683333 0.580556 0.683854 0.581481 0.684896 0.581481 0.685417 0.582407 0.686458 0.582407 0.686979 0.583333 0.687500 0.583333 0.688021 0.584259 0.689063 0.584259 0.689583 0.585185 0.690625 0.585185 0.691146 0.586111 0.691667 0.586111 0.692187 0.587037 0.693229 0.587037 0.693750 0.587963 0.694792 0.587963 0.695312 0.588889 0.696354 0.588889 0.696875 0.589815 0.697396 0.589815 0.697917 0.590741 0.698958 0.590741 0.699479 0.591667 0.700521 0.591667 0.701042 0.592593 0.701562 0.592593 0.702083 0.591667 0.702604 0.591667 0.704688 0.587963 0.705208 0.587963 0.720313 0.561111 0.720313 0.560185 0.739062 0.526852 0.739062 0.522222 0.738021 0.520370 0.736979 0.520370 0.722917 0.545370 0.722917 0.546296 0.714063 0.562037 0.713542 0.562037 0.710938 0.566667 0.708333 0.566667 0.707812 0.565741 0.706250 0.565741 0.705729 0.564815 0.704688 0.564815 0.704167 0.563889 0.703125 0.563889 0.702604 0.562963 0.701562 0.562963 0.701042 0.562037 0.701042 0.564815 0.700000 0.566667 0.699479 0.566667 0.698958 0.567593 0.698438 0.567593 0.697917 0.566667 0.696354 0.566667 0.695833 0.565741 0.694792 0.565741 0.694271 0.564815 0.693229 0.564815 0.692708 0.563889 0.692187 0.563889 0.668229 0.521296 0.667188 0.521296 0.666667 0.520370 0.665104 0.520370 0.664583 0.519444 0.663542 0.519444 0.663021 0.518519 0.661458 0.518519 0.660937 0.517593
0 0.309115 0.526852 0.084896 0.079630 0.311458 0.487037 0.310937 0.487963 0.310417 0.487963 0.309896 0.488889 0.309375 0.488889 0.308854 0.489815 0.308333 0.489815 0.307812 0.490741 0.307292 0.490741 0.306771 0.491667 0.306250 0.491667 0.303646 0.496296 0.303125 0.496296 0.286979 0.525000 0.286458 0.525000 0.267188 0.559259 0.267188 0.560185 0.266667 0.561111 0.266667 0.562963 0.267188 0.563889 0.267188 0.564815 0.267708 0.565741 0.268229 0.565741 0.268750 0.566667 0.269792 0.566667 0.270313 0.565741 0.270833 0.565741 0.271354 0.564815 0.271875 0.564815 0.272917 0.562963 0.273438 0.562963 0.274479 0.561111 0.275000 0.561111 0.275521 0.560185 0.276042 0.560185 0.277083 0.558333 0.277604 0.558333 0.278646 0.556481 0.279167 0.556481 0.279687 0.555556 0.280208 0.555556 0.281250 0.553704 0.281771 0.553704 0.282813 0.551852 0.283333 0.551852 0.283854 0.550926 0.284375 0.550926 0.285417 0.549074 0.285938 0.549074 0.286979 0.547222 0.287500 0.547222 0.288021 0.546296 0.288542 0.546296 0.289583 0.544444 0.290104 0.544444 0.291146 0.542593 0.291667 0.542593 0.292708 0.540741 0.293229 0.540741 0.293750 0.539815 0.294271 0.539815 0.295312 0.537963 0.295833 0.537963 0.296875 0.536111 0.297396 0.536111 0.297917 0.535185 0.298438 0.535185 0.299479 0.533333 0.300000 0.533333 0.306250 0.522222 0.306771 0.522222 0.308854 0.518519 0.308854 0.517593 0.310417 0.514815 0.310937 0.514815 0.311979 0.512963 0.312500 0.512963 0.313021 0.513889 0.313542 0.513889 0.315104 0.516667 0.315625 0.516667 0.317708 0.520370 0.318229 0.520370 0.322396 0.527778 0.322917 0.527778 0.341146 0.560185 0.341667 0.560185 0.344792 0.565741 0.345313 0.565741 0.345833 0.566667 0.347396 0.566667 0.347917 0.565741 0.348438 0.565741 0.348958 0.564815 0.348958 0.563889 0.350000 0.562037 0.350000 0.561111 0.351562 0.558333 0.350521 0.556481 0.350000 0.556481 0.311979 0.488889 0.311979 0.487963
0 0.394792 0.527315 0.079167 0.087963 0.396875 0.483333 0.381250 0.511111 0.380729 0.511111 0.361979 0.544444 0.361979 0.545370 0.360417 0.548148 0.360417 0.549074 0.358854 0.551852 0.358854 0.552778 0.357292 0.555556 0.357292 0.556481 0.355729 0.559259 0.355729 0.560185 0.355208 0.561111 0.355208 0.562037 0.355729 0.562963 0.355729 0.563889 0.357292 0.566667 0.358333 0.566667 0.358854 0.565741 0.359375 0.565741 0.362500 0.560185 0.363021 0.560185 0.368229 0.550926 0.368750 0.550926 0.372917 0.543519 0.373437 0.543519 0.377604 0.536111 0.378125 0.536111 0.381250 0.530556 0.381771 0.530556 0.383854 0.526852 0.384375 0.526852 0.386458 0.523148 0.386979 0.523148 0.388542 0.520370 0.389062 0.520370 0.390104 0.518519 0.390625 0.518519 0.391667 0.516667 0.392188 0.516667 0.392708 0.515741 0.393229 0.515741 0.393750 0.514815 0.395833 0.514815 0.396354 0.513889 0.396875 0.514815 0.398438 0.514815 0.398958 0.515741 0.399479 0.515741 0.400000 0.516667 0.400521 0.516667 0.401562 0.518519 0.402083 0.518519 0.405208 0.524074 0.405729 0.524074 0.415104 0.540741 0.415104 0.541667 0.422917 0.555556 0.422917 0.556481 0.430729 0.570370 0.431250 0.570370 0.431771 0.571296 0.432812 0.571296 0.433333 0.570370 0.433854 0.570370 0.434375 0.569444 0.434375 0.563889 0.433854 0.562963 0.433854 0.560185 0.433333 0.559259 0.433333 0.556481 0.432812 0.555556 0.432812 0.553704 0.432292 0.552778 0.432292 0.550000 0.431771 0.549074 0.431771 0.546296 0.397917 0.486111 0.397917 0.485185 0.397396 0.484259 0.397396 0.483333
0 0.481250 0.517130 0.079167 0.082407 0.475000 0.475926 0.474479 0.476852 0.475000 0.477778 0.475521 0.477778 0.477604 0.481481 0.477604 0.485185 0.475521 0.488889 0.475521 0.489815 0.469271 0.500926 0.468750 0.500926 0.441667 0.549074 0.441667 0.550000 0.442188 0.550926 0.442188 0.552778 0.442708 0.553704 0.442708 0.554630 0.443229 0.555556 0.443229 0.556481 0.443750 0.557407 0.444271 0.557407 0.444792 0.558333 0.445312 0.558333 0.445833 0.557407 0.446354 0.557407 0.452083 0.547222 0.452604 0.547222 0.465104 0.525000 0.465625 0.525000 0.470313 0.516667 0.470833 0.516667 0.473958 0.511111 0.474479 0.511111 0.476042 0.508333 0.476562 0.508333 0.477604 0.506481 0.478125 0.506481 0.478646 0.505556 0.479167 0.505556 0.479687 0.504630 0.480208 0.504630 0.480729 0.503704 0.482812 0.503704 0.492188 0.520370 0.492708 0.520370 0.494792 0.524074 0.495312 0.524074 0.502604 0.537037 0.503125 0.537037 0.504687 0.539815 0.505208 0.539815 0.507292 0.543519 0.507812 0.543519 0.509896 0.547222 0.510417 0.547222 0.512500 0.550926 0.513021 0.550926 0.514583 0.553704 0.515104 0.553704 0.517188 0.557407 0.518229 0.557407 0.518750 0.558333 0.519271 0.558333 0.519792 0.557407 0.520312 0.557407 0.520833 0.556481 0.520833 0.551852 0.519271 0.549074 0.519271 0.548148 0.504167 0.521296 0.504167 0.520370 0.483854 0.484259 0.483333 0.484259 0.482812 0.483333 0.482292 0.483333 0.481771 0.482407 0.481250 0.482407 0.480208 0.480556 0.479687 0.480556 0.479167 0.479630 0.478646 0.479630 0.478125 0.478704 0.477604 0.478704 0.476562 0.476852 0.476042 0.476852 0.475521 0.475926
0 0.575521 0.518519 0.080208 0.081481 0.564063 0.477778 0.562500 0.480556 0.564063 0.480556 0.564583 0.481481 0.565625 0.481481 0.566146 0.482407 0.567708 0.482407 0.568229 0.483333 0.568750 0.483333 0.569792 0.485185 0.569792 0.486111 0.570312 0.487037 0.570312 0.489815 0.569271 0.491667 0.569271 0.492593 0.535417 0.552778 0.535417 0.553704 0.535937 0.554630 0.536458 0.554630 0.537500 0.556481 0.538021 0.556481 0.539062 0.558333 0.539583 0.558333 0.540104 0.559259 0.540625 0.559259 0.541146 0.558333 0.541667 0.558333 0.558333 0.528704 0.558854 0.528704 0.565625 0.516667 0.566146 0.516667 0.569271 0.511111 0.569792 0.511111 0.570312 0.510185 0.570833 0.510185 0.571354 0.511111 0.572396 0.511111 0.572917 0.512037 0.573438 0.512037 0.573958 0.512963 0.575000 0.512963 0.575521 0.513889 0.576562 0.513889 0.577083 0.514815 0.577604 0.514815 0.578125 0.515741 0.579167 0.515741 0.579688 0.516667 0.580208 0.516667 0.580729 0.517593 0.581771 0.517593 0.582292 0.518519 0.582812 0.518519 0.583333 0.519444 0.584375 0.519444 0.584896 0.520370 0.585938 0.520370 0.586458 0.521296 0.586979 0.521296 0.587500 0.522222 0.588021 0.522222 0.589063 0.524074 0.589583 0.524074 0.605729 0.552778 0.606250 0.552778 0.606771 0.553704 0.607812 0.553704 0.608333 0.554630 0.608854 0.554630 0.609375 0.555556 0.609896 0.555556 0.610417 0.556481 0.610938 0.556481 0.611458 0.557407 0.612500 0.557407 0.613021 0.558333 0.613542 0.558333 0.614062 0.557407 0.614583 0.557407 0.615104 0.556481 0.615104 0.555556 0.615625 0.554630 0.615625 0.553704 0.615104 0.552778 0.615104 0.551852 0.614062 0.550000 0.614062 0.549074 0.603646 0.530556 0.603646 0.529630 0.584896 0.496296 0.584896 0.495370 0.580729 0.487963 0.580208 0.487963 0.578646 0.485185 0.578125 0.485185 0.577604 0.484259 0.576562 0.484259 0.576042 0.483333 0.574479 0.483333 0.573958 0.482407 0.572917 0.482407 0.572396 0.481481 0.570833 0.481481 0.570312 0.480556 0.568750 0.480556 0.568229 0.479630 0.567187 0.479630 0.566667 0.478704 0.565104 0.478704 0.564583 0.477778
0 0.657813 0.531481 0.085417 0.072222 0.665104 0.495370 0.628646 0.560185 0.628125 0.560185 0.627604 0.561111 0.626563 0.561111 0.626042 0.560185 0.625000 0.560185 0.624479 0.559259 0.623958 0.559259 0.623437 0.558333 0.622396 0.558333 0.621875 0.557407 0.621354 0.557407 0.620833 0.556481 0.619792 0.556481 0.619271 0.555556 0.618750 0.555556 0.618229 0.554630 0.617188 0.554630 0.616667 0.553704 0.616146 0.553704 0.615625 0.552778 0.616146 0.553704 0.616146 0.554630 0.615625 0.555556 0.615625 0.556481 0.615104 0.557407 0.615104 0.558333 0.615625 0.558333 0.616146 0.559259 0.616667 0.559259 0.617188 0.560185 0.618229 0.560185 0.618750 0.561111 0.619271 0.561111 0.619792 0.562037 0.620313 0.562037 0.620833 0.562963 0.621875 0.562963 0.622396 0.563889 0.622917 0.563889 0.623437 0.564815 0.623958 0.564815 0.624479 0.565741 0.625521 0.565741 0.626042 0.566667 0.626563 0.566667 0.627083 0.567593 0.628125 0.567593 0.629167 0.565741 0.629687 0.565741 0.648958 0.531481 0.649479 0.531481 0.654167 0.523148 0.654687 0.523148 0.657292 0.518519 0.657813 0.518519 0.658854 0.516667 0.660937 0.516667 0.661458 0.517593 0.663021 0.517593 0.663542 0.518519 0.664583 0.518519 0.665104 0.519444 0.666667 0.519444 0.667188 0.520370 0.668229 0.520370 0.692187 0.562963 0.692708 0.562963 0.693229 0.563889 0.694271 0.563889 0.694792 0.564815 0.695833 0.564815 0.696354 0.565741 0.697917 0.565741 0.698438 0.566667 0.698958 0.566667 0.699479 0.565741 0.700000 0.565741 0.700521 0.564815 0.700521 0.560185 0.698438 0.556481 0.698438 0.555556 0.688021 0.537037 0.688021 0.536111 0.675521 0.513889 0.675521 0.512963 0.665625 0.495370
0 0.354427 0.515278 0.085938 0.084259 0.395833 0.473148 0.395313 0.474074 0.394271 0.474074 0.393750 0.475000 0.393229 0.475000 0.392708 0.475926 0.392188 0.475926 0.391667 0.476852 0.391146 0.476852 0.389583 0.479630 0.389062 0.479630 0.386979 0.483333 0.386458 0.483333 0.383333 0.488889 0.382812 0.488889 0.376563 0.500000 0.376042 0.500000 0.362500 0.524074 0.361979 0.524074 0.359896 0.527778 0.359375 0.527778 0.358854 0.528704 0.358333 0.528704 0.357812 0.527778 0.357292 0.527778 0.356250 0.525926 0.356250 0.525000 0.355729 0.524074 0.355729 0.521296 0.356250 0.520370 0.356250 0.519444 0.361458 0.510185 0.361458 0.509259 0.360938 0.508333 0.360417 0.508333 0.356771 0.514815 0.356250 0.514815 0.354687 0.517593 0.353646 0.517593 0.353646 0.518519 0.350000 0.525000 0.349479 0.525000 0.348958 0.525926 0.347917 0.525926 0.347396 0.525000 0.346875 0.525000 0.345313 0.522222 0.344792 0.522222 0.327083 0.490741 0.326562 0.490741 0.321354 0.481481 0.320833 0.481481 0.318750 0.477778 0.317708 0.477778 0.317188 0.478704 0.316146 0.478704 0.315625 0.479630 0.315104 0.479630 0.314583 0.480556 0.313542 0.480556 0.313021 0.481481 0.312500 0.481481 0.311979 0.482407 0.311979 0.483333 0.311458 0.484259 0.311458 0.485185 0.311979 0.486111 0.311979 0.487037 0.312500 0.487963 0.312500 0.488889 0.350000 0.555556 0.350521 0.555556 0.351562 0.557407 0.353125 0.557407 0.354167 0.555556 0.354687 0.555556 0.361458 0.543519 0.361979 0.543519 0.380729 0.510185 0.381250 0.510185 0.392708 0.489815 0.392708 0.488889 0.393229 0.487963 0.393229 0.487037 0.393750 0.486111 0.393750 0.485185 0.394271 0.484259 0.394271 0.483333 0.395313 0.481481 0.395313 0.480556 0.395833 0.479630 0.395833 0.478704 0.396354 0.477778 0.396354 0.476852 0.396875 0.475926 0.396875 0.475000 0.397396 0.474074 0.397396 0.473148
0 0.437500 0.513426 0.079167 0.078704 0.399479 0.474074 0.399479 0.475000 0.398958 0.475926 0.398958 0.476852 0.398438 0.477778 0.398438 0.478704 0.397917 0.479630 0.397917 0.484259 0.398438 0.485185 0.398438 0.486111 0.435937 0.552778 0.438542 0.552778 0.440625 0.549074 0.441146 0.549074 0.468750 0.500000 0.469271 0.500000 0.475000 0.489815 0.475000 0.488889 0.477083 0.485185 0.477083 0.481481 0.475521 0.478704 0.475000 0.478704 0.474479 0.477778 0.473958 0.477778 0.473438 0.478704 0.472917 0.478704 0.468750 0.486111 0.468229 0.486111 0.459375 0.501852 0.458854 0.501852 0.447917 0.521296 0.447396 0.521296 0.446875 0.522222 0.444792 0.522222 0.443750 0.520370 0.443750 0.519444 0.442708 0.517593 0.442708 0.516667 0.442188 0.515741 0.442188 0.514815 0.441667 0.513889 0.441667 0.512963 0.441146 0.512037 0.441146 0.511111 0.439583 0.513889 0.439063 0.513889 0.438542 0.514815 0.438021 0.514815 0.437500 0.515741 0.436979 0.514815 0.436458 0.514815 0.435937 0.513889 0.435417 0.513889 0.434896 0.512963 0.434896 0.513889 0.435417 0.514815 0.435417 0.516667 0.435937 0.517593 0.435937 0.519444 0.436458 0.520370 0.436458 0.521296 0.436979 0.522222 0.436979 0.525000 0.436458 0.525926 0.436458 0.526852 0.435937 0.527778 0.435417 0.527778 0.434896 0.528704 0.433333 0.528704 0.432812 0.527778 0.432292 0.527778 0.414062 0.495370 0.413542 0.495370 0.406771 0.483333 0.406250 0.483333 0.403646 0.478704 0.403125 0.478704 0.402083 0.476852 0.401562 0.476852 0.400521 0.475000 0.400000 0.475000
0 0.522917 0.514352 0.093750 0.087963 0.479167 0.470370 0.478646 0.471296 0.478125 0.471296 0.476562 0.474074 0.476042 0.474074 0.476042 0.475926 0.476562 0.475926 0.477604 0.477778 0.478125 0.477778 0.478646 0.478704 0.479167 0.478704 0.479687 0.479630 0.480208 0.479630 0.481250 0.481481 0.481771 0.481481 0.482292 0.482407 0.482812 0.482407 0.483333 0.483333 0.483854 0.483333 0.504687 0.520370 0.504687 0.521296 0.516146 0.541667 0.516667 0.541667 0.518229 0.544444 0.518750 0.544444 0.519792 0.546296 0.520312 0.546296 0.521875 0.549074 0.522396 0.549074 0.523438 0.550926 0.523958 0.550926 0.525521 0.553704 0.526042 0.553704 0.527083 0.555556 0.527604 0.555556 0.529167 0.558333 0.531250 0.558333 0.533854 0.553704 0.534375 0.553704 0.568750 0.492593 0.568750 0.491667 0.569792 0.489815 0.569792 0.487037 0.569271 0.486111 0.569271 0.485185 0.568750 0.484259 0.568229 0.484259 0.567708 0.483333 0.566146 0.483333 0.565625 0.482407 0.564583 0.482407 0.564063 0.481481 0.561979 0.481481 0.558333 0.487963 0.557813 0.487963 0.540625 0.518519 0.540104 0.518519 0.539583 0.519444 0.538021 0.519444 0.537500 0.518519 0.536979 0.518519 0.536458 0.517593 0.535937 0.517593 0.535417 0.516667 0.534896 0.516667 0.534375 0.515741 0.533854 0.515741 0.532292 0.518519 0.531771 0.518519 0.530729 0.520370 0.529687 0.520370 0.529167 0.519444 0.528646 0.519444 0.528125 0.518519 0.527604 0.518519 0.527083 0.517593 0.526563 0.517593 0.526042 0.516667 0.525521 0.516667 0.525000 0.515741 0.524479 0.515741 0.523958 0.514815 0.523438 0.514815 0.522917 0.513889 0.523438 0.514815 0.523438 0.515741 0.523958 0.516667 0.523958 0.519444 0.522396 0.522222 0.521875 0.522222 0.521354 0.523148 0.520833 0.523148 0.520312 0.522222 0.519792 0.522222 0.519271 0.521296 0.518750 0.521296 0.518229 0.520370 0.517708 0.520370 0.516667 0.518519 0.516146 0.518519 0.515625 0.517593 0.515104 0.517593 0.514583 0.516667 0.514062 0.516667 0.513021 0.514815 0.512500 0.514815 0.511458 0.512963 0.510938 0.512963 0.503646 0.500000 0.503646 0.499074 0.497917 0.488889 0.497396 0.488889 0.495312 0.485185 0.494792 0.485185 0.493750 0.483333 0.493229 0.483333 0.492708 0.482407 0.492188 0.482407 0.491667 0.481481 0.491146 0.481481 0.490625 0.480556 0.490104 0.480556 0.489583 0.479630 0.489063 0.479630 0.488542 0.478704 0.488021 0.478704 0.487500 0.477778 0.486979 0.477778 0.486458 0.476852 0.485938 0.476852 0.485417 0.475926 0.484896 0.475926 0.484375 0.475000 0.483854 0.475000 0.483333 0.474074 0.482812 0.474074 0.482292 0.473148 0.481771 0.473148 0.481250 0.472222 0.480729 0.472222 0.480208 0.471296 0.479687 0.471296
0 0.615885 0.517593 0.101562 0.085185 0.566146 0.475000 0.565104 0.476852 0.565104 0.477778 0.566667 0.477778 0.567187 0.478704 0.568229 0.478704 0.568750 0.479630 0.570312 0.479630 0.570833 0.480556 0.572396 0.480556 0.572917 0.481481 0.573958 0.481481 0.574479 0.482407 0.576042 0.482407 0.576562 0.483333 0.577604 0.483333 0.578125 0.484259 0.578646 0.484259 0.580208 0.487037 0.580729 0.487037 0.585417 0.495370 0.585417 0.496296 0.604167 0.529630 0.604167 0.530556 0.614583 0.549074 0.614583 0.550000 0.616146 0.552778 0.616667 0.552778 0.617188 0.553704 0.618229 0.553704 0.618750 0.554630 0.619271 0.554630 0.619792 0.555556 0.620833 0.555556 0.621354 0.556481 0.621875 0.556481 0.622396 0.557407 0.623437 0.557407 0.623958 0.558333 0.624479 0.558333 0.625000 0.559259 0.626042 0.559259 0.626563 0.560185 0.627604 0.560185 0.628125 0.559259 0.628646 0.559259 0.665625 0.493519 0.665625 0.492593 0.666146 0.491667 0.666146 0.490741 0.666667 0.489815 0.666146 0.488889 0.666146 0.487963 0.665625 0.487037 0.665625 0.486111 0.665104 0.486111 0.664583 0.485185 0.663021 0.485185 0.662500 0.484259 0.660937 0.484259 0.659375 0.487037 0.658854 0.487037 0.653646 0.496296 0.653125 0.496296 0.633854 0.530556 0.633333 0.530556 0.632292 0.532407 0.630208 0.532407 0.629687 0.531481 0.628646 0.531481 0.628125 0.530556 0.627083 0.530556 0.626563 0.529630 0.625521 0.529630 0.625000 0.528704 0.623958 0.528704 0.623437 0.527778 0.622396 0.527778 0.621875 0.526852 0.620833 0.526852 0.620313 0.525926 0.619271 0.525926 0.618750 0.525000 0.617708 0.525000 0.617188 0.524074 0.616146 0.524074 0.615625 0.523148 0.614583 0.523148 0.614062 0.522222 0.612500 0.522222 0.592187 0.486111 0.591146 0.486111 0.590625 0.485185 0.589063 0.485185 0.588542 0.484259 0.586979 0.484259 0.586458 0.483333 0.584896 0.483333 0.584375 0.482407 0.582812 0.482407 0.582292 0.481481 0.580729 0.481481 0.580208 0.480556 0.578646 0.480556 0.578125 0.479630 0.576562 0.479630 0.576042 0.478704 0.574479 0.478704 0.573958 0.477778 0.572396 0.477778 0.571875 0.476852 0.570312 0.476852 0.569792 0.475926 0.568229 0.475926 0.567708 0.475000
0 0.706771 0.528241 0.082292 0.075000 0.666667 0.490741 0.666667 0.491667 0.666146 0.492593 0.666146 0.493519 0.665625 0.494444 0.676042 0.512963 0.676042 0.513889 0.688542 0.536111 0.688542 0.537037 0.698958 0.555556 0.698958 0.556481 0.701042 0.560185 0.701042 0.561111 0.701562 0.562037 0.702604 0.562037 0.703125 0.562963 0.704167 0.562963 0.704688 0.563889 0.705729 0.563889 0.706250 0.564815 0.707812 0.564815 0.708333 0.565741 0.710938 0.565741 0.713542 0.561111 0.714063 0.561111 0.722396 0.546296 0.722396 0.545370 0.747396 0.500926 0.747396 0.500000 0.747917 0.499074 0.747917 0.495370 0.746875 0.493519 0.746354 0.493519 0.745833 0.492593 0.742708 0.492593 0.742188 0.491667 0.739062 0.491667 0.738542 0.490741 0.738021 0.490741 0.713021 0.535185 0.712500 0.535185 0.711458 0.537037 0.710417 0.537037 0.709896 0.536111 0.708333 0.536111 0.707812 0.535185 0.706250 0.535185 0.705729 0.534259 0.704167 0.534259 0.703646 0.533333 0.702083 0.533333 0.701562 0.532407 0.700000 0.532407 0.699479 0.531481 0.697917 0.531481 0.697396 0.530556 0.696875 0.530556 0.676562 0.494444 0.676042 0.494444 0.675521 0.493519 0.673958 0.493519 0.673438 0.492593 0.670833 0.492593 0.670312 0.491667 0.668229 0.491667 0.667708 0.490741
0 0.311719 0.487037 0.082812 0.075926 0.311458 0.449074 0.310937 0.450000 0.309896 0.450000 0.309375 0.450926 0.308854 0.450926 0.304167 0.459259 0.303646 0.459259 0.285417 0.491667 0.284896 0.491667 0.270833 0.516667 0.270833 0.517593 0.270313 0.518519 0.270313 0.521296 0.270833 0.522222 0.270833 0.523148 0.271354 0.524074 0.271875 0.524074 0.272396 0.525000 0.272917 0.525000 0.273438 0.524074 0.273958 0.524074 0.274479 0.523148 0.275000 0.523148 0.275521 0.522222 0.276042 0.522222 0.276562 0.521296 0.277604 0.521296 0.280729 0.515741 0.281250 0.515741 0.293750 0.493519 0.294271 0.493519 0.297396 0.487963 0.297917 0.487963 0.298438 0.487037 0.298958 0.487037 0.299479 0.486111 0.300521 0.486111 0.301042 0.485185 0.301563 0.485185 0.302083 0.484259 0.303125 0.484259 0.303646 0.483333 0.304688 0.483333 0.305208 0.482407 0.305729 0.482407 0.306250 0.481481 0.307292 0.481481 0.307812 0.480556 0.308333 0.480556 0.308854 0.479630 0.309896 0.479630 0.310417 0.478704 0.311458 0.478704 0.311979 0.477778 0.312500 0.477778 0.313021 0.476852 0.314063 0.476852 0.314583 0.475926 0.315625 0.475926 0.316146 0.475000 0.317188 0.475000 0.317708 0.475926 0.318229 0.475926 0.320833 0.480556 0.321354 0.480556 0.326562 0.489815 0.327083 0.489815 0.344792 0.521296 0.345313 0.521296 0.346875 0.524074 0.347396 0.524074 0.347917 0.525000 0.348958 0.525000 0.349479 0.524074 0.350000 0.524074 0.353125 0.518519 0.353125 0.517593 0.352604 0.517593 0.351042 0.514815 0.350521 0.514815 0.314063 0.450000 0.314063 0.449074
0 0.396354 0.487037 0.080208 0.081481 0.398438 0.446296 0.390625 0.460185 0.390104 0.460185 0.356771 0.519444 0.356771 0.520370 0.356250 0.521296 0.356250 0.524074 0.356771 0.525000 0.356771 0.525926 0.357292 0.526852 0.357812 0.526852 0.358333 0.527778 0.358854 0.527778 0.359375 0.526852 0.359896 0.526852 0.361979 0.523148 0.362500 0.523148 0.376042 0.499074 0.376563 0.499074 0.382812 0.487963 0.383333 0.487963 0.386458 0.482407 0.386979 0.482407 0.389062 0.478704 0.389583 0.478704 0.391146 0.475926 0.391667 0.475926 0.392188 0.475000 0.392708 0.475000 0.393229 0.474074 0.393750 0.474074 0.394271 0.473148 0.395313 0.473148 0.395833 0.472222 0.397917 0.472222 0.398438 0.473148 0.399479 0.473148 0.400000 0.474074 0.400521 0.474074 0.401562 0.475926 0.402083 0.475926 0.403125 0.477778 0.403646 0.477778 0.406250 0.482407 0.406771 0.482407 0.413542 0.494444 0.414062 0.494444 0.432292 0.526852 0.432812 0.526852 0.433333 0.527778 0.434896 0.527778 0.435417 0.526852 0.435937 0.526852 0.435937 0.525926 0.436458 0.525000 0.436458 0.522222 0.435937 0.521296 0.435937 0.520370 0.435417 0.519444 0.435417 0.517593 0.434896 0.516667 0.434896 0.514815 0.434375 0.513889 0.434375 0.512037 0.407292 0.463889 0.407292 0.462963 0.398438 0.447222
0 0.482552 0.482870 0.081771 0.078704 0.477604 0.443519 0.477604 0.447222 0.452604 0.491667 0.452083 0.491667 0.441667 0.510185 0.441667 0.512037 0.442188 0.512963 0.442188 0.513889 0.442708 0.514815 0.442708 0.515741 0.443229 0.516667 0.443229 0.517593 0.444271 0.519444 0.444271 0.520370 0.444792 0.521296 0.446875 0.521296 0.447396 0.520370 0.447917 0.520370 0.458854 0.500926 0.459375 0.500926 0.468229 0.485185 0.468750 0.485185 0.472917 0.477778 0.473438 0.477778 0.476042 0.473148 0.476562 0.473148 0.478125 0.470370 0.478646 0.470370 0.479687 0.468519 0.480729 0.468519 0.483854 0.474074 0.484375 0.474074 0.484896 0.475000 0.485417 0.475000 0.485938 0.475926 0.486458 0.475926 0.486979 0.476852 0.487500 0.476852 0.488021 0.477778 0.488542 0.477778 0.489063 0.478704 0.489583 0.478704 0.490104 0.479630 0.490625 0.479630 0.491146 0.480556 0.491667 0.480556 0.492188 0.481481 0.492708 0.481481 0.493229 0.482407 0.493750 0.482407 0.494792 0.484259 0.495312 0.484259 0.497396 0.487963 0.497917 0.487963 0.504167 0.499074 0.504167 0.500000 0.510938 0.512037 0.511458 0.512037 0.512500 0.513889 0.513021 0.513889 0.514062 0.515741 0.514583 0.515741 0.515104 0.516667 0.515625 0.516667 0.516146 0.517593 0.516667 0.517593 0.517708 0.519444 0.518229 0.519444 0.518750 0.520370 0.519271 0.520370 0.519792 0.521296 0.520312 0.521296 0.520833 0.522222 0.521354 0.522222 0.521875 0.521296 0.522396 0.521296 0.523438 0.519444 0.523438 0.516667 0.522917 0.515741 0.522917 0.514815 0.518229 0.506481 0.518229 0.505556 0.498958 0.471296 0.498958 0.470370 0.485938 0.447222 0.485417 0.447222 0.484896 0.446296 0.483854 0.446296 0.483333 0.445370 0.481771 0.445370 0.481250 0.444444 0.479687 0.444444 0.479167 0.443519
0 0.573698 0.481019 0.078646 0.075000 0.566146 0.443519 0.567187 0.443519 0.567708 0.444444 0.568229 0.444444 0.569792 0.447222 0.569792 0.450926 0.569271 0.451852 0.569271 0.452778 0.534375 0.514815 0.534896 0.515741 0.535417 0.515741 0.535937 0.516667 0.536458 0.516667 0.536979 0.517593 0.537500 0.517593 0.538021 0.518519 0.539583 0.518519 0.540104 0.517593 0.540625 0.517593 0.557813 0.487037 0.558333 0.487037 0.564063 0.476852 0.564583 0.476852 0.566146 0.474074 0.567708 0.474074 0.568229 0.475000 0.569792 0.475000 0.570312 0.475926 0.571875 0.475926 0.572396 0.476852 0.573958 0.476852 0.574479 0.477778 0.576042 0.477778 0.576562 0.478704 0.578125 0.478704 0.578646 0.479630 0.580208 0.479630 0.580729 0.480556 0.582292 0.480556 0.582812 0.481481 0.584375 0.481481 0.584896 0.482407 0.586458 0.482407 0.586979 0.483333 0.588542 0.483333 0.589063 0.484259 0.590625 0.484259 0.591146 0.485185 0.592187 0.485185 0.610417 0.517593 0.611979 0.517593 0.613021 0.515741 0.613021 0.512037 0.611979 0.510185 0.611979 0.509259 0.600000 0.487963 0.600000 0.487037 0.582292 0.455556 0.582292 0.454630 0.578646 0.448148 0.578125 0.448148 0.576562 0.445370 0.575000 0.445370 0.574479 0.444444 0.570833 0.444444 0.570312 0.443519
0 0.658594 0.493981 0.095312 0.075000 0.664062 0.456481 0.636979 0.504630 0.636979 0.505556 0.632812 0.512963 0.632292 0.512963 0.627604 0.521296 0.627083 0.521296 0.626563 0.522222 0.625521 0.522222 0.625000 0.521296 0.623958 0.521296 0.623437 0.520370 0.622396 0.520370 0.621875 0.519444 0.620313 0.519444 0.619792 0.518519 0.618750 0.518519 0.618229 0.517593 0.617188 0.517593 0.616667 0.516667 0.615625 0.516667 0.615104 0.515741 0.613542 0.515741 0.611979 0.518519 0.610938 0.518519 0.612500 0.521296 0.614062 0.521296 0.614583 0.522222 0.615625 0.522222 0.616146 0.523148 0.617188 0.523148 0.617708 0.524074 0.618750 0.524074 0.619271 0.525000 0.620313 0.525000 0.620833 0.525926 0.621875 0.525926 0.622396 0.526852 0.623437 0.526852 0.623958 0.527778 0.625000 0.527778 0.625521 0.528704 0.626563 0.528704 0.627083 0.529630 0.628125 0.529630 0.628646 0.530556 0.629687 0.530556 0.630208 0.531481 0.632292 0.531481 0.633333 0.529630 0.633854 0.529630 0.653125 0.495370 0.653646 0.495370 0.658854 0.486111 0.659375 0.486111 0.660937 0.483333 0.662500 0.483333 0.663021 0.484259 0.664583 0.484259 0.665104 0.485185 0.665625 0.485185 0.666146 0.486111 0.666146 0.487037 0.666667 0.487963 0.666667 0.488889 0.667188 0.489815 0.667708 0.489815 0.668229 0.490741 0.670312 0.490741 0.670833 0.491667 0.673438 0.491667 0.673958 0.492593 0.675521 0.492593 0.676042 0.493519 0.676562 0.493519 0.695833 0.527778 0.697396 0.527778 0.697917 0.528704 0.699479 0.528704 0.700000 0.529630 0.701562 0.529630 0.702083 0.530556 0.705208 0.530556 0.705729 0.529630 0.705729 0.528704 0.706250 0.527778 0.706250 0.525926 0.705729 0.525000 0.705729 0.524074 0.703646 0.520370 0.703646 0.519444 0.693750 0.501852 0.693750 0.500926 0.682292 0.480556 0.682292 0.479630 0.669792 0.457407 0.668750 0.457407 0.668229 0.456481
0 0.355990 0.476389 0.084896 0.080556 0.395833 0.436111 0.395313 0.437037 0.394792 0.437037 0.393750 0.438889 0.393229 0.438889 0.392188 0.440741 0.391667 0.440741 0.390104 0.443519 0.389583 0.443519 0.380208 0.460185 0.379688 0.460185 0.370312 0.476852 0.369792 0.476852 0.368750 0.478704 0.368229 0.478704 0.367708 0.479630 0.366667 0.479630 0.364583 0.483333 0.364063 0.483333 0.362500 0.486111 0.361979 0.486111 0.360417 0.488889 0.359896 0.488889 0.359375 0.489815 0.358333 0.489815 0.357812 0.488889 0.357292 0.488889 0.356771 0.487963 0.356771 0.487037 0.355729 0.485185 0.355729 0.483333 0.356250 0.482407 0.356250 0.481481 0.359896 0.475000 0.359896 0.474074 0.358854 0.475926 0.358333 0.475926 0.357292 0.477778 0.356771 0.477778 0.355729 0.479630 0.355208 0.479630 0.353646 0.482407 0.353125 0.482407 0.352083 0.484259 0.351562 0.484259 0.350521 0.486111 0.350000 0.486111 0.349479 0.487037 0.348958 0.487037 0.348438 0.487963 0.347917 0.487963 0.347396 0.487037 0.346875 0.487037 0.345833 0.485185 0.345313 0.485185 0.328646 0.455556 0.328125 0.455556 0.321875 0.444444 0.321354 0.444444 0.319271 0.440741 0.316146 0.440741 0.315625 0.441667 0.314583 0.441667 0.313542 0.443519 0.313542 0.447222 0.314583 0.449074 0.314583 0.450000 0.350521 0.513889 0.351042 0.513889 0.352604 0.516667 0.354687 0.516667 0.356250 0.513889 0.356771 0.513889 0.373437 0.484259 0.373958 0.484259 0.397917 0.441667 0.397917 0.440741 0.398438 0.439815 0.397917 0.438889 0.397917 0.437963 0.396875 0.436111
0 0.437500 0.475926 0.079167 0.077778 0.400521 0.437037 0.398438 0.440741 0.398438 0.441667 0.397917 0.442593 0.397917 0.444444 0.398958 0.446296 0.398958 0.447222 0.407813 0.462963 0.407813 0.463889 0.435417 0.512963 0.435937 0.512963 0.436458 0.513889 0.436979 0.513889 0.437500 0.514815 0.438021 0.513889 0.438542 0.513889 0.439063 0.512963 0.439583 0.512963 0.452083 0.490741 0.452604 0.490741 0.477083 0.447222 0.477083 0.442593 0.476042 0.440741 0.475521 0.440741 0.475000 0.439815 0.472917 0.439815 0.471875 0.441667 0.471354 0.441667 0.465625 0.451852 0.465104 0.451852 0.448437 0.481481 0.447917 0.481481 0.446875 0.483333 0.445312 0.483333 0.444792 0.482407 0.444271 0.482407 0.443750 0.481481 0.443750 0.480556 0.441667 0.476852 0.441667 0.475926 0.440625 0.474074 0.440104 0.475000 0.439583 0.475000 0.439063 0.475926 0.438542 0.475926 0.438021 0.476852 0.437500 0.475926 0.435937 0.475926 0.435417 0.476852 0.434896 0.476852 0.435417 0.477778 0.435417 0.478704 0.435937 0.479630 0.435937 0.480556 0.436979 0.482407 0.436979 0.483333 0.437500 0.484259 0.437500 0.486111 0.436979 0.487037 0.436979 0.487963 0.435937 0.489815 0.433333 0.489815 0.432292 0.487963 0.431771 0.487963 0.409375 0.448148 0.408854 0.448148 0.405208 0.441667 0.404687 0.441667 0.403125 0.438889 0.402604 0.438889 0.401562 0.437037
0 0.522396 0.478704 0.093750 0.081481 0.476042 0.437963 0.475521 0.438889 0.475521 0.439815 0.476042 0.439815 0.477604 0.442593 0.479167 0.442593 0.479687 0.443519 0.481250 0.443519 0.481771 0.444444 0.483333 0.444444 0.483854 0.445370 0.484896 0.445370 0.485417 0.446296 0.485938 0.446296 0.499479 0.470370 0.499479 0.471296 0.518750 0.505556 0.518750 0.506481 0.522396 0.512963 0.522917 0.512963 0.523438 0.513889 0.523958 0.513889 0.524479 0.514815 0.525000 0.514815 0.525521 0.515741 0.526042 0.515741 0.526563 0.516667 0.527083 0.516667 0.527604 0.517593 0.528125 0.517593 0.528646 0.518519 0.529167 0.518519 0.529687 0.519444 0.530729 0.519444 0.531771 0.517593 0.532292 0.517593 0.568750 0.452778 0.568750 0.451852 0.569271 0.450926 0.569271 0.447222 0.568229 0.445370 0.567708 0.445370 0.567187 0.444444 0.565625 0.444444 0.560417 0.453704 0.559896 0.453704 0.543229 0.483333 0.540625 0.483333 0.540104 0.482407 0.539062 0.482407 0.538542 0.481481 0.537500 0.481481 0.536979 0.480556 0.535937 0.480556 0.535417 0.479630 0.533333 0.479630 0.531771 0.482407 0.529687 0.482407 0.529167 0.481481 0.528125 0.481481 0.527604 0.480556 0.527083 0.480556 0.526563 0.479630 0.525521 0.479630 0.525000 0.478704 0.523958 0.478704 0.523438 0.477778 0.523438 0.480556 0.522396 0.482407 0.521875 0.482407 0.521354 0.483333 0.519792 0.483333 0.519271 0.482407 0.518229 0.482407 0.517708 0.481481 0.517188 0.481481 0.516667 0.480556 0.515625 0.480556 0.515104 0.479630 0.514583 0.479630 0.514062 0.478704 0.513542 0.478704 0.494792 0.445370 0.493750 0.445370 0.493229 0.444444 0.491667 0.444444 0.491146 0.443519 0.489583 0.443519 0.489063 0.442593 0.486979 0.442593 0.486458 0.441667 0.484896 0.441667 0.484375 0.440741 0.482812 0.440741 0.482292 0.439815 0.480729 0.439815 0.480208 0.438889 0.478646 0.438889 0.478125 0.437963
0 0.616146 0.481481 0.098958 0.079630 0.567187 0.441667 0.566667 0.442593 0.570312 0.442593 0.570833 0.443519 0.574479 0.443519 0.575000 0.444444 0.576562 0.444444 0.578125 0.447222 0.578646 0.447222 0.582812 0.454630 0.582812 0.455556 0.600521 0.487037 0.600521 0.487963 0.612500 0.509259 0.612500 0.510185 0.613542 0.512037 0.613542 0.514815 0.615104 0.514815 0.615625 0.515741 0.616667 0.515741 0.617188 0.516667 0.618229 0.516667 0.618750 0.517593 0.619792 0.517593 0.620313 0.518519 0.621875 0.518519 0.622396 0.519444 0.623437 0.519444 0.623958 0.520370 0.625000 0.520370 0.625521 0.521296 0.626563 0.521296 0.627083 0.520370 0.627604 0.520370 0.632292 0.512037 0.632812 0.512037 0.636458 0.505556 0.636458 0.504630 0.665104 0.453704 0.665104 0.452778 0.665625 0.451852 0.665625 0.450000 0.664583 0.448148 0.664583 0.447222 0.664062 0.447222 0.663542 0.446296 0.659375 0.446296 0.658854 0.445370 0.658333 0.446296 0.657813 0.446296 0.654687 0.451852 0.654167 0.451852 0.646354 0.465741 0.645833 0.465741 0.630729 0.492593 0.630208 0.492593 0.629687 0.493519 0.628646 0.493519 0.628125 0.492593 0.626563 0.492593 0.626042 0.491667 0.623958 0.491667 0.623437 0.490741 0.621875 0.490741 0.621354 0.489815 0.619271 0.489815 0.618750 0.488889 0.617188 0.488889 0.616667 0.487963 0.614583 0.487963 0.592187 0.448148 0.591667 0.448148 0.591146 0.447222 0.590625 0.447222 0.590104 0.446296 0.586458 0.446296 0.585938 0.445370 0.582292 0.445370 0.581771 0.444444 0.578125 0.444444 0.577604 0.443519 0.573958 0.443519 0.573438 0.442593 0.569792 0.442593 0.569271 0.441667
0 0.711198 0.499537 0.075521 0.073148 0.673438 0.462963 0.682813 0.479630 0.682813 0.480556 0.694271 0.500926 0.694271 0.501852 0.704167 0.519444 0.704167 0.520370 0.706250 0.524074 0.706250 0.525000 0.706771 0.525926 0.706771 0.527778 0.706250 0.528704 0.706250 0.529630 0.705208 0.531481 0.702083 0.531481 0.701562 0.530556 0.700000 0.530556 0.699479 0.529630 0.697917 0.529630 0.697396 0.528704 0.696354 0.528704 0.696875 0.529630 0.697396 0.529630 0.697917 0.530556 0.699479 0.530556 0.700000 0.531481 0.701562 0.531481 0.702083 0.532407 0.703646 0.532407 0.704167 0.533333 0.705729 0.533333 0.706250 0.534259 0.707812 0.534259 0.708333 0.535185 0.709896 0.535185 0.710417 0.536111 0.711458 0.536111 0.712500 0.534259 0.713021 0.534259 0.747396 0.473148 0.747396 0.472222 0.748437 0.470370 0.748437 0.469444 0.748958 0.468519 0.748958 0.467593 0.748437 0.466667 0.748437 0.465741 0.747396 0.463889 0.745313 0.463889 0.721354 0.506481 0.720833 0.506481 0.719271 0.509259 0.718750 0.509259 0.718229 0.510185 0.717708 0.509259 0.715104 0.509259 0.714583 0.508333 0.712500 0.508333 0.711979 0.507407 0.709896 0.507407 0.709375 0.506481 0.707292 0.506481 0.706771 0.505556 0.704167 0.505556 0.703646 0.504630 0.701562 0.504630 0.701042 0.503704 0.700000 0.503704 0.678125 0.464815 0.677604 0.464815 0.677083 0.463889 0.673958 0.463889
0 0.316406 0.449074 0.093229 0.075926 0.309896 0.411111 0.309375 0.412037 0.308854 0.412037 0.307812 0.413889 0.307292 0.413889 0.292708 0.439815 0.292187 0.439815 0.269792 0.479630 0.269792 0.483333 0.270313 0.484259 0.270313 0.485185 0.270833 0.486111 0.273958 0.486111 0.274479 0.485185 0.275000 0.485185 0.282813 0.471296 0.283333 0.471296 0.291667 0.456481 0.292187 0.456481 0.292708 0.455556 0.294271 0.455556 0.294792 0.454630 0.296875 0.454630 0.297396 0.453704 0.299479 0.453704 0.300000 0.452778 0.302083 0.452778 0.302604 0.451852 0.304167 0.451852 0.304688 0.450926 0.306771 0.450926 0.307292 0.450000 0.309375 0.450000 0.309896 0.449074 0.310937 0.449074 0.311458 0.448148 0.313542 0.448148 0.313021 0.447222 0.313021 0.443519 0.314583 0.440741 0.315625 0.440741 0.316146 0.439815 0.319271 0.439815 0.321354 0.443519 0.321875 0.443519 0.328125 0.454630 0.328646 0.454630 0.345313 0.484259 0.345833 0.484259 0.346875 0.486111 0.347396 0.486111 0.347917 0.487037 0.348438 0.487037 0.348958 0.486111 0.349479 0.486111 0.350000 0.485185 0.350521 0.485185 0.351562 0.483333 0.352083 0.483333 0.353125 0.481481 0.353646 0.481481 0.355208 0.478704 0.355729 0.478704 0.356771 0.476852 0.357292 0.476852 0.358333 0.475000 0.358854 0.475000 0.359896 0.473148 0.360417 0.473148 0.361458 0.471296 0.360417 0.473148 0.359896 0.473148 0.359375 0.474074 0.358854 0.474074 0.357812 0.475926 0.357292 0.475926 0.356771 0.476852 0.356250 0.476852 0.355208 0.478704 0.354687 0.478704 0.354167 0.479630 0.353646 0.479630 0.353125 0.480556 0.352083 0.480556 0.351562 0.479630 0.351042 0.479630 0.340625 0.461111 0.340104 0.461111 0.313542 0.413889 0.313542 0.412963 0.312500 0.411111
0 0.396615 0.451389 0.080729 0.075000 0.395833 0.413889 0.394271 0.416667 0.393750 0.416667 0.378125 0.444444 0.377604 0.444444 0.356771 0.481481 0.356771 0.482407 0.356250 0.483333 0.356250 0.485185 0.357292 0.487037 0.357292 0.487963 0.357812 0.487963 0.358333 0.488889 0.359375 0.488889 0.359896 0.487963 0.360417 0.487963 0.361979 0.485185 0.362500 0.485185 0.364063 0.482407 0.364583 0.482407 0.366667 0.478704 0.367188 0.478704 0.368750 0.475926 0.369271 0.475926 0.371354 0.472222 0.371875 0.472222 0.382292 0.453704 0.382812 0.453704 0.389583 0.441667 0.390104 0.441667 0.393229 0.436111 0.393750 0.436111 0.394792 0.434259 0.395313 0.434259 0.395833 0.433333 0.397917 0.433333 0.398438 0.434259 0.399479 0.434259 0.400000 0.435185 0.400521 0.435185 0.401042 0.436111 0.401562 0.436111 0.402604 0.437963 0.403125 0.437963 0.404687 0.440741 0.405208 0.440741 0.408854 0.447222 0.409375 0.447222 0.431771 0.487037 0.432292 0.487037 0.433333 0.488889 0.435937 0.488889 0.436458 0.487963 0.436458 0.487037 0.436979 0.486111 0.436979 0.484259 0.436458 0.483333 0.436458 0.482407 0.435417 0.480556 0.435417 0.479630 0.434896 0.478704 0.434896 0.477778 0.434375 0.476852 0.434375 0.475926 0.433333 0.474074 0.433333 0.473148 0.432812 0.472222 0.432812 0.471296 0.432292 0.470370 0.432292 0.469444 0.430208 0.465741 0.430208 0.464815 0.401562 0.413889
0 0.482031 0.444907 0.081771 0.075000 0.478125 0.407407 0.477083 0.409259 0.477083 0.410185 0.458854 0.442593 0.458333 0.442593 0.441146 0.473148 0.441146 0.474074 0.442188 0.475926 0.442188 0.476852 0.444271 0.480556 0.444271 0.481481 0.444792 0.481481 0.445312 0.482407 0.446875 0.482407 0.447917 0.480556 0.448437 0.480556 0.465104 0.450926 0.465625 0.450926 0.471354 0.440741 0.471875 0.440741 0.475000 0.435185 0.475521 0.435185 0.477083 0.432407 0.477604 0.433333 0.478125 0.433333 0.481250 0.438889 0.482292 0.438889 0.482812 0.439815 0.484375 0.439815 0.484896 0.440741 0.486458 0.440741 0.486979 0.441667 0.489063 0.441667 0.489583 0.442593 0.491146 0.442593 0.491667 0.443519 0.493229 0.443519 0.493750 0.444444 0.494792 0.444444 0.513542 0.477778 0.514062 0.477778 0.514583 0.478704 0.515104 0.478704 0.515625 0.479630 0.516667 0.479630 0.517188 0.480556 0.517708 0.480556 0.518229 0.481481 0.519271 0.481481 0.519792 0.482407 0.521354 0.482407 0.521875 0.481481 0.522396 0.481481 0.522917 0.480556 0.522917 0.476852 0.521875 0.475000 0.521875 0.474074 0.510938 0.454630 0.510938 0.453704 0.485417 0.408333 0.484896 0.408333 0.484375 0.407407
0 0.576042 0.444907 0.083333 0.075000 0.569792 0.407407 0.570833 0.409259 0.570833 0.412963 0.570312 0.413889 0.570312 0.414815 0.534375 0.478704 0.535417 0.478704 0.535937 0.479630 0.536979 0.479630 0.537500 0.480556 0.538542 0.480556 0.539062 0.481481 0.540104 0.481481 0.540625 0.482407 0.543229 0.482407 0.559896 0.452778 0.560417 0.452778 0.567187 0.440741 0.569271 0.440741 0.569792 0.441667 0.573438 0.441667 0.573958 0.442593 0.577604 0.442593 0.578125 0.443519 0.581771 0.443519 0.582292 0.444444 0.585938 0.444444 0.586458 0.445370 0.590104 0.445370 0.590625 0.446296 0.591146 0.446296 0.591667 0.447222 0.592187 0.447222 0.610938 0.480556 0.611979 0.480556 0.612500 0.481481 0.614583 0.481481 0.615104 0.482407 0.616146 0.482407 0.616667 0.481481 0.617188 0.481481 0.617708 0.480556 0.617708 0.475926 0.615625 0.472222 0.615625 0.471296 0.602604 0.448148 0.602604 0.447222 0.586979 0.419444 0.586979 0.418519 0.582292 0.410185 0.581771 0.410185 0.580208 0.407407
0 0.657292 0.455556 0.091667 0.074074 0.661979 0.418519 0.626042 0.482407 0.625521 0.482407 0.625000 0.483333 0.623958 0.483333 0.623437 0.482407 0.621354 0.482407 0.620833 0.481481 0.618750 0.481481 0.618229 0.480556 0.617188 0.482407 0.616667 0.482407 0.616146 0.483333 0.615104 0.483333 0.614583 0.482407 0.612500 0.482407 0.611979 0.481481 0.611458 0.481481 0.614583 0.487037 0.616667 0.487037 0.617188 0.487963 0.618750 0.487963 0.619271 0.488889 0.621354 0.488889 0.621875 0.489815 0.623437 0.489815 0.623958 0.490741 0.626042 0.490741 0.626563 0.491667 0.628125 0.491667 0.628646 0.492593 0.629687 0.492593 0.630208 0.491667 0.630729 0.491667 0.645833 0.464815 0.646354 0.464815 0.654167 0.450926 0.654687 0.450926 0.657813 0.445370 0.658333 0.445370 0.658854 0.444444 0.659375 0.445370 0.663542 0.445370 0.664062 0.446296 0.664583 0.446296 0.665104 0.447222 0.665104 0.448148 0.666146 0.450000 0.666146 0.451852 0.665625 0.452778 0.665625 0.453704 0.664583 0.455556 0.668229 0.455556 0.668750 0.456481 0.669792 0.456481 0.672917 0.462037 0.673438 0.462037 0.673958 0.462963 0.677083 0.462963 0.677604 0.463889 0.678125 0.463889 0.692708 0.489815 0.695312 0.489815 0.695833 0.490741 0.698438 0.490741 0.698958 0.491667 0.702083 0.491667 0.703125 0.489815 0.703125 0.486111 0.702604 0.485185 0.702604 0.484259 0.697917 0.475926 0.697917 0.475000 0.686979 0.455556 0.686979 0.454630 0.676042 0.435185 0.676042 0.434259 0.667708 0.419444 0.667188 0.419444 0.666667 0.418519
0 0.354687 0.441204 0.086458 0.076852 0.312500 0.402778 0.311458 0.404630 0.311458 0.407407 0.311979 0.408333 0.311979 0.409259 0.314063 0.412963 0.314063 0.413889 0.340104 0.460185 0.340625 0.460185 0.351042 0.478704 0.351562 0.478704 0.352083 0.479630 0.353125 0.479630 0.353646 0.478704 0.354167 0.478704 0.354687 0.477778 0.355208 0.477778 0.356250 0.475926 0.356771 0.475926 0.357292 0.475000 0.357812 0.475000 0.358854 0.473148 0.359375 0.473148 0.359896 0.472222 0.360417 0.472222 0.361458 0.470370 0.361979 0.470370 0.363021 0.468519 0.363542 0.468519 0.377604 0.443519 0.378125 0.443519 0.393750 0.415741 0.394271 0.415741 0.395833 0.412963 0.396875 0.412963 0.397396 0.412037 0.397396 0.411111 0.397917 0.410185 0.397917 0.407407 0.396875 0.405556 0.395833 0.405556 0.395313 0.404630 0.394271 0.404630 0.393750 0.403704 0.392188 0.403704 0.391667 0.402778 0.391146 0.402778 0.390625 0.403704 0.390104 0.403704 0.388542 0.406481 0.388021 0.406481 0.373958 0.431481 0.373437 0.431481 0.366667 0.443519 0.366146 0.443519 0.363021 0.449074 0.361979 0.449074 0.361458 0.450000 0.358854 0.450000 0.356771 0.446296 0.356771 0.443519 0.356250 0.444444 0.355729 0.444444 0.355208 0.445370 0.354167 0.445370 0.353646 0.446296 0.352604 0.446296 0.352083 0.447222 0.351042 0.447222 0.350521 0.448148 0.347396 0.448148 0.346875 0.447222 0.346354 0.447222 0.331250 0.420370 0.330729 0.420370 0.323437 0.407407 0.322917 0.407407 0.320312 0.402778
0 0.438021 0.438426 0.079167 0.075000 0.400000 0.400926 0.399479 0.401852 0.398958 0.401852 0.398958 0.402778 0.398438 0.403704 0.398438 0.405556 0.398958 0.406481 0.398958 0.407407 0.400521 0.410185 0.400521 0.411111 0.435937 0.474074 0.436458 0.474074 0.436979 0.475000 0.437500 0.475000 0.438021 0.475926 0.438542 0.475000 0.439063 0.475000 0.439583 0.474074 0.440104 0.474074 0.458333 0.441667 0.458854 0.441667 0.476562 0.410185 0.476562 0.409259 0.477604 0.407407 0.477604 0.404630 0.477083 0.403704 0.477083 0.402778 0.476562 0.401852 0.476042 0.401852 0.475521 0.400926 0.473958 0.400926 0.473438 0.401852 0.472396 0.401852 0.471354 0.403704 0.470833 0.403704 0.463542 0.416667 0.463021 0.416667 0.447917 0.443519 0.447396 0.443519 0.446875 0.444444 0.446354 0.444444 0.445833 0.445370 0.445312 0.444444 0.444792 0.444444 0.444271 0.443519 0.443750 0.443519 0.442708 0.441667 0.442188 0.441667 0.441667 0.440741 0.441146 0.440741 0.440625 0.439815 0.439583 0.441667 0.439063 0.441667 0.437500 0.444444 0.436979 0.444444 0.437500 0.445370 0.437500 0.446296 0.436979 0.447222 0.436979 0.448148 0.435937 0.450000 0.435417 0.450000 0.434896 0.450926 0.434375 0.450926 0.433854 0.450000 0.433333 0.450000 0.432812 0.449074 0.432292 0.449074 0.430208 0.445370 0.429688 0.445370 0.428646 0.443519 0.428125 0.443519 0.426042 0.439815 0.425521 0.439815 0.420312 0.430556 0.419792 0.430556 0.404687 0.403704 0.404167 0.403704 0.403646 0.402778 0.403125 0.402778 0.402604 0.401852 0.402083 0.401852 0.401562 0.400926
0 0.527083 0.443981 0.086458 0.075000 0.483854 0.406481 0.484375 0.406481 0.484896 0.407407 0.485417 0.407407 0.511458 0.453704 0.511458 0.454630 0.522396 0.474074 0.522396 0.475000 0.523958 0.477778 0.525000 0.477778 0.525521 0.478704 0.526563 0.478704 0.527083 0.479630 0.527604 0.479630 0.528125 0.480556 0.529167 0.480556 0.529687 0.481481 0.531771 0.481481 0.533333 0.478704 0.533854 0.478704 0.569792 0.414815 0.569792 0.413889 0.570312 0.412963 0.570312 0.409259 0.568750 0.406481 0.565104 0.406481 0.562500 0.411111 0.561979 0.411111 0.543750 0.443519 0.543229 0.443519 0.542188 0.445370 0.541146 0.445370 0.540625 0.444444 0.538021 0.444444 0.537500 0.443519 0.533854 0.443519 0.533333 0.444444 0.530729 0.444444 0.530208 0.443519 0.527083 0.443519 0.526563 0.442593 0.523958 0.442593 0.523438 0.441667 0.522917 0.441667 0.522917 0.442593 0.521875 0.444444 0.517708 0.444444 0.517188 0.443519 0.516146 0.443519 0.496354 0.408333 0.495833 0.408333 0.494792 0.406481
0 0.622396 0.445370 0.082292 0.074074 0.581250 0.408333 0.581771 0.409259 0.582292 0.409259 0.587500 0.418519 0.587500 0.419444 0.603125 0.447222 0.603125 0.448148 0.616146 0.471296 0.616146 0.472222 0.618229 0.475926 0.618229 0.479630 0.618750 0.480556 0.620833 0.480556 0.621354 0.481481 0.623437 0.481481 0.623958 0.482407 0.625000 0.482407 0.625521 0.481481 0.626042 0.481481 0.663021 0.415741 0.663021 0.414815 0.663542 0.413889 0.663542 0.412037 0.663021 0.411111 0.663021 0.410185 0.661979 0.408333 0.655729 0.408333 0.654167 0.411111 0.653646 0.411111 0.648958 0.419444 0.648438 0.419444 0.629687 0.452778 0.629167 0.452778 0.628125 0.454630 0.623437 0.454630 0.622917 0.453704 0.619271 0.453704 0.618750 0.452778 0.615104 0.452778 0.608854 0.441667 0.608333 0.441667 0.603646 0.433333 0.603646 0.432407 0.591146 0.410185 0.590625 0.410185 0.589583 0.408333
0 0.716667 0.470370 0.079167 0.077778 0.692187 0.431481 0.698438 0.442593 0.698438 0.443519 0.700521 0.447222 0.700521 0.448148 0.701042 0.449074 0.701042 0.450926 0.700521 0.451852 0.700521 0.452778 0.699479 0.454630 0.694792 0.454630 0.690104 0.446296 0.690104 0.445370 0.686458 0.438889 0.685937 0.438889 0.684896 0.437037 0.684375 0.437037 0.683854 0.436111 0.677083 0.436111 0.687500 0.454630 0.687500 0.455556 0.698438 0.475000 0.698438 0.475926 0.703125 0.484259 0.703125 0.485185 0.703646 0.486111 0.703646 0.489815 0.702083 0.492593 0.698958 0.492593 0.698438 0.491667 0.695833 0.491667 0.695312 0.490741 0.693229 0.490741 0.700000 0.502778 0.701042 0.502778 0.701562 0.503704 0.703646 0.503704 0.704167 0.504630 0.706771 0.504630 0.707292 0.505556 0.709375 0.505556 0.709896 0.506481 0.711979 0.506481 0.712500 0.507407 0.714583 0.507407 0.715104 0.508333 0.717708 0.508333 0.718229 0.509259 0.718750 0.508333 0.719271 0.508333 0.720833 0.505556 0.721354 0.505556 0.747917 0.458333 0.747917 0.457407 0.755729 0.443519 0.755729 0.442593 0.756250 0.441667 0.756250 0.439815 0.755729 0.438889 0.755729 0.437963 0.755208 0.437037 0.754687 0.437037 0.754167 0.436111 0.746354 0.436111 0.745833 0.435185 0.735417 0.435185 0.734896 0.434259 0.724479 0.434259 0.723958 0.433333 0.713542 0.433333 0.713021 0.432407 0.702604 0.432407 0.702083 0.431481
0 0.314844 0.409722 0.089063 0.075000 0.310417 0.372222 0.309896 0.373148 0.309375 0.373148 0.307812 0.375926 0.307292 0.375926 0.286458 0.412963 0.285938 0.412963 0.271354 0.438889 0.271354 0.439815 0.270313 0.441667 0.270313 0.444444 0.271875 0.447222 0.276042 0.447222 0.287500 0.426852 0.288021 0.426852 0.288542 0.425926 0.289583 0.425926 0.290104 0.425000 0.297917 0.425000 0.298438 0.424074 0.301042 0.424074 0.307292 0.412963 0.307812 0.412963 0.308854 0.411111 0.309375 0.411111 0.309896 0.410185 0.311979 0.410185 0.311458 0.409259 0.311458 0.408333 0.310937 0.407407 0.310937 0.404630 0.312500 0.401852 0.320312 0.401852 0.322917 0.406481 0.323437 0.406481 0.330729 0.419444 0.331250 0.419444 0.346354 0.446296 0.346875 0.446296 0.347396 0.447222 0.350521 0.447222 0.351042 0.446296 0.352083 0.446296 0.352604 0.445370 0.353646 0.445370 0.354167 0.444444 0.355208 0.444444 0.355729 0.443519 0.356250 0.443519 0.356771 0.442593 0.357292 0.442593 0.357812 0.441667 0.357812 0.440741 0.359375 0.437963 0.358854 0.438889 0.357292 0.438889 0.356771 0.439815 0.355208 0.439815 0.354687 0.440741 0.353646 0.440741 0.353125 0.439815 0.352604 0.439815 0.347917 0.431481 0.347396 0.431481 0.315104 0.374074 0.314063 0.374074 0.313542 0.373148 0.311458 0.373148 0.310937 0.372222
0 0.397135 0.412500 0.079687 0.075000 0.396354 0.375000 0.394792 0.377778 0.394271 0.377778 0.372917 0.415741 0.372396 0.415741 0.358333 0.440741 0.358333 0.441667 0.357292 0.443519 0.357292 0.446296 0.358854 0.449074 0.361458 0.449074 0.361979 0.448148 0.362500 0.448148 0.363021 0.447222 0.363542 0.447222 0.366146 0.442593 0.366667 0.442593 0.373437 0.430556 0.373958 0.430556 0.388021 0.405556 0.388542 0.405556 0.390104 0.402778 0.390625 0.402778 0.391146 0.401852 0.391667 0.401852 0.392188 0.402778 0.393750 0.402778 0.394271 0.403704 0.394792 0.403704 0.395833 0.401852 0.396354 0.401852 0.396875 0.400926 0.397396 0.400926 0.398438 0.399074 0.400000 0.399074 0.400521 0.398148 0.401042 0.398148 0.401562 0.399074 0.403125 0.399074 0.404167 0.400926 0.404687 0.400926 0.406771 0.404630 0.407292 0.404630 0.412500 0.413889 0.413021 0.413889 0.432292 0.448148 0.432812 0.448148 0.433333 0.449074 0.433854 0.449074 0.434375 0.450000 0.434896 0.450000 0.435417 0.449074 0.435937 0.449074 0.436458 0.448148 0.436458 0.447222 0.436979 0.446296 0.436979 0.445370 0.436458 0.444444 0.436458 0.443519 0.435417 0.441667 0.435417 0.440741 0.408854 0.393519 0.408854 0.392593 0.401042 0.378704 0.400521 0.378704 0.398438 0.375000
0 0.480990 0.406481 0.083854 0.075926 0.483333 0.368519 0.482812 0.369444 0.481771 0.369444 0.481250 0.370370 0.480208 0.370370 0.479687 0.371296 0.478646 0.371296 0.478125 0.372222 0.477604 0.372222 0.477083 0.373148 0.476562 0.373148 0.443229 0.432407 0.442708 0.432407 0.439583 0.437963 0.439063 0.437963 0.439583 0.437963 0.440104 0.438889 0.440625 0.438889 0.441146 0.439815 0.441667 0.439815 0.442188 0.440741 0.442708 0.440741 0.443750 0.442593 0.444271 0.442593 0.444792 0.443519 0.445312 0.443519 0.445833 0.444444 0.446354 0.443519 0.446875 0.443519 0.447396 0.442593 0.447917 0.442593 0.463021 0.415741 0.463542 0.415741 0.470833 0.402778 0.471354 0.402778 0.473958 0.398148 0.475000 0.398148 0.477604 0.402778 0.478125 0.402778 0.480208 0.406481 0.483333 0.406481 0.483854 0.405556 0.494792 0.405556 0.495833 0.407407 0.496354 0.407407 0.516146 0.442593 0.517188 0.442593 0.517708 0.443519 0.521875 0.443519 0.522396 0.442593 0.522396 0.441667 0.522917 0.440741 0.522917 0.438889 0.522396 0.437963 0.522396 0.437037 0.516667 0.426852 0.516667 0.425926 0.492188 0.382407 0.492188 0.381481 0.486979 0.372222 0.486458 0.372222 0.484896 0.369444 0.484375 0.369444 0.483854 0.368519
0 0.575781 0.406944 0.082812 0.075000 0.576042 0.369444 0.575521 0.370370 0.572917 0.370370 0.572917 0.374074 0.572396 0.375000 0.572396 0.375926 0.534896 0.442593 0.534375 0.442593 0.537500 0.442593 0.538021 0.443519 0.540625 0.443519 0.541146 0.444444 0.542188 0.444444 0.543229 0.442593 0.543750 0.442593 0.561979 0.410185 0.562500 0.410185 0.565104 0.405556 0.568750 0.405556 0.569271 0.406481 0.580208 0.406481 0.580729 0.407407 0.589583 0.407407 0.590625 0.409259 0.591146 0.409259 0.604167 0.432407 0.604167 0.433333 0.608333 0.440741 0.608854 0.440741 0.610417 0.443519 0.616667 0.443519 0.617188 0.442593 0.617188 0.437963 0.616146 0.436111 0.616146 0.435185 0.607812 0.420370 0.607812 0.419444 0.593750 0.394444 0.593750 0.393519 0.580729 0.370370 0.580208 0.370370 0.579688 0.369444
0 0.655729 0.417593 0.089583 0.072222 0.661458 0.381481 0.627083 0.442593 0.626563 0.442593 0.625521 0.444444 0.625000 0.444444 0.624479 0.445370 0.622917 0.445370 0.622396 0.444444 0.610938 0.444444 0.615104 0.451852 0.618750 0.451852 0.619271 0.452778 0.622917 0.452778 0.623437 0.453704 0.628125 0.453704 0.629167 0.451852 0.629687 0.451852 0.648438 0.418519 0.648958 0.418519 0.653646 0.410185 0.654167 0.410185 0.655729 0.407407 0.661979 0.407407 0.663542 0.410185 0.663542 0.411111 0.664062 0.412037 0.664062 0.413889 0.663542 0.414815 0.663542 0.415741 0.662500 0.417593 0.666667 0.417593 0.667188 0.418519 0.667708 0.418519 0.676562 0.434259 0.676562 0.435185 0.683854 0.435185 0.684375 0.436111 0.684896 0.436111 0.685937 0.437963 0.686458 0.437963 0.690625 0.445370 0.690625 0.446296 0.694792 0.453704 0.699479 0.453704 0.700000 0.452778 0.700000 0.451852 0.700521 0.450926 0.700521 0.449074 0.700000 0.448148 0.700000 0.447222 0.697917 0.443519 0.697917 0.442593 0.689063 0.426852 0.689063 0.425926 0.678646 0.407407 0.678646 0.406481 0.667708 0.387037 0.667708 0.386111 0.666667 0.384259 0.666146 0.384259 0.664583 0.381481