0 0.269010 0.557407 0.085938 0.088889 0.309896 0.512963 0.298958 0.532407 0.298438 0.532407 0.293229 0.541667 0.292708 0.541667 0.290625 0.545370 0.290104 0.545370 0.288542 0.548148 0.288021 0.548148 0.287500 0.549074 0.286979 0.549074 0.286458 0.550000 0.283854 0.550000 0.283333 0.550926 0.282292 0.550926 0.280729 0.553704 0.280208 0.553704 0.278646 0.556481 0.278125 0.556481 0.276562 0.559259 0.276042 0.559259 0.274479 0.562037 0.273958 0.562037 0.272917 0.563889 0.272396 0.563889 0.270833 0.566667 0.270313 0.566667 0.269792 0.567593 0.268229 0.567593 0.266667 0.564815 0.266667 0.561111 0.267188 0.560185 0.267188 0.559259 0.269271 0.555556 0.269271 0.554630 0.268750 0.554630 0.267708 0.556481 0.267188 0.556481 0.266146 0.558333 0.265625 0.558333 0.264583 0.560185 0.264062 0.560185 0.263021 0.562037 0.262500 0.562037 0.261458 0.563889 0.258854 0.563889 0.258333 0.562963 0.257812 0.562963 0.247917 0.545370 0.247396 0.545370 0.234375 0.522222 0.233333 0.524074 0.232813 0.524074 0.232292 0.525000 0.231771 0.525000 0.231250 0.525926 0.230729 0.525926 0.230208 0.526852 0.229687 0.526852 0.229167 0.527778 0.228646 0.527778 0.228125 0.528704 0.227604 0.528704 0.227083 0.529630 0.226562 0.529630 0.226562 0.530556 0.226042 0.531481 0.226042 0.535185 0.226562 0.536111 0.226562 0.537037 0.238021 0.557407 0.238542 0.557407 0.248438 0.575000 0.248958 0.575000 0.258854 0.592593 0.259375 0.592593 0.264583 0.601852 0.270313 0.601852 0.270833 0.600926 0.271875 0.600926 0.301563 0.548148 0.302083 0.548148 0.306250 0.540741 0.306250 0.539815 0.308854 0.535185 0.308854 0.534259 0.309375 0.533333 0.309375 0.532407 0.310417 0.530556 0.310417 0.529630 0.310937 0.528704 0.310937 0.526852 0.310417 0.525926 0.310417 0.525000 0.309375 0.523148 0.309375 0.517593 0.310417 0.515741 0.310937 0.515741 0.311979 0.513889 0.311979 0.512963
0 0.267969 0.518981 0.099479 0.089815 0.315104 0.474074 0.314583 0.475000 0.314063 0.475000 0.313542 0.475926 0.313021 0.475926 0.312500 0.476852 0.311458 0.476852 0.310937 0.477778 0.310417 0.477778 0.309896 0.478704 0.309375 0.478704 0.308854 0.479630 0.308333 0.479630 0.307812 0.480556 0.307292 0.480556 0.306771 0.481481 0.306250 0.481481 0.305729 0.482407 0.305208 0.482407 0.304688 0.483333 0.304167 0.483333 0.303646 0.484259 0.302604 0.484259 0.302083 0.485185 0.301563 0.485185 0.301042 0.486111 0.300521 0.486111 0.300000 0.487037 0.299479 0.487037 0.298958 0.487963 0.298438 0.487963 0.297917 0.488889 0.297396 0.488889 0.293750 0.495370 0.293229 0.495370 0.281250 0.516667 0.280729 0.516667 0.278646 0.520370 0.278125 0.520370 0.277604 0.521296 0.277083 0.521296 0.276042 0.523148 0.275521 0.523148 0.275000 0.524074 0.274479 0.524074 0.273958 0.525000 0.273438 0.525000 0.272917 0.525926 0.271354 0.525926 0.269271 0.522222 0.269271 0.521296 0.268750 0.522222 0.268229 0.522222 0.267708 0.523148 0.267188 0.523148 0.266146 0.525000 0.265625 0.525000 0.265104 0.525926 0.264583 0.525926 0.264062 0.526852 0.263542 0.526852 0.263021 0.527778 0.262500 0.527778 0.261979 0.528704 0.261458 0.528704 0.260937 0.529630 0.260417 0.529630 0.259896 0.530556 0.259375 0.530556 0.258854 0.531481 0.258333 0.531481 0.257812 0.532407 0.257292 0.532407 0.256771 0.533333 0.256250 0.533333 0.255729 0.534259 0.255208 0.534259 0.254688 0.535185 0.253646 0.535185 0.253125 0.534259 0.252604 0.534259 0.252083 0.533333 0.251563 0.533333 0.241146 0.514815 0.240625 0.514815 0.224479 0.486111 0.223958 0.486111 0.223438 0.487037 0.221875 0.487037 0.221354 0.487963 0.219792 0.487963 0.218229 0.490741 0.218229 0.492593 0.218750 0.493519 0.218750 0.494444 0.220312 0.497222 0.220312 0.498148 0.225521 0.507407 0.226042 0.507407 0.246875 0.544444 0.247396 0.544444 0.257292 0.562037 0.257812 0.562037 0.258854 0.563889 0.260937 0.563889 0.261458 0.562963 0.261979 0.562963 0.263021 0.561111 0.263542 0.561111 0.264583 0.559259 0.265104 0.559259 0.266146 0.557407 0.266667 0.557407 0.267708 0.555556 0.268229 0.555556 0.269271 0.553704 0.269792 0.553704 0.276042 0.542593 0.276562 0.542593 0.293229 0.512963 0.293750 0.512963 0.305208 0.492593 0.305729 0.492593 0.307292 0.489815 0.307812 0.489815 0.308333 0.488889 0.308854 0.488889 0.309375 0.487963 0.309896 0.487963 0.310417 0.487037 0.310937 0.487037 0.311458 0.486111 0.311458 0.483333 0.313021 0.480556 0.313542 0.480556 0.314063 0.479630 0.314583 0.479630 0.315104 0.478704 0.315625 0.478704 0.316146 0.477778 0.316667 0.477778 0.317188 0.476852 0.317708 0.476852 0.317188 0.476852 0.315625 0.474074
0 0.262240 0.491204 0.101562 0.086111 0.311458 0.448148 0.310937 0.449074 0.309375 0.449074 0.308854 0.450000 0.307292 0.450000 0.306771 0.450926 0.305208 0.450926 0.304688 0.451852 0.303646 0.451852 0.303125 0.452778 0.301563 0.452778 0.301042 0.453704 0.299479 0.453704 0.298958 0.454630 0.297396 0.454630 0.296875 0.455556 0.295312 0.455556 0.294792 0.456481 0.293229 0.456481 0.292708 0.457407 0.292187 0.457407 0.290625 0.460185 0.290104 0.460185 0.277604 0.482407 0.277083 0.482407 0.272917 0.489815 0.271875 0.489815 0.271354 0.490741 0.270313 0.490741 0.269792 0.491667 0.269271 0.491667 0.268750 0.492593 0.267708 0.492593 0.267188 0.493519 0.266146 0.493519 0.265625 0.494444 0.265104 0.494444 0.264583 0.495370 0.263542 0.495370 0.263021 0.496296 0.261979 0.496296 0.261458 0.497222 0.260937 0.497222 0.260417 0.498148 0.259375 0.498148 0.258854 0.499074 0.257812 0.499074 0.257292 0.500000 0.256250 0.500000 0.255729 0.500926 0.255208 0.500926 0.254688 0.501852 0.253646 0.501852 0.253125 0.502778 0.252083 0.502778 0.251563 0.503704 0.249479 0.503704 0.248958 0.502778 0.248438 0.502778 0.241146 0.489815 0.240625 0.489815 0.223958 0.460185 0.223438 0.460185 0.220312 0.454630 0.219792 0.454630 0.219271 0.455556 0.216146 0.455556 0.215625 0.456481 0.213021 0.456481 0.211979 0.458333 0.211979 0.459259 0.211458 0.460185 0.211458 0.461111 0.211979 0.462037 0.211979 0.462963 0.213021 0.464815 0.213021 0.465741 0.220312 0.478704 0.220833 0.478704 0.240625 0.513889 0.241146 0.513889 0.251563 0.532407 0.252083 0.532407 0.252604 0.533333 0.253125 0.533333 0.253646 0.534259 0.254688 0.534259 0.255208 0.533333 0.255729 0.533333 0.256250 0.532407 0.256771 0.532407 0.257292 0.531481 0.257812 0.531481 0.258333 0.530556 0.258854 0.530556 0.259375 0.529630 0.259896 0.529630 0.260417 0.528704 0.260937 0.528704 0.261458 0.527778 0.261979 0.527778 0.262500 0.526852 0.263021 0.526852 0.263542 0.525926 0.264062 0.525926 0.264583 0.525000 0.265104 0.525000 0.265625 0.524074 0.266146 0.524074 0.267188 0.522222 0.267708 0.522222 0.268229 0.521296 0.268750 0.521296 0.269271 0.520370 0.269271 0.518519 0.270833 0.515741 0.270833 0.514815 0.275000 0.507407 0.275521 0.507407 0.292708 0.476852 0.293229 0.476852 0.306771 0.452778 0.307292 0.452778 0.308854 0.450000 0.309375 0.450000 0.309896 0.449074 0.310937 0.449074 0.311458 0.448148 0.313021 0.448148
0 0.254427 0.463889 0.092188 0.077778 0.297917 0.425000 0.297396 0.425926 0.291146 0.425926 0.290625 0.426852 0.288542 0.426852 0.288021 0.427778 0.287500 0.427778 0.281771 0.437963 0.281250 0.437963 0.268750 0.460185 0.268229 0.460185 0.264583 0.466667 0.263021 0.466667 0.262500 0.467593 0.260937 0.467593 0.260417 0.468519 0.258854 0.468519 0.258333 0.469444 0.256771 0.469444 0.256250 0.470370 0.254167 0.470370 0.253646 0.471296 0.252083 0.471296 0.251563 0.472222 0.250000 0.472222 0.249479 0.473148 0.247917 0.473148 0.247396 0.474074 0.245833 0.474074 0.245312 0.475000 0.243229 0.475000 0.242708 0.474074 0.242188 0.474074 0.239583 0.469444 0.239063 0.469444 0.228125 0.450000 0.227604 0.450000 0.215625 0.428704 0.215104 0.428704 0.213542 0.425926 0.212500 0.425926 0.211979 0.426852 0.209375 0.426852 0.208854 0.427778 0.208854 0.428704 0.208333 0.429630 0.208333 0.431481 0.208854 0.432407 0.208854 0.433333 0.223438 0.459259 0.223958 0.459259 0.240625 0.488889 0.241146 0.488889 0.248438 0.501852 0.248958 0.501852 0.249479 0.502778 0.251563 0.502778 0.252083 0.501852 0.253125 0.501852 0.253646 0.500926 0.254688 0.500926 0.255208 0.500000 0.255729 0.500000 0.256250 0.499074 0.257292 0.499074 0.257812 0.498148 0.258854 0.498148 0.259375 0.497222 0.260417 0.497222 0.260937 0.496296 0.261458 0.496296 0.261979 0.495370 0.263021 0.495370 0.263542 0.494444 0.264583 0.494444 0.265104 0.493519 0.265625 0.493519 0.266146 0.492593 0.267188 0.492593 0.267708 0.491667 0.268750 0.491667 0.269271 0.490741 0.269792 0.490741 0.270313 0.489815 0.271354 0.489815 0.271875 0.488889 0.272917 0.488889 0.274479 0.486111 0.273958 0.487037 0.272917 0.487037 0.272396 0.487963 0.270833 0.487963 0.268750 0.484259 0.268750 0.480556 0.269792 0.478704 0.269792 0.477778 0.279687 0.460185 0.280208 0.460185 0.299479 0.425926 0.300000 0.425926 0.300521 0.425000
0 0.247396 0.435185 0.092708 0.077778 0.282292 0.396296 0.281250 0.398148 0.280729 0.398148 0.266667 0.423148 0.266146 0.423148 0.261979 0.430556 0.261458 0.430556 0.259375 0.426852 0.258854 0.426852 0.247917 0.407407 0.247396 0.407407 0.243750 0.400926 0.242708 0.400926 0.242188 0.400000 0.232292 0.400000 0.231771 0.399074 0.221354 0.399074 0.220833 0.398148 0.210417 0.398148 0.209896 0.397222 0.202604 0.397222 0.201563 0.399074 0.201563 0.400000 0.201042 0.400926 0.201042 0.401852 0.201563 0.402778 0.201563 0.403704 0.215104 0.427778 0.215625 0.427778 0.227604 0.449074 0.228125 0.449074 0.239063 0.468519 0.239583 0.468519 0.242188 0.473148 0.242708 0.473148 0.243229 0.474074 0.245312 0.474074 0.245833 0.473148 0.247396 0.473148 0.247917 0.472222 0.249479 0.472222 0.250000 0.471296 0.251563 0.471296 0.252083 0.470370 0.253646 0.470370 0.254167 0.469444 0.256250 0.469444 0.256771 0.468519 0.258333 0.468519 0.258854 0.467593 0.260417 0.467593 0.260937 0.466667 0.262500 0.466667 0.263021 0.465741 0.264583 0.465741 0.268229 0.459259 0.268750 0.459259 0.275000 0.448148 0.273438 0.448148 0.272917 0.449074 0.271875 0.449074 0.271354 0.448148 0.270833 0.448148 0.269792 0.446296 0.269792 0.445370 0.269271 0.444444 0.269271 0.441667 0.270313 0.439815 0.270313 0.438889 0.280208 0.421296 0.280729 0.421296 0.293750 0.398148 0.289583 0.398148 0.289062 0.397222 0.283333 0.397222 0.282813 0.396296
0 0.353906 0.401852 0.080729 0.075926 0.315104 0.363889 0.314583 0.364815 0.314063 0.364815 0.313542 0.365741 0.313542 0.369444 0.314063 0.370370 0.314063 0.371296 0.351042 0.437037 0.351562 0.437037 0.353125 0.439815 0.354687 0.439815 0.355208 0.438889 0.356250 0.438889 0.356771 0.437963 0.357292 0.437963 0.357812 0.437037 0.358854 0.437037 0.359375 0.436111 0.359896 0.436111 0.360417 0.435185 0.360938 0.435185 0.372396 0.414815 0.372917 0.414815 0.394271 0.376852 0.394271 0.367593 0.392708 0.364815 0.391146 0.364815 0.390104 0.366667 0.389583 0.366667 0.376042 0.390741 0.375521 0.390741 0.368229 0.403704 0.367708 0.403704 0.364063 0.410185 0.363542 0.410185 0.361458 0.413889 0.360938 0.413889 0.359375 0.416667 0.358333 0.416667 0.357292 0.414815 0.356771 0.414815 0.354687 0.411111 0.354167 0.411111 0.349479 0.402778 0.348958 0.402778 0.333854 0.375926 0.333333 0.375926 0.332292 0.374074 0.331250 0.374074 0.330729 0.373148 0.330208 0.373148 0.329688 0.372222 0.328646 0.372222 0.328125 0.371296 0.327083 0.371296 0.326562 0.370370 0.325521 0.370370 0.325000 0.369444 0.323958 0.369444 0.323437 0.368519 0.322917 0.368519 0.322396 0.367593 0.321354 0.367593 0.320833 0.366667 0.319792 0.366667 0.319271 0.365741 0.318229 0.365741 0.317708 0.364815 0.317188 0.364815 0.316667 0.363889
0 0.437760 0.399537 0.080729 0.075000 0.400521 0.362037 0.400000 0.362963 0.399479 0.362963 0.398958 0.363889 0.398958 0.364815 0.398438 0.365741 0.398438 0.368519 0.397917 0.369444 0.397917 0.373148 0.397396 0.374074 0.397917 0.374074 0.398438 0.375000 0.398958 0.375000 0.432292 0.434259 0.432812 0.434259 0.433333 0.435185 0.434375 0.435185 0.434896 0.436111 0.436458 0.436111 0.436979 0.437037 0.439583 0.437037 0.441146 0.434259 0.441667 0.434259 0.477604 0.370370 0.477604 0.369444 0.478125 0.368519 0.478125 0.366667 0.477604 0.365741 0.477604 0.364815 0.476562 0.362963 0.474479 0.362963 0.473958 0.363889 0.472917 0.363889 0.472396 0.364815 0.471354 0.364815 0.470833 0.365741 0.470313 0.365741 0.469792 0.366667 0.468750 0.366667 0.468229 0.367593 0.467187 0.367593 0.466667 0.368519 0.465625 0.368519 0.465104 0.369444 0.464062 0.369444 0.463542 0.370370 0.462500 0.370370 0.461979 0.371296 0.460938 0.371296 0.460417 0.372222 0.459375 0.372222 0.458854 0.373148 0.458333 0.373148 0.457813 0.374074 0.457292 0.374074 0.443229 0.399074 0.442708 0.399074 0.437500 0.408333 0.436979 0.408333 0.434896 0.412037 0.434375 0.412037 0.433333 0.413889 0.432812 0.413889 0.431250 0.411111 0.430729 0.411111 0.427083 0.404630 0.426563 0.404630 0.405208 0.366667 0.404687 0.366667 0.402604 0.362963 0.402083 0.362963 0.401562 0.362037
0 0.529427 0.405556 0.085938 0.075926 0.494271 0.367593 0.493750 0.368519 0.492188 0.368519 0.491667 0.369444 0.490104 0.369444 0.489583 0.370370 0.487500 0.370370 0.486979 0.371296 0.486458 0.371296 0.508333 0.410185 0.508333 0.411111 0.521875 0.435185 0.521875 0.436111 0.522917 0.437963 0.522917 0.441667 0.525521 0.441667 0.526042 0.442593 0.529167 0.442593 0.529687 0.443519 0.533333 0.443519 0.533854 0.442593 0.534375 0.442593 0.571875 0.375926 0.571875 0.375000 0.572396 0.374074 0.572396 0.371296 0.570833 0.368519 0.566667 0.368519 0.566146 0.369444 0.562500 0.369444 0.561979 0.370370 0.558854 0.370370 0.558333 0.371296 0.554688 0.371296 0.554167 0.372222 0.550521 0.372222 0.550000 0.373148 0.546875 0.373148 0.546354 0.374074 0.542708 0.374074 0.542188 0.375000 0.538542 0.375000 0.538021 0.375926 0.534896 0.375926 0.534375 0.376852 0.532813 0.376852 0.530729 0.380556 0.530208 0.380556 0.517188 0.403704 0.516146 0.401852 0.515625 0.401852 0.507812 0.387963 0.507812 0.387037 0.498437 0.370370 0.497917 0.370370 0.496875 0.368519 0.496354 0.368519 0.495833 0.367593
0 0.621354 0.407407 0.080208 0.074074 0.586458 0.370370 0.585938 0.371296 0.581250 0.371296 0.588021 0.383333 0.588021 0.384259 0.600521 0.406481 0.600521 0.407407 0.612500 0.428704 0.612500 0.429630 0.616667 0.437037 0.616667 0.437963 0.617188 0.438889 0.617188 0.441667 0.616146 0.443519 0.620833 0.443519 0.621354 0.444444 0.623958 0.444444 0.625521 0.441667 0.626042 0.441667 0.657813 0.385185 0.657813 0.384259 0.661458 0.377778 0.661458 0.373148 0.660417 0.371296 0.653646 0.371296 0.653125 0.372222 0.646875 0.372222 0.646354 0.373148 0.640104 0.373148 0.639583 0.374074 0.633333 0.374074 0.632812 0.375000 0.626563 0.375000 0.626042 0.375926 0.619792 0.375926 0.619271 0.376852 0.613021 0.376852 0.612500 0.377778 0.606771 0.377778 0.606250 0.378704 0.605208 0.378704 0.599479 0.388889 0.598958 0.388889 0.597917 0.387037 0.597917 0.386111 0.590104 0.372222 0.589583 0.372222 0.589063 0.371296 0.588542 0.371296 0.588021 0.370370
0 0.350000 0.556481 0.081250 0.085185 0.312500 0.513889 0.311979 0.514815 0.311458 0.514815 0.310417 0.516667 0.309896 0.516667 0.309375 0.517593 0.309375 0.522222 0.309896 0.523148 0.309896 0.524074 0.310937 0.525926 0.310937 0.526852 0.311979 0.528704 0.311979 0.529630 0.312500 0.530556 0.312500 0.531481 0.313542 0.533333 0.313542 0.534259 0.314583 0.536111 0.314583 0.537037 0.315625 0.538889 0.315625 0.539815 0.316667 0.541667 0.316667 0.542593 0.317708 0.544444 0.317708 0.545370 0.318750 0.547222 0.318750 0.548148 0.319792 0.550000 0.319792 0.550926 0.320833 0.552778 0.320833 0.553704 0.321875 0.555556 0.321875 0.556481 0.322917 0.558333 0.322917 0.559259 0.323958 0.561111 0.323958 0.562037 0.325000 0.563889 0.325000 0.564815 0.326042 0.566667 0.326042 0.567593 0.327083 0.569444 0.327083 0.570370 0.328125 0.572222 0.328125 0.573148 0.329167 0.575000 0.329167 0.575926 0.330208 0.577778 0.330208 0.578704 0.331250 0.580556 0.331250 0.581481 0.332292 0.583333 0.332292 0.584259 0.333333 0.586111 0.333333 0.587037 0.334375 0.588889 0.334375 0.589815 0.335417 0.591667 0.335417 0.592593 0.336458 0.594444 0.336458 0.595370 0.337500 0.597222 0.337500 0.598148 0.338021 0.599074 0.345313 0.599074 0.346354 0.597222 0.346875 0.597222 0.347396 0.596296 0.347917 0.596296 0.348958 0.594444 0.349479 0.594444 0.350521 0.592593 0.351042 0.592593 0.352083 0.590741 0.352604 0.590741 0.353125 0.589815 0.353646 0.589815 0.354687 0.587963 0.355208 0.587963 0.356250 0.586111 0.356771 0.586111 0.357812 0.584259 0.358333 0.584259 0.359375 0.582407 0.359896 0.582407 0.360938 0.580556 0.361458 0.580556 0.361979 0.579630 0.362500 0.579630 0.363542 0.577778 0.364063 0.577778 0.365104 0.575926 0.365625 0.575926 0.366667 0.574074 0.367188 0.574074 0.368229 0.572222 0.368750 0.572222 0.369271 0.571296 0.369792 0.571296 0.370833 0.569444 0.371354 0.569444 0.372396 0.567593 0.372917 0.567593 0.373958 0.565741 0.374479 0.565741 0.375521 0.563889 0.376042 0.563889 0.376563 0.562963 0.377083 0.562963 0.378125 0.561111 0.378646 0.561111 0.379688 0.559259 0.380208 0.559259 0.381250 0.557407 0.381771 0.557407 0.382812 0.555556 0.383333 0.555556 0.384375 0.553704 0.384896 0.553704 0.385937 0.551852 0.386458 0.551852 0.388021 0.549074 0.388021 0.546296 0.388542 0.545370 0.388542 0.542593 0.389062 0.541667 0.389062 0.538889 0.389583 0.537963 0.389583 0.534259 0.390104 0.533333 0.390104 0.530556 0.390625 0.529630 0.390625 0.523148 0.390104 0.522222 0.390104 0.519444 0.389062 0.521296 0.388542 0.521296 0.386979 0.524074 0.386458 0.524074 0.384375 0.527778 0.383854 0.527778 0.381250 0.532407 0.380729 0.532407 0.377604 0.537963 0.377083 0.537963 0.372917 0.545370 0.372396 0.545370 0.367708 0.553704 0.367188 0.553704 0.362500 0.562037 0.361979 0.562037 0.359375 0.566667 0.358854 0.566667 0.358333 0.567593 0.356771 0.567593 0.355208 0.564815 0.355208 0.563889 0.354687 0.562963 0.354687 0.561111 0.355208 0.560185 0.355208 0.559259 0.355729 0.558333 0.355729 0.557407 0.356250 0.556481 0.356250 0.555556 0.356771 0.554630 0.356771 0.553704 0.354687 0.557407 0.354167 0.557407 0.353646 0.558333 0.351562 0.558333 0.351042 0.559259 0.351042 0.560185 0.350521 0.561111 0.350521 0.562037 0.350000 0.562963 0.350000 0.563889 0.349479 0.564815 0.349479 0.565741 0.348438 0.567593 0.345833 0.567593 0.345313 0.566667 0.344792 0.566667 0.340625 0.559259 0.340104 0.559259 0.323437 0.529630 0.322917 0.529630 0.318750 0.522222 0.318229 0.522222 0.315625 0.517593 0.315104 0.517593 0.314063 0.515741 0.313542 0.515741
0 0.431510 0.559259 0.081771 0.087037 0.394271 0.515741 0.393750 0.516667 0.392708 0.516667 0.391667 0.518519 0.391146 0.518519 0.390625 0.519444 0.390625 0.522222 0.391146 0.523148 0.391146 0.534259 0.391667 0.535185 0.391667 0.537963 0.413542 0.576852 0.414062 0.576852 0.428646 0.602778 0.435937 0.602778 0.451042 0.575926 0.451042 0.575000 0.471354 0.538889 0.471354 0.537963 0.472396 0.536111 0.472396 0.532407 0.470313 0.528704 0.469792 0.528704 0.468229 0.525926 0.467708 0.525926 0.466667 0.524074 0.465625 0.525926 0.465104 0.525926 0.450521 0.551852 0.450000 0.551852 0.446354 0.558333 0.445833 0.558333 0.445312 0.559259 0.444792 0.559259 0.444271 0.558333 0.443750 0.558333 0.442708 0.556481 0.442708 0.555556 0.441667 0.553704 0.441667 0.552778 0.440625 0.550926 0.440104 0.551852 0.439583 0.551852 0.438542 0.553704 0.438021 0.553704 0.437500 0.554630 0.436979 0.553704 0.436458 0.553704 0.435937 0.552778 0.435417 0.552778 0.430729 0.544444 0.429167 0.547222 0.429688 0.548148 0.429688 0.549074 0.430208 0.550000 0.430208 0.550926 0.431250 0.552778 0.431250 0.553704 0.431771 0.554630 0.431771 0.555556 0.432292 0.556481 0.432292 0.557407 0.432812 0.558333 0.432812 0.559259 0.433333 0.560185 0.433333 0.561111 0.433854 0.562037 0.433854 0.562963 0.434375 0.563889 0.434375 0.564815 0.434896 0.565741 0.434896 0.568519 0.434375 0.569444 0.434375 0.570370 0.433854 0.571296 0.433333 0.571296 0.432812 0.572222 0.431771 0.572222 0.431250 0.571296 0.430729 0.571296 0.429167 0.568519 0.428646 0.568519 0.427083 0.565741 0.427083 0.564815 0.418750 0.550000 0.418229 0.550000 0.416667 0.547222 0.416146 0.547222 0.413542 0.542593 0.413021 0.542593 0.407813 0.533333 0.407292 0.533333 0.397396 0.515741
0 0.521094 0.551389 0.093229 0.089815 0.478646 0.506481 0.478125 0.507407 0.477604 0.507407 0.476562 0.509259 0.476042 0.509259 0.474479 0.512037 0.500521 0.558333 0.501042 0.558333 0.503125 0.562037 0.503646 0.562037 0.505208 0.564815 0.505729 0.564815 0.507812 0.568519 0.508333 0.568519 0.510417 0.572222 0.510938 0.572222 0.513021 0.575926 0.513542 0.575926 0.515104 0.578704 0.515625 0.578704 0.517708 0.582407 0.518229 0.582407 0.520312 0.586111 0.520833 0.586111 0.522396 0.588889 0.522917 0.588889 0.525000 0.592593 0.525521 0.592593 0.527083 0.595370 0.527604 0.595370 0.528125 0.596296 0.529167 0.596296 0.529687 0.595370 0.530208 0.595370 0.551562 0.557407 0.552083 0.557407 0.565625 0.533333 0.565625 0.532407 0.567708 0.528704 0.567708 0.525000 0.566146 0.522222 0.565104 0.522222 0.564583 0.521296 0.563021 0.521296 0.558333 0.529630 0.557813 0.529630 0.541146 0.559259 0.539062 0.559259 0.538542 0.558333 0.538021 0.558333 0.536979 0.556481 0.536458 0.556481 0.535937 0.555556 0.535417 0.555556 0.534375 0.553704 0.532292 0.557407 0.531771 0.557407 0.530729 0.559259 0.529687 0.559259 0.529167 0.558333 0.528646 0.558333 0.528125 0.557407 0.527604 0.557407 0.526563 0.555556 0.526042 0.555556 0.525521 0.554630 0.525000 0.554630 0.523958 0.552778 0.523438 0.552778 0.522917 0.551852 0.522396 0.551852 0.521354 0.550000 0.520833 0.550000 0.519792 0.548148 0.519271 0.548148 0.518750 0.547222 0.520833 0.550926 0.520833 0.551852 0.521354 0.552778 0.521354 0.555556 0.519792 0.558333 0.517188 0.558333 0.516146 0.556481 0.515625 0.556481 0.514583 0.554630 0.514062 0.554630 0.513021 0.552778 0.512500 0.552778 0.511458 0.550926 0.510938 0.550926 0.509896 0.549074 0.509375 0.549074 0.508854 0.548148 0.508333 0.548148 0.495312 0.525000 0.494792 0.525000 0.493750 0.523148 0.493229 0.523148 0.492188 0.521296 0.491667 0.521296 0.490625 0.519444 0.490104 0.519444 0.489063 0.517593 0.488542 0.517593 0.487500 0.515741 0.486979 0.515741 0.486458 0.514815 0.485938 0.514815 0.484896 0.512963 0.484375 0.512963 0.483333 0.511111 0.482812 0.511111 0.481771 0.509259 0.481250 0.509259 0.480208 0.507407 0.479687 0.507407 0.479167 0.506481
0 0.611458 0.552778 0.095833 0.081481 0.568750 0.512037 0.565625 0.517593 0.565104 0.517593 0.563542 0.520370 0.564583 0.520370 0.565104 0.521296 0.566146 0.521296 0.568229 0.525000 0.568229 0.528704 0.566146 0.532407 0.566146 0.533333 0.564063 0.537037 0.574479 0.555556 0.575000 0.555556 0.575521 0.556481 0.576042 0.556481 0.576562 0.557407 0.577083 0.557407 0.577604 0.558333 0.578125 0.558333 0.578646 0.559259 0.579167 0.559259 0.579688 0.560185 0.580208 0.560185 0.580729 0.561111 0.581771 0.561111 0.582292 0.562037 0.582812 0.562037 0.583333 0.562963 0.583854 0.562963 0.584375 0.563889 0.584896 0.563889 0.585417 0.564815 0.585938 0.564815 0.586458 0.565741 0.586979 0.565741 0.587500 0.566667 0.588021 0.566667 0.588542 0.567593 0.589063 0.567593 0.589583 0.568519 0.590104 0.568519 0.590625 0.569444 0.591667 0.569444 0.592187 0.570370 0.592708 0.570370 0.593229 0.571296 0.593750 0.571296 0.594271 0.572222 0.594792 0.572222 0.595313 0.573148 0.595833 0.573148 0.596354 0.574074 0.596875 0.574074 0.597396 0.575000 0.597917 0.575000 0.598437 0.575926 0.598958 0.575926 0.599479 0.576852 0.600000 0.576852 0.600521 0.577778 0.601562 0.577778 0.602083 0.578704 0.602604 0.578704 0.603125 0.579630 0.603646 0.579630 0.604167 0.580556 0.604688 0.580556 0.605208 0.581481 0.605729 0.581481 0.606250 0.582407 0.606771 0.582407 0.607292 0.583333 0.607812 0.583333 0.608333 0.584259 0.608854 0.584259 0.609375 0.585185 0.609896 0.585185 0.610417 0.586111 0.610938 0.586111 0.611458 0.587037 0.612500 0.587037 0.613021 0.587963 0.613542 0.587963 0.614062 0.588889 0.614583 0.588889 0.615104 0.589815 0.615625 0.589815 0.616146 0.590741 0.616667 0.590741 0.617188 0.591667 0.617708 0.591667 0.618229 0.592593 0.618750 0.592593 0.619271 0.593519 0.622396 0.593519 0.658333 0.529630 0.658333 0.528704 0.658854 0.527778 0.658854 0.526852 0.659375 0.525926 0.659375 0.525000 0.658854 0.524074 0.658854 0.523148 0.658333 0.522222 0.657813 0.522222 0.657292 0.521296 0.656250 0.521296 0.655729 0.520370 0.655208 0.520370 0.654687 0.521296 0.654167 0.521296 0.650521 0.527778 0.650000 0.527778 0.628125 0.566667 0.627604 0.566667 0.627083 0.567593 0.625521 0.567593 0.625000 0.566667 0.623958 0.566667 0.623437 0.565741 0.622917 0.565741 0.622396 0.564815 0.621354 0.564815 0.620833 0.563889 0.620313 0.563889 0.619792 0.562963 0.618750 0.562963 0.618229 0.562037 0.617188 0.562037 0.616667 0.561111 0.616146 0.561111 0.615625 0.560185 0.614583 0.560185 0.614062 0.559259 0.613542 0.559259 0.613021 0.558333 0.611458 0.558333 0.610938 0.557407 0.610417 0.557407 0.609896 0.556481 0.608854 0.556481 0.608333 0.555556 0.607292 0.555556 0.606771 0.554630 0.606250 0.554630 0.605729 0.553704 0.604688 0.553704 0.594792 0.536111 0.594792 0.535185 0.589063 0.525000 0.588542 0.525000 0.587500 0.523148 0.586979 0.523148 0.586458 0.522222 0.585938 0.522222 0.585417 0.521296 0.584375 0.521296 0.583854 0.520370 0.582812 0.520370 0.582292 0.519444 0.581250 0.519444 0.580729 0.518519 0.579688 0.518519 0.579167 0.517593 0.578125 0.517593 0.577604 0.516667 0.576562 0.516667 0.576042 0.515741 0.575000 0.515741 0.574479 0.514815 0.573958 0.514815 0.573438 0.513889 0.572396 0.513889 0.571875 0.512963 0.570833 0.512963 0.570312 0.512037
0 0.689844 0.554630 0.093229 0.074074 0.657292 0.517593 0.656771 0.518519 0.656250 0.518519 0.655729 0.519444 0.656250 0.520370 0.657292 0.520370 0.657813 0.521296 0.658333 0.521296 0.659375 0.523148 0.659375 0.524074 0.659896 0.525000 0.659896 0.525926 0.659375 0.526852 0.659375 0.527778 0.658854 0.528704 0.658854 0.529630 0.643229 0.557407 0.644271 0.557407 0.644792 0.558333 0.645833 0.558333 0.646354 0.559259 0.646875 0.559259 0.647396 0.560185 0.648438 0.560185 0.648958 0.561111 0.650000 0.561111 0.650521 0.562037 0.651563 0.562037 0.652083 0.562963 0.653125 0.562963 0.653646 0.563889 0.654687 0.563889 0.655208 0.564815 0.656250 0.564815 0.656771 0.565741 0.657813 0.565741 0.658333 0.566667 0.659375 0.566667 0.659896 0.567593 0.660417 0.567593 0.660937 0.568519 0.661979 0.568519 0.662500 0.569444 0.663542 0.569444 0.664062 0.570370 0.665104 0.570370 0.665625 0.571296 0.666667 0.571296 0.667188 0.572222 0.668229 0.572222 0.668750 0.573148 0.669792 0.573148 0.670312 0.574074 0.671354 0.574074 0.671875 0.575000 0.672917 0.575000 0.673438 0.575926 0.674479 0.575926 0.675000 0.576852 0.675521 0.576852 0.676042 0.577778 0.677083 0.577778 0.677604 0.578704 0.678646 0.578704 0.679167 0.579630 0.680208 0.579630 0.680729 0.580556 0.681771 0.580556 0.682292 0.581481 0.683333 0.581481 0.683854 0.582407 0.684896 0.582407 0.685417 0.583333 0.686458 0.583333 0.686979 0.584259 0.688021 0.584259 0.688542 0.585185 0.689583 0.585185 0.690104 0.586111 0.690625 0.586111 0.691146 0.587037 0.692187 0.587037 0.692708 0.587963 0.693750 0.587963 0.694271 0.588889 0.695312 0.588889 0.695833 0.589815 0.696875 0.589815 0.697396 0.590741 0.698438 0.590741 0.698958 0.591667 0.699479 0.590741 0.700000 0.590741 0.700521 0.589815 0.701042 0.589815 0.723437 0.550000 0.723437 0.549074 0.735938 0.526852 0.735938 0.525926 0.736458 0.525000 0.736458 0.522222 0.734896 0.519444 0.708854 0.565741 0.705729 0.565741 0.705208 0.564815 0.704167 0.564815 0.703646 0.563889 0.702083 0.563889 0.701562 0.562963 0.700521 0.562963 0.700000 0.562037 0.698958 0.562037 0.698958 0.563889 0.697917 0.565741 0.697396 0.565741 0.696875 0.566667 0.695833 0.566667 0.695312 0.565741 0.694271 0.565741 0.693750 0.564815 0.692708 0.564815 0.692187 0.563889 0.690625 0.563889 0.670833 0.528704 0.670833 0.527778 0.668750 0.524074 0.668229 0.524074 0.666667 0.521296 0.666146 0.521296 0.665625 0.520370 0.664583 0.520370 0.664062 0.519444 0.662500 0.519444 0.661979 0.518519 0.660417 0.518519 0.659896 0.517593
0 0.308854 0.527315 0.084375 0.080556 0.311458 0.487037 0.310937 0.487963 0.310417 0.487963 0.309896 0.488889 0.309375 0.488889 0.308854 0.489815 0.308333 0.489815 0.307812 0.490741 0.307292 0.490741 0.305729 0.493519 0.305208 0.493519 0.293750 0.513889 0.293229 0.513889 0.276562 0.543519 0.276042 0.543519 0.267708 0.558333 0.267708 0.559259 0.266667 0.561111 0.266667 0.563889 0.267188 0.564815 0.267188 0.565741 0.267708 0.566667 0.268229 0.566667 0.268750 0.567593 0.269792 0.567593 0.270833 0.565741 0.271354 0.565741 0.272917 0.562963 0.273438 0.562963 0.274479 0.561111 0.275000 0.561111 0.276562 0.558333 0.277083 0.558333 0.278646 0.555556 0.279167 0.555556 0.280729 0.552778 0.281250 0.552778 0.282813 0.550000 0.283333 0.550000 0.284896 0.547222 0.285417 0.547222 0.286979 0.544444 0.287500 0.544444 0.289062 0.541667 0.289583 0.541667 0.291146 0.538889 0.291667 0.538889 0.293229 0.536111 0.293750 0.536111 0.294792 0.534259 0.295312 0.534259 0.302604 0.521296 0.303125 0.521296 0.308854 0.511111 0.309896 0.511111 0.310417 0.512037 0.311458 0.512037 0.311979 0.512963 0.312500 0.512963 0.313542 0.514815 0.314063 0.514815 0.315104 0.516667 0.315625 0.516667 0.318229 0.521296 0.318750 0.521296 0.322917 0.528704 0.323437 0.528704 0.340104 0.558333 0.340625 0.558333 0.344792 0.565741 0.345313 0.565741 0.345833 0.566667 0.348438 0.566667 0.348958 0.565741 0.348958 0.564815 0.349479 0.563889 0.349479 0.562963 0.350000 0.562037 0.350000 0.561111 0.350521 0.560185 0.350521 0.559259 0.351042 0.558333 0.351042 0.557407 0.350521 0.556481 0.350000 0.556481 0.311979 0.488889 0.311979 0.487963
0 0.394792 0.525926 0.079167 0.090741 0.394792 0.480556 0.394271 0.481481 0.394271 0.487963 0.393229 0.489815 0.393229 0.490741 0.382812 0.509259 0.382292 0.509259 0.363021 0.543519 0.362500 0.543519 0.357292 0.552778 0.357292 0.554630 0.356771 0.555556 0.356771 0.556481 0.356250 0.557407 0.356250 0.558333 0.355729 0.559259 0.355729 0.560185 0.355208 0.561111 0.355208 0.562963 0.355729 0.563889 0.355729 0.564815 0.356771 0.566667 0.358333 0.566667 0.358854 0.565741 0.359375 0.565741 0.361979 0.561111 0.362500 0.561111 0.367188 0.552778 0.367708 0.552778 0.372396 0.544444 0.372917 0.544444 0.377083 0.537037 0.377604 0.537037 0.380729 0.531481 0.381250 0.531481 0.383854 0.526852 0.384375 0.526852 0.386458 0.523148 0.386979 0.523148 0.388542 0.520370 0.389062 0.520370 0.390104 0.518519 0.390625 0.518519 0.391146 0.517593 0.391667 0.517593 0.392708 0.515741 0.393750 0.515741 0.394271 0.514815 0.397917 0.514815 0.398438 0.515741 0.399479 0.515741 0.400521 0.517593 0.401042 0.517593 0.402604 0.520370 0.403125 0.520370 0.420312 0.550926 0.420312 0.551852 0.427604 0.564815 0.427604 0.565741 0.428646 0.567593 0.429167 0.567593 0.430729 0.570370 0.431250 0.570370 0.431771 0.571296 0.432812 0.571296 0.433333 0.570370 0.433854 0.570370 0.433854 0.569444 0.434375 0.568519 0.434375 0.565741 0.433854 0.564815 0.433854 0.563889 0.433333 0.562963 0.433333 0.562037 0.432812 0.561111 0.432812 0.560185 0.432292 0.559259 0.432292 0.558333 0.431771 0.557407 0.431771 0.556481 0.431250 0.555556 0.431250 0.554630 0.430729 0.553704 0.430729 0.552778 0.429688 0.550926 0.429688 0.550000 0.429167 0.549074 0.429167 0.548148 0.428646 0.547222 0.428646 0.546296 0.428125 0.545370 0.428125 0.544444 0.427604 0.543519 0.427604 0.542593 0.427083 0.541667 0.427083 0.540741 0.426563 0.539815 0.426563 0.538889 0.426042 0.537963 0.426042 0.537037 0.425521 0.536111 0.425521 0.535185 0.398438 0.487037 0.398438 0.486111 0.397396 0.484259 0.397396 0.481481 0.396875 0.480556
0 0.480990 0.518056 0.079687 0.080556 0.475000 0.477778 0.475521 0.477778 0.477604 0.481481 0.477604 0.485185 0.476042 0.487963 0.476042 0.488889 0.465625 0.507407 0.465104 0.507407 0.441146 0.550000 0.441146 0.550926 0.442188 0.552778 0.442188 0.553704 0.443229 0.555556 0.443229 0.556481 0.443750 0.557407 0.444271 0.557407 0.444792 0.558333 0.445312 0.558333 0.445833 0.557407 0.446354 0.557407 0.450000 0.550926 0.450521 0.550926 0.465104 0.525000 0.465625 0.525000 0.470313 0.516667 0.470833 0.516667 0.473958 0.511111 0.474479 0.511111 0.476042 0.508333 0.476562 0.508333 0.477604 0.506481 0.478125 0.506481 0.478646 0.505556 0.479167 0.505556 0.479687 0.506481 0.480208 0.506481 0.481250 0.508333 0.481771 0.508333 0.482812 0.510185 0.483333 0.510185 0.484375 0.512037 0.484896 0.512037 0.485938 0.513889 0.486458 0.513889 0.486979 0.514815 0.487500 0.514815 0.488542 0.516667 0.489063 0.516667 0.490104 0.518519 0.490625 0.518519 0.491667 0.520370 0.492188 0.520370 0.493229 0.522222 0.493750 0.522222 0.494792 0.524074 0.495312 0.524074 0.508333 0.547222 0.508854 0.547222 0.509375 0.548148 0.509896 0.548148 0.510938 0.550000 0.511458 0.550000 0.512500 0.551852 0.513021 0.551852 0.514062 0.553704 0.514583 0.553704 0.515625 0.555556 0.516146 0.555556 0.517188 0.557407 0.519792 0.557407 0.520833 0.555556 0.520833 0.552778 0.520312 0.551852 0.520312 0.550926 0.516667 0.544444 0.516667 0.543519 0.498437 0.511111 0.498437 0.510185 0.484375 0.485185 0.483854 0.485185 0.483333 0.484259 0.482812 0.484259 0.482292 0.483333 0.481771 0.483333 0.481250 0.482407 0.480729 0.482407 0.480208 0.481481 0.479167 0.481481 0.478646 0.480556 0.478125 0.480556 0.477604 0.479630 0.477083 0.479630 0.476562 0.478704 0.476042 0.478704 0.475521 0.477778
0 0.574740 0.518519 0.079687 0.079630 0.563021 0.478704 0.561979 0.480556 0.563021 0.480556 0.563542 0.481481 0.565625 0.481481 0.566146 0.482407 0.567708 0.482407 0.569792 0.486111 0.569792 0.489815 0.569271 0.490741 0.569271 0.491667 0.534896 0.552778 0.534896 0.553704 0.535417 0.554630 0.535937 0.554630 0.536458 0.555556 0.536979 0.555556 0.538021 0.557407 0.538542 0.557407 0.539062 0.558333 0.541146 0.558333 0.557813 0.528704 0.558333 0.528704 0.565104 0.516667 0.565625 0.516667 0.568750 0.511111 0.570312 0.511111 0.570833 0.512037 0.571875 0.512037 0.572396 0.512963 0.573438 0.512963 0.573958 0.513889 0.574479 0.513889 0.575000 0.514815 0.576042 0.514815 0.576562 0.515741 0.577604 0.515741 0.578125 0.516667 0.579167 0.516667 0.579688 0.517593 0.580729 0.517593 0.581250 0.518519 0.582292 0.518519 0.582812 0.519444 0.583854 0.519444 0.584375 0.520370 0.585417 0.520370 0.585938 0.521296 0.586458 0.521296 0.586979 0.522222 0.587500 0.522222 0.588542 0.524074 0.589063 0.524074 0.595313 0.535185 0.595313 0.536111 0.604688 0.552778 0.605729 0.552778 0.606250 0.553704 0.606771 0.553704 0.607292 0.554630 0.608333 0.554630 0.608854 0.555556 0.609896 0.555556 0.610417 0.556481 0.610938 0.556481 0.611458 0.557407 0.613021 0.557407 0.613542 0.556481 0.614062 0.556481 0.614062 0.555556 0.614583 0.554630 0.614583 0.552778 0.614062 0.551852 0.614062 0.550926 0.613021 0.549074 0.613021 0.548148 0.601562 0.527778 0.601562 0.526852 0.584896 0.497222 0.584896 0.496296 0.579688 0.487037 0.579167 0.487037 0.577604 0.484259 0.576042 0.484259 0.575521 0.483333 0.573958 0.483333 0.573438 0.482407 0.571875 0.482407 0.571354 0.481481 0.569792 0.481481 0.569271 0.480556 0.567187 0.480556 0.566667 0.479630 0.565104 0.479630 0.564583 0.478704
0 0.655990 0.531019 0.084896 0.071296 0.663542 0.495370 0.661458 0.499074 0.661458 0.500000 0.628125 0.559259 0.627604 0.559259 0.627083 0.560185 0.625000 0.560185 0.624479 0.559259 0.623437 0.559259 0.622917 0.558333 0.622396 0.558333 0.621875 0.557407 0.620833 0.557407 0.620313 0.556481 0.619271 0.556481 0.618750 0.555556 0.618229 0.555556 0.617708 0.554630 0.616667 0.554630 0.616146 0.553704 0.615104 0.553704 0.615104 0.554630 0.614583 0.555556 0.614583 0.556481 0.614062 0.557407 0.613542 0.557407 0.613542 0.558333 0.614062 0.558333 0.614583 0.559259 0.615625 0.559259 0.616146 0.560185 0.616667 0.560185 0.617188 0.561111 0.618229 0.561111 0.618750 0.562037 0.619792 0.562037 0.620313 0.562963 0.620833 0.562963 0.621354 0.563889 0.622396 0.563889 0.622917 0.564815 0.623437 0.564815 0.623958 0.565741 0.625000 0.565741 0.625521 0.566667 0.627083 0.566667 0.627604 0.565741 0.628125 0.565741 0.650000 0.526852 0.650521 0.526852 0.654167 0.520370 0.654687 0.520370 0.656250 0.517593 0.656771 0.517593 0.657292 0.516667 0.659896 0.516667 0.660417 0.517593 0.661979 0.517593 0.662500 0.518519 0.664062 0.518519 0.664583 0.519444 0.665625 0.519444 0.666146 0.520370 0.666667 0.520370 0.668229 0.523148 0.668750 0.523148 0.671354 0.527778 0.671354 0.528704 0.690625 0.562963 0.692187 0.562963 0.692708 0.563889 0.693750 0.563889 0.694271 0.564815 0.695312 0.564815 0.695833 0.565741 0.696875 0.565741 0.697396 0.564815 0.697917 0.564815 0.698438 0.563889 0.698438 0.560185 0.697917 0.559259 0.697917 0.558333 0.695833 0.554630 0.695833 0.553704 0.685417 0.535185 0.685417 0.534259 0.674479 0.514815 0.674479 0.513889 0.664062 0.495370
0 0.352865 0.516204 0.081771 0.082407 0.393229 0.475000 0.392188 0.476852 0.391667 0.476852 0.390625 0.478704 0.390104 0.478704 0.388542 0.481481 0.388021 0.481481 0.384896 0.487037 0.384375 0.487037 0.380208 0.494444 0.379688 0.494444 0.370312 0.511111 0.369792 0.511111 0.360417 0.527778 0.359896 0.527778 0.359375 0.528704 0.358333 0.528704 0.357812 0.527778 0.357292 0.527778 0.356250 0.525926 0.356250 0.525000 0.355729 0.524074 0.355729 0.522222 0.356250 0.521296 0.356250 0.520370 0.356771 0.519444 0.356771 0.518519 0.357812 0.516667 0.357812 0.515741 0.358333 0.514815 0.358333 0.513889 0.359375 0.512037 0.359375 0.511111 0.358854 0.511111 0.356250 0.515741 0.355729 0.515741 0.354687 0.517593 0.352604 0.517593 0.352604 0.518519 0.351562 0.520370 0.351562 0.521296 0.350521 0.523148 0.350521 0.524074 0.350000 0.525000 0.349479 0.525000 0.348958 0.525926 0.347396 0.525926 0.346875 0.525000 0.346354 0.525000 0.344271 0.521296 0.343750 0.521296 0.325521 0.488889 0.325000 0.488889 0.320833 0.481481 0.320312 0.481481 0.318229 0.477778 0.317188 0.477778 0.316667 0.478704 0.316146 0.478704 0.315625 0.479630 0.315104 0.479630 0.314583 0.480556 0.314063 0.480556 0.313542 0.481481 0.313021 0.481481 0.311979 0.483333 0.311979 0.487037 0.312500 0.487963 0.312500 0.488889 0.350000 0.555556 0.350521 0.555556 0.351562 0.557407 0.353646 0.557407 0.354167 0.556481 0.354687 0.556481 0.362500 0.542593 0.363021 0.542593 0.382292 0.508333 0.382812 0.508333 0.392708 0.490741 0.392708 0.489815 0.393750 0.487963 0.393750 0.475000
0 0.437240 0.513426 0.079687 0.080556 0.397396 0.473148 0.397396 0.479630 0.397917 0.480556 0.397917 0.484259 0.398958 0.486111 0.398958 0.487037 0.435417 0.551852 0.435937 0.551852 0.436458 0.552778 0.436979 0.552778 0.437500 0.553704 0.438021 0.552778 0.438542 0.552778 0.439583 0.550926 0.440104 0.550926 0.465104 0.506481 0.465625 0.506481 0.475521 0.488889 0.475521 0.487963 0.477083 0.485185 0.477083 0.481481 0.475521 0.478704 0.475000 0.478704 0.474479 0.477778 0.473958 0.477778 0.470833 0.483333 0.470313 0.483333 0.463542 0.495370 0.463021 0.495370 0.448437 0.521296 0.447917 0.521296 0.447396 0.522222 0.446875 0.522222 0.446354 0.523148 0.445833 0.522222 0.445312 0.522222 0.442188 0.516667 0.442188 0.515741 0.440625 0.512963 0.440104 0.512963 0.439583 0.513889 0.439063 0.513889 0.438542 0.514815 0.438021 0.514815 0.437500 0.515741 0.436979 0.515741 0.435937 0.513889 0.435417 0.513889 0.431771 0.507407 0.431250 0.507407 0.431250 0.508333 0.432292 0.510185 0.432292 0.511111 0.433854 0.513889 0.433854 0.514815 0.434896 0.516667 0.434896 0.517593 0.435937 0.519444 0.435937 0.520370 0.436979 0.522222 0.436979 0.525926 0.435417 0.528704 0.433333 0.528704 0.432812 0.527778 0.432292 0.527778 0.413021 0.493519 0.412500 0.493519 0.406771 0.483333 0.406250 0.483333 0.403646 0.478704 0.403125 0.478704 0.402083 0.476852 0.401562 0.476852 0.400521 0.475000 0.400000 0.475000 0.399479 0.474074 0.397917 0.474074
0 0.521875 0.515278 0.094792 0.086111 0.478125 0.472222 0.477604 0.473148 0.477083 0.473148 0.475000 0.476852 0.474479 0.476852 0.475521 0.476852 0.476042 0.477778 0.476562 0.477778 0.477083 0.478704 0.477604 0.478704 0.478125 0.479630 0.478646 0.479630 0.479167 0.480556 0.480208 0.480556 0.480729 0.481481 0.481250 0.481481 0.481771 0.482407 0.482292 0.482407 0.482812 0.483333 0.483333 0.483333 0.483854 0.484259 0.484375 0.484259 0.498958 0.510185 0.498958 0.511111 0.517188 0.543519 0.517188 0.544444 0.518229 0.546296 0.518750 0.546296 0.519271 0.547222 0.519792 0.547222 0.520833 0.549074 0.521354 0.549074 0.522396 0.550926 0.522917 0.550926 0.523438 0.551852 0.523958 0.551852 0.525000 0.553704 0.525521 0.553704 0.526042 0.554630 0.526563 0.554630 0.527604 0.556481 0.528125 0.556481 0.528646 0.557407 0.529167 0.557407 0.529687 0.558333 0.530729 0.558333 0.531771 0.556481 0.532292 0.556481 0.568750 0.491667 0.568750 0.490741 0.569271 0.489815 0.569271 0.486111 0.567708 0.483333 0.566146 0.483333 0.565625 0.482407 0.563542 0.482407 0.563021 0.481481 0.561458 0.481481 0.560417 0.483333 0.559896 0.483333 0.540625 0.517593 0.540104 0.517593 0.539062 0.519444 0.538021 0.519444 0.537500 0.518519 0.536458 0.518519 0.535937 0.517593 0.535417 0.517593 0.534896 0.516667 0.534375 0.516667 0.533854 0.515741 0.533333 0.515741 0.531250 0.519444 0.530729 0.519444 0.530208 0.520370 0.529687 0.520370 0.529167 0.519444 0.528125 0.519444 0.527604 0.518519 0.527083 0.518519 0.526563 0.517593 0.526042 0.517593 0.525521 0.516667 0.525000 0.516667 0.524479 0.515741 0.523438 0.515741 0.523958 0.516667 0.523958 0.519444 0.522396 0.522222 0.519792 0.522222 0.519271 0.521296 0.518750 0.521296 0.518229 0.520370 0.517708 0.520370 0.517188 0.519444 0.516667 0.519444 0.516146 0.518519 0.515625 0.518519 0.515104 0.517593 0.514583 0.517593 0.514062 0.516667 0.513542 0.516667 0.496875 0.487037 0.496354 0.487037 0.494792 0.484259 0.493750 0.484259 0.493229 0.483333 0.492708 0.483333 0.492188 0.482407 0.491146 0.482407 0.490625 0.481481 0.490104 0.481481 0.489583 0.480556 0.488542 0.480556 0.488021 0.479630 0.487500 0.479630 0.486979 0.478704 0.486458 0.478704 0.485938 0.477778 0.484896 0.477778 0.484375 0.476852 0.483854 0.476852 0.483333 0.475926 0.482292 0.475926 0.481771 0.475000 0.481250 0.475000 0.480729 0.474074 0.479687 0.474074 0.479167 0.473148 0.478646 0.473148
0 0.614323 0.517130 0.101562 0.084259 0.565104 0.475000 0.563542 0.477778 0.564583 0.477778 0.565104 0.478704 0.566667 0.478704 0.567187 0.479630 0.569271 0.479630 0.569792 0.480556 0.571354 0.480556 0.571875 0.481481 0.573438 0.481481 0.573958 0.482407 0.575521 0.482407 0.576042 0.483333 0.577604 0.483333 0.579167 0.486111 0.579688 0.486111 0.585417 0.496296 0.585417 0.497222 0.602083 0.526852 0.602083 0.527778 0.613542 0.548148 0.613542 0.549074 0.614583 0.550926 0.614583 0.551852 0.615104 0.552778 0.616146 0.552778 0.616667 0.553704 0.617708 0.553704 0.618229 0.554630 0.618750 0.554630 0.619271 0.555556 0.620313 0.555556 0.620833 0.556481 0.621875 0.556481 0.622396 0.557407 0.622917 0.557407 0.623437 0.558333 0.624479 0.558333 0.625000 0.559259 0.627083 0.559259 0.627604 0.558333 0.628125 0.558333 0.660937 0.500000 0.660937 0.499074 0.665104 0.491667 0.665104 0.487963 0.664583 0.487037 0.664583 0.486111 0.664062 0.486111 0.663542 0.485185 0.662500 0.485185 0.661979 0.484259 0.659375 0.484259 0.655729 0.490741 0.655208 0.490741 0.633333 0.529630 0.632812 0.529630 0.631250 0.532407 0.630208 0.532407 0.629687 0.531481 0.628646 0.531481 0.628125 0.530556 0.627083 0.530556 0.626563 0.529630 0.625000 0.529630 0.624479 0.528704 0.623437 0.528704 0.622917 0.527778 0.621354 0.527778 0.620833 0.526852 0.619792 0.526852 0.619271 0.525926 0.618229 0.525926 0.617708 0.525000 0.616146 0.525000 0.615625 0.524074 0.614583 0.524074 0.614062 0.523148 0.612500 0.523148 0.601562 0.503704 0.601562 0.502778 0.593229 0.487963 0.592708 0.487963 0.591667 0.486111 0.591146 0.486111 0.590625 0.485185 0.588542 0.485185 0.588021 0.484259 0.586458 0.484259 0.585938 0.483333 0.583854 0.483333 0.583333 0.482407 0.581771 0.482407 0.581250 0.481481 0.579688 0.481481 0.579167 0.480556 0.577083 0.480556 0.576562 0.479630 0.575000 0.479630 0.574479 0.478704 0.572396 0.478704 0.571875 0.477778 0.570312 0.477778 0.569792 0.476852 0.567708 0.476852 0.567187 0.475926 0.565625 0.475926
0 0.704688 0.527778 0.081250 0.074074 0.665625 0.490741 0.665625 0.491667 0.664062 0.494444 0.675000 0.513889 0.675000 0.514815 0.685937 0.534259 0.685937 0.535185 0.696354 0.553704 0.696354 0.554630 0.698438 0.558333 0.698438 0.559259 0.698958 0.560185 0.698958 0.561111 0.700000 0.561111 0.700521 0.562037 0.701562 0.562037 0.702083 0.562963 0.703646 0.562963 0.704167 0.563889 0.705208 0.563889 0.705729 0.564815 0.708854 0.564815 0.741667 0.506481 0.741667 0.505556 0.745313 0.499074 0.745313 0.495370 0.743750 0.492593 0.741667 0.492593 0.741146 0.491667 0.738021 0.491667 0.737500 0.490741 0.734896 0.490741 0.714063 0.527778 0.714063 0.528704 0.713542 0.529630 0.713021 0.529630 0.709896 0.535185 0.709375 0.535185 0.708854 0.536111 0.707292 0.536111 0.706771 0.535185 0.705208 0.535185 0.704688 0.534259 0.703125 0.534259 0.702604 0.533333 0.700521 0.533333 0.700000 0.532407 0.698438 0.532407 0.697917 0.531481 0.696354 0.531481 0.695833 0.530556 0.695312 0.530556 0.674479 0.493519 0.672917 0.493519 0.672396 0.492593 0.669792 0.492593 0.669271 0.491667 0.667188 0.491667 0.666667 0.490741
0 0.310937 0.487037 0.082292 0.075926 0.311458 0.449074 0.310937 0.450000 0.309896 0.450000 0.309375 0.450926 0.308854 0.450926 0.307292 0.453704 0.306771 0.453704 0.293229 0.477778 0.292708 0.477778 0.275521 0.508333 0.275000 0.508333 0.271354 0.514815 0.271354 0.515741 0.269792 0.518519 0.269792 0.522222 0.271354 0.525000 0.272917 0.525000 0.273438 0.524074 0.273958 0.524074 0.274479 0.523148 0.275000 0.523148 0.275521 0.522222 0.276042 0.522222 0.277083 0.520370 0.277604 0.520370 0.278125 0.519444 0.278646 0.519444 0.280729 0.515741 0.281250 0.515741 0.293229 0.494444 0.293750 0.494444 0.297396 0.487963 0.297917 0.487963 0.298438 0.487037 0.298958 0.487037 0.299479 0.486111 0.300000 0.486111 0.300521 0.485185 0.301042 0.485185 0.301563 0.484259 0.302083 0.484259 0.302604 0.483333 0.303646 0.483333 0.304167 0.482407 0.304688 0.482407 0.305208 0.481481 0.305729 0.481481 0.306250 0.480556 0.306771 0.480556 0.307292 0.479630 0.307812 0.479630 0.308333 0.478704 0.308854 0.478704 0.309375 0.477778 0.309896 0.477778 0.310417 0.476852 0.310937 0.476852 0.311458 0.475926 0.311979 0.475926 0.313542 0.473148 0.314063 0.473148 0.314583 0.472222 0.315104 0.473148 0.315625 0.473148 0.317188 0.475926 0.317708 0.475926 0.320312 0.480556 0.320833 0.480556 0.325000 0.487963 0.325521 0.487963 0.343750 0.520370 0.344271 0.520370 0.346354 0.524074 0.346875 0.524074 0.347396 0.525000 0.348958 0.525000 0.349479 0.524074 0.350000 0.524074 0.350000 0.523148 0.351042 0.521296 0.351042 0.520370 0.352083 0.518519 0.352083 0.516667 0.351562 0.516667 0.313542 0.449074
0 0.396354 0.486111 0.080208 0.083333 0.395833 0.444444 0.395313 0.445370 0.394792 0.445370 0.394271 0.446296 0.394271 0.449074 0.391146 0.454630 0.391146 0.455556 0.390104 0.457407 0.389583 0.457407 0.367708 0.496296 0.367188 0.496296 0.361458 0.506481 0.361458 0.507407 0.360417 0.509259 0.360417 0.510185 0.359896 0.511111 0.359896 0.512037 0.358854 0.513889 0.358854 0.514815 0.358333 0.515741 0.358333 0.516667 0.357292 0.518519 0.357292 0.519444 0.356771 0.520370 0.356771 0.521296 0.356250 0.522222 0.356250 0.524074 0.356771 0.525000 0.356771 0.525926 0.357292 0.526852 0.357812 0.526852 0.358333 0.527778 0.359375 0.527778 0.359896 0.526852 0.360417 0.526852 0.369792 0.510185 0.370312 0.510185 0.379688 0.493519 0.380208 0.493519 0.384375 0.486111 0.384896 0.486111 0.388021 0.480556 0.388542 0.480556 0.390104 0.477778 0.390625 0.477778 0.391667 0.475926 0.392188 0.475926 0.393229 0.474074 0.394271 0.474074 0.394792 0.473148 0.395833 0.473148 0.396354 0.472222 0.397396 0.472222 0.397917 0.473148 0.399479 0.473148 0.400000 0.474074 0.400521 0.474074 0.401562 0.475926 0.402083 0.475926 0.403125 0.477778 0.403646 0.477778 0.406250 0.482407 0.406771 0.482407 0.412500 0.492593 0.413021 0.492593 0.432292 0.526852 0.432812 0.526852 0.433333 0.527778 0.435417 0.527778 0.436458 0.525926 0.436458 0.522222 0.435417 0.520370 0.435417 0.519444 0.434375 0.517593 0.434375 0.516667 0.433333 0.514815 0.433333 0.513889 0.431771 0.511111 0.431771 0.510185 0.430729 0.508333 0.430729 0.507407 0.429688 0.505556 0.429688 0.504630 0.428125 0.501852 0.428125 0.500926 0.401562 0.453704 0.401562 0.452778 0.396875 0.444444
0 0.482031 0.482870 0.082812 0.078704 0.477604 0.443519 0.477604 0.446296 0.477083 0.447222 0.477083 0.448148 0.451042 0.494444 0.450521 0.494444 0.440625 0.512037 0.442708 0.515741 0.442708 0.516667 0.445312 0.521296 0.445833 0.521296 0.446354 0.522222 0.446875 0.521296 0.447396 0.521296 0.447917 0.520370 0.448437 0.520370 0.463021 0.494444 0.463542 0.494444 0.470313 0.482407 0.470833 0.482407 0.474479 0.475926 0.475000 0.475926 0.477083 0.472222 0.477604 0.472222 0.478125 0.471296 0.478646 0.472222 0.479167 0.472222 0.479687 0.473148 0.480729 0.473148 0.481250 0.474074 0.481771 0.474074 0.482292 0.475000 0.483333 0.475000 0.483854 0.475926 0.484375 0.475926 0.484896 0.476852 0.485938 0.476852 0.486458 0.477778 0.486979 0.477778 0.487500 0.478704 0.488021 0.478704 0.488542 0.479630 0.489583 0.479630 0.490104 0.480556 0.490625 0.480556 0.491146 0.481481 0.492188 0.481481 0.492708 0.482407 0.493229 0.482407 0.493750 0.483333 0.494792 0.483333 0.496354 0.486111 0.496875 0.486111 0.513542 0.515741 0.514062 0.515741 0.514583 0.516667 0.515104 0.516667 0.515625 0.517593 0.516146 0.517593 0.516667 0.518519 0.517188 0.518519 0.517708 0.519444 0.518229 0.519444 0.518750 0.520370 0.519271 0.520370 0.519792 0.521296 0.522396 0.521296 0.523438 0.519444 0.523438 0.516667 0.522917 0.515741 0.522917 0.514815 0.520833 0.511111 0.520833 0.510185 0.504687 0.481481 0.504687 0.480556 0.485938 0.447222 0.485417 0.447222 0.484896 0.446296 0.483333 0.446296 0.482812 0.445370 0.480729 0.445370 0.480208 0.444444 0.478125 0.444444
0 0.572917 0.481019 0.078125 0.075000 0.566146 0.443519 0.566667 0.443519 0.567187 0.444444 0.567708 0.444444 0.569271 0.447222 0.569271 0.450926 0.568750 0.451852 0.568750 0.452778 0.533854 0.514815 0.534375 0.515741 0.534896 0.515741 0.535417 0.516667 0.535937 0.516667 0.536458 0.517593 0.537500 0.517593 0.538021 0.518519 0.539062 0.518519 0.540104 0.516667 0.540625 0.516667 0.559896 0.482407 0.560417 0.482407 0.565104 0.474074 0.565625 0.475000 0.567187 0.475000 0.567708 0.475926 0.569792 0.475926 0.570312 0.476852 0.571875 0.476852 0.572396 0.477778 0.574479 0.477778 0.575000 0.478704 0.576562 0.478704 0.577083 0.479630 0.579167 0.479630 0.579688 0.480556 0.581250 0.480556 0.581771 0.481481 0.583333 0.481481 0.583854 0.482407 0.585938 0.482407 0.586458 0.483333 0.588021 0.483333 0.588542 0.484259 0.590625 0.484259 0.591146 0.485185 0.591667 0.485185 0.592708 0.487037 0.593229 0.487037 0.602083 0.502778 0.602083 0.503704 0.609896 0.517593 0.610938 0.517593 0.611979 0.515741 0.611979 0.512037 0.610938 0.510185 0.610938 0.509259 0.602083 0.493519 0.602083 0.492593 0.586458 0.464815 0.586458 0.463889 0.576562 0.446296 0.576042 0.446296 0.575521 0.445370 0.573438 0.445370 0.572917 0.444444 0.569271 0.444444 0.568750 0.443519
0 0.657292 0.493981 0.093750 0.075000 0.663021 0.456481 0.626563 0.521296 0.623958 0.521296 0.623437 0.520370 0.621875 0.520370 0.621354 0.519444 0.619792 0.519444 0.619271 0.518519 0.618229 0.518519 0.617708 0.517593 0.616146 0.517593 0.615625 0.516667 0.614062 0.516667 0.613542 0.515741 0.612500 0.515741 0.610938 0.518519 0.610417 0.518519 0.612500 0.522222 0.614062 0.522222 0.614583 0.523148 0.615625 0.523148 0.616146 0.524074 0.617708 0.524074 0.618229 0.525000 0.619271 0.525000 0.619792 0.525926 0.620833 0.525926 0.621354 0.526852 0.622917 0.526852 0.623437 0.527778 0.624479 0.527778 0.625000 0.528704 0.626563 0.528704 0.627083 0.529630 0.628125 0.529630 0.628646 0.530556 0.629687 0.530556 0.630208 0.531481 0.631250 0.531481 0.632812 0.528704 0.633333 0.528704 0.655208 0.489815 0.655729 0.489815 0.659375 0.483333 0.661979 0.483333 0.662500 0.484259 0.663542 0.484259 0.664062 0.485185 0.664583 0.485185 0.665104 0.486111 0.665104 0.487037 0.665625 0.487963 0.665625 0.489815 0.666667 0.489815 0.667188 0.490741 0.669271 0.490741 0.669792 0.491667 0.672396 0.491667 0.672917 0.492593 0.674479 0.492593 0.693750 0.526852 0.694792 0.526852 0.695312 0.527778 0.696875 0.527778 0.697396 0.528704 0.698958 0.528704 0.699479 0.529630 0.701562 0.529630 0.702083 0.530556 0.702604 0.530556 0.703125 0.529630 0.703646 0.529630 0.704167 0.528704 0.704167 0.524074 0.702604 0.521296 0.702604 0.520370 0.694792 0.506481 0.694792 0.505556 0.684896 0.487963 0.684896 0.487037 0.674479 0.468519 0.674479 0.467593 0.669271 0.458333 0.668750 0.458333 0.668229 0.457407 0.667708 0.457407 0.667188 0.456481
0 0.353385 0.476852 0.080729 0.079630 0.392708 0.437037 0.391667 0.438889 0.391146 0.438889 0.389583 0.441667 0.389062 0.441667 0.386458 0.446296 0.385937 0.446296 0.382292 0.452778 0.381771 0.452778 0.374479 0.465741 0.373958 0.465741 0.361458 0.487963 0.360938 0.487963 0.359896 0.489815 0.358333 0.489815 0.357812 0.488889 0.357292 0.488889 0.356771 0.487963 0.356771 0.487037 0.356250 0.486111 0.356250 0.482407 0.357292 0.480556 0.357292 0.479630 0.357812 0.478704 0.357812 0.477778 0.357292 0.476852 0.356771 0.476852 0.356250 0.477778 0.355729 0.477778 0.354167 0.480556 0.353125 0.480556 0.348958 0.487963 0.347396 0.487963 0.346875 0.487037 0.346354 0.487037 0.344271 0.483333 0.343750 0.483333 0.325521 0.450926 0.325000 0.450926 0.320312 0.442593 0.319792 0.442593 0.318750 0.440741 0.316667 0.440741 0.316146 0.441667 0.314583 0.441667 0.313021 0.444444 0.313021 0.446296 0.313542 0.447222 0.313542 0.448148 0.351562 0.515741 0.352083 0.515741 0.352604 0.516667 0.354687 0.516667 0.355729 0.514815 0.356250 0.514815 0.367188 0.495370 0.367708 0.495370 0.389583 0.456481 0.390104 0.456481 0.390625 0.455556 0.390625 0.454630 0.393750 0.449074 0.393750 0.438889
0 0.436979 0.475000 0.080208 0.079630 0.397396 0.435185 0.397396 0.436111 0.396875 0.437037 0.397396 0.437963 0.397396 0.440741 0.397917 0.441667 0.397917 0.444444 0.398438 0.445370 0.398438 0.446296 0.402083 0.452778 0.402083 0.453704 0.435417 0.512963 0.435937 0.512963 0.436979 0.514815 0.437500 0.514815 0.438021 0.513889 0.438542 0.513889 0.439063 0.512963 0.439583 0.512963 0.450521 0.493519 0.451042 0.493519 0.476562 0.448148 0.476562 0.447222 0.477083 0.446296 0.477083 0.443519 0.476562 0.442593 0.476562 0.441667 0.476042 0.441667 0.475521 0.440741 0.475000 0.440741 0.474479 0.439815 0.472917 0.439815 0.469271 0.446296 0.468750 0.446296 0.456250 0.468519 0.455729 0.468519 0.447396 0.483333 0.445312 0.483333 0.444271 0.481481 0.443750 0.481481 0.442188 0.478704 0.441667 0.478704 0.440625 0.476852 0.440104 0.476852 0.439583 0.475926 0.439063 0.475926 0.438542 0.476852 0.437500 0.476852 0.436979 0.475926 0.436458 0.475926 0.434896 0.473148 0.434375 0.473148 0.433854 0.474074 0.433333 0.474074 0.433333 0.475000 0.434896 0.477778 0.434896 0.478704 0.436979 0.482407 0.436979 0.483333 0.437500 0.484259 0.437500 0.487037 0.435937 0.489815 0.433333 0.489815 0.431771 0.487037 0.431250 0.487037 0.424479 0.475000 0.423958 0.475000 0.422396 0.472222 0.421875 0.472222 0.417187 0.463889 0.416667 0.463889 0.401562 0.437037 0.401042 0.437037 0.400521 0.436111 0.400000 0.436111 0.399479 0.435185
0 0.521094 0.479167 0.095312 0.080556 0.473438 0.438889 0.474479 0.438889 0.475000 0.439815 0.475521 0.439815 0.476042 0.440741 0.476562 0.440741 0.477083 0.441667 0.477083 0.442593 0.477604 0.442593 0.478125 0.443519 0.480208 0.443519 0.480729 0.444444 0.482812 0.444444 0.483333 0.445370 0.484896 0.445370 0.485417 0.446296 0.485938 0.446296 0.505208 0.480556 0.505208 0.481481 0.521354 0.510185 0.521354 0.511111 0.523438 0.514815 0.524479 0.514815 0.525000 0.515741 0.525521 0.515741 0.526042 0.516667 0.526563 0.516667 0.527083 0.517593 0.527604 0.517593 0.528125 0.518519 0.529167 0.518519 0.529687 0.519444 0.530208 0.519444 0.530729 0.518519 0.531250 0.518519 0.568229 0.452778 0.568229 0.451852 0.568750 0.450926 0.568750 0.447222 0.567708 0.445370 0.567187 0.445370 0.566667 0.444444 0.565625 0.444444 0.563542 0.448148 0.563021 0.448148 0.543750 0.482407 0.543229 0.482407 0.542708 0.483333 0.540625 0.483333 0.540104 0.482407 0.538542 0.482407 0.538021 0.481481 0.536458 0.481481 0.535937 0.480556 0.534896 0.480556 0.534375 0.479630 0.533333 0.479630 0.532292 0.481481 0.531771 0.481481 0.531250 0.482407 0.529687 0.482407 0.529167 0.481481 0.528125 0.481481 0.527604 0.480556 0.526042 0.480556 0.525521 0.479630 0.524479 0.479630 0.523958 0.478704 0.523438 0.478704 0.523438 0.479630 0.522917 0.480556 0.522917 0.481481 0.522396 0.482407 0.521875 0.482407 0.521354 0.483333 0.519792 0.483333 0.519271 0.482407 0.518229 0.482407 0.517708 0.481481 0.516146 0.481481 0.515625 0.480556 0.514583 0.480556 0.495312 0.446296 0.494792 0.446296 0.494271 0.445370 0.493229 0.445370 0.492708 0.444444 0.490625 0.444444 0.490104 0.443519 0.488021 0.443519 0.487500 0.442593 0.484896 0.442593 0.484375 0.441667 0.482292 0.441667 0.481771 0.440741 0.479687 0.440741 0.479167 0.439815 0.477083 0.439815 0.476562 0.438889
0 0.615365 0.481481 0.097396 0.077778 0.566667 0.442593 0.568750 0.442593 0.569271 0.443519 0.572917 0.443519 0.573438 0.444444 0.575521 0.444444 0.576042 0.445370 0.576562 0.445370 0.586979 0.463889 0.586979 0.464815 0.602604 0.492593 0.602604 0.493519 0.611458 0.509259 0.611458 0.510185 0.612500 0.512037 0.612500 0.514815 0.613542 0.514815 0.614062 0.515741 0.615625 0.515741 0.616146 0.516667 0.617708 0.516667 0.618229 0.517593 0.619271 0.517593 0.619792 0.518519 0.621354 0.518519 0.621875 0.519444 0.623437 0.519444 0.623958 0.520370 0.626563 0.520370 0.663021 0.455556 0.663021 0.454630 0.664062 0.452778 0.664062 0.449074 0.662500 0.446296 0.657813 0.446296 0.657292 0.445370 0.655729 0.448148 0.655208 0.448148 0.651042 0.455556 0.650521 0.455556 0.630208 0.491667 0.629687 0.491667 0.628646 0.493519 0.628125 0.493519 0.627604 0.492593 0.625521 0.492593 0.625000 0.491667 0.623437 0.491667 0.622917 0.490741 0.620833 0.490741 0.620313 0.489815 0.618229 0.489815 0.617708 0.488889 0.615625 0.488889 0.615104 0.487963 0.614062 0.487963 0.591146 0.447222 0.590104 0.447222 0.589583 0.446296 0.585417 0.446296 0.584896 0.445370 0.580729 0.445370 0.580208 0.444444 0.576042 0.444444 0.575521 0.443519 0.571354 0.443519 0.570833 0.442593
0 0.709375 0.499537 0.072917 0.071296 0.672917 0.463889 0.675000 0.467593 0.675000 0.468519 0.685417 0.487037 0.685417 0.487963 0.695312 0.505556 0.695312 0.506481 0.703125 0.520370 0.703125 0.521296 0.704688 0.524074 0.704688 0.528704 0.703646 0.530556 0.703125 0.530556 0.702604 0.531481 0.702083 0.531481 0.701562 0.530556 0.699479 0.530556 0.698958 0.529630 0.697396 0.529630 0.696875 0.528704 0.695312 0.528704 0.694792 0.527778 0.694271 0.527778 0.695312 0.529630 0.695833 0.529630 0.696354 0.530556 0.697917 0.530556 0.698438 0.531481 0.700000 0.531481 0.700521 0.532407 0.702604 0.532407 0.703125 0.533333 0.704688 0.533333 0.705208 0.534259 0.706771 0.534259 0.707292 0.535185 0.708854 0.535185 0.709375 0.534259 0.709896 0.534259 0.713021 0.528704 0.713542 0.528704 0.713542 0.527778 0.743750 0.474074 0.743750 0.473148 0.745313 0.470370 0.745313 0.469444 0.745833 0.468519 0.745833 0.466667 0.744271 0.463889 0.742188 0.463889 0.717187 0.508333 0.716667 0.508333 0.716146 0.509259 0.714583 0.509259 0.714063 0.508333 0.711458 0.508333 0.710938 0.507407 0.708333 0.507407 0.707812 0.506481 0.705729 0.506481 0.705208 0.505556 0.702604 0.505556 0.702083 0.504630 0.699479 0.504630 0.698958 0.503704 0.697917 0.503704 0.681250 0.474074 0.681250 0.473148 0.677604 0.466667 0.677083 0.466667 0.676042 0.464815 0.675521 0.464815 0.675000 0.463889
0 0.310937 0.449074 0.083333 0.075926 0.309896 0.411111 0.309375 0.412037 0.308854 0.412037 0.308333 0.412963 0.307812 0.412963 0.300000 0.426852 0.299479 0.426852 0.280208 0.461111 0.279687 0.461111 0.270313 0.477778 0.270313 0.478704 0.269271 0.480556 0.269271 0.484259 0.270833 0.487037 0.272396 0.487037 0.272917 0.486111 0.273958 0.486111 0.274479 0.485185 0.275000 0.485185 0.277083 0.481481 0.277604 0.481481 0.290104 0.459259 0.290625 0.459259 0.292187 0.456481 0.292708 0.456481 0.293229 0.455556 0.294792 0.455556 0.295312 0.454630 0.296875 0.454630 0.297396 0.453704 0.298958 0.453704 0.299479 0.452778 0.301042 0.452778 0.301563 0.451852 0.303125 0.451852 0.303646 0.450926 0.304688 0.450926 0.305208 0.450000 0.306771 0.450000 0.307292 0.449074 0.308854 0.449074 0.309375 0.448148 0.310417 0.448148 0.315625 0.438889 0.316146 0.438889 0.316667 0.437963 0.317708 0.437963 0.319792 0.441667 0.320312 0.441667 0.325000 0.450000 0.325521 0.450000 0.343750 0.482407 0.344271 0.482407 0.346354 0.486111 0.346875 0.486111 0.347396 0.487037 0.348958 0.487037 0.352604 0.480556 0.352083 0.480556 0.351042 0.478704 0.350521 0.478704 0.312500 0.411111
0 0.396875 0.451389 0.080208 0.075000 0.395833 0.413889 0.395313 0.414815 0.394792 0.414815 0.386458 0.429630 0.385937 0.429630 0.357812 0.479630 0.357812 0.480556 0.356771 0.482407 0.356771 0.486111 0.357292 0.487037 0.357292 0.487963 0.357812 0.487963 0.358333 0.488889 0.359896 0.488889 0.360938 0.487037 0.361458 0.487037 0.373958 0.464815 0.374479 0.464815 0.381771 0.451852 0.382292 0.451852 0.385937 0.445370 0.386458 0.445370 0.389062 0.440741 0.389583 0.440741 0.391146 0.437963 0.391667 0.437963 0.392708 0.436111 0.393229 0.436111 0.393750 0.435185 0.394271 0.435185 0.394792 0.434259 0.396354 0.434259 0.396875 0.433333 0.397396 0.433333 0.397917 0.434259 0.399479 0.434259 0.400000 0.435185 0.400521 0.435185 0.401042 0.436111 0.401562 0.436111 0.402083 0.437037 0.402604 0.437037 0.404687 0.440741 0.405208 0.440741 0.408333 0.446296 0.408854 0.446296 0.431250 0.486111 0.431771 0.486111 0.433333 0.488889 0.435937 0.488889 0.436979 0.487037 0.436979 0.484259 0.436458 0.483333 0.436458 0.482407 0.434375 0.478704 0.434375 0.477778 0.404167 0.424074 0.404167 0.423148 0.402083 0.419444 0.401562 0.419444 0.398438 0.413889
0 0.481250 0.444907 0.083333 0.075000 0.478125 0.407407 0.476562 0.410185 0.476562 0.411111 0.459896 0.440741 0.459375 0.440741 0.440104 0.475000 0.439583 0.475000 0.440104 0.475926 0.440625 0.475926 0.441667 0.477778 0.442188 0.477778 0.443750 0.480556 0.444271 0.480556 0.445312 0.482407 0.447396 0.482407 0.455729 0.467593 0.456250 0.467593 0.468750 0.445370 0.469271 0.445370 0.473438 0.437963 0.473958 0.437963 0.475000 0.436111 0.475521 0.436111 0.477083 0.438889 0.479167 0.438889 0.479687 0.439815 0.481771 0.439815 0.482292 0.440741 0.484375 0.440741 0.484896 0.441667 0.487500 0.441667 0.488021 0.442593 0.490104 0.442593 0.490625 0.443519 0.492708 0.443519 0.493229 0.444444 0.494271 0.444444 0.494792 0.445370 0.495312 0.445370 0.514583 0.479630 0.515625 0.479630 0.516146 0.480556 0.517708 0.480556 0.518229 0.481481 0.519271 0.481481 0.519792 0.482407 0.521354 0.482407 0.521875 0.481481 0.522396 0.481481 0.522396 0.480556 0.522917 0.479630 0.522917 0.476852 0.521875 0.475000 0.521875 0.474074 0.507812 0.449074 0.507812 0.448148 0.485417 0.408333 0.484896 0.408333 0.484375 0.407407
0 0.575521 0.444907 0.083333 0.075000 0.569271 0.407407 0.570312 0.409259 0.570312 0.413889 0.565625 0.422222 0.565625 0.423148 0.536458 0.475000 0.535937 0.475000 0.533854 0.478704 0.534375 0.478704 0.534896 0.479630 0.535937 0.479630 0.536458 0.480556 0.538021 0.480556 0.538542 0.481481 0.540104 0.481481 0.540625 0.482407 0.542708 0.482407 0.543229 0.481481 0.543750 0.481481 0.563021 0.447222 0.563542 0.447222 0.566667 0.441667 0.570833 0.441667 0.571354 0.442593 0.575521 0.442593 0.576042 0.443519 0.580208 0.443519 0.580729 0.444444 0.584896 0.444444 0.585417 0.445370 0.589583 0.445370 0.590104 0.446296 0.591146 0.446296 0.610417 0.480556 0.610938 0.480556 0.611458 0.481481 0.614062 0.481481 0.614583 0.482407 0.615625 0.482407 0.617188 0.479630 0.617188 0.476852 0.616667 0.475926 0.616667 0.475000 0.613021 0.468519 0.613021 0.467593 0.600000 0.444444 0.600000 0.443519 0.585938 0.418519 0.585938 0.417593 0.581771 0.410185 0.581250 0.410185 0.580208 0.408333 0.579688 0.408333 0.579167 0.407407
0 0.655990 0.455556 0.090104 0.074074 0.660937 0.418519 0.625521 0.481481 0.625000 0.481481 0.623958 0.483333 0.623437 0.483333 0.622917 0.482407 0.620313 0.482407 0.619792 0.481481 0.617708 0.481481 0.617188 0.480556 0.615625 0.483333 0.614583 0.483333 0.614062 0.482407 0.611458 0.482407 0.610938 0.481481 0.614062 0.487037 0.615104 0.487037 0.615625 0.487963 0.617708 0.487963 0.618229 0.488889 0.620313 0.488889 0.620833 0.489815 0.622917 0.489815 0.623437 0.490741 0.625000 0.490741 0.625521 0.491667 0.627604 0.491667 0.628125 0.492593 0.628646 0.492593 0.629687 0.490741 0.630208 0.490741 0.650521 0.454630 0.651042 0.454630 0.655208 0.447222 0.655729 0.447222 0.657292 0.444444 0.657813 0.445370 0.662500 0.445370 0.664583 0.449074 0.664583 0.452778 0.663542 0.454630 0.663542 0.455556 0.667188 0.455556 0.667708 0.456481 0.668229 0.456481 0.668750 0.457407 0.669271 0.457407 0.672396 0.462963 0.675000 0.462963 0.675521 0.463889 0.676042 0.463889 0.677083 0.465741 0.677604 0.465741 0.681771 0.473148 0.681771 0.474074 0.690104 0.488889 0.691146 0.488889 0.691667 0.489815 0.694271 0.489815 0.694792 0.490741 0.697917 0.490741 0.698438 0.491667 0.699479 0.491667 0.700000 0.490741 0.700521 0.490741 0.701042 0.489815 0.701042 0.485185 0.698958 0.481481 0.698958 0.480556 0.691146 0.466667 0.691146 0.465741 0.681771 0.449074 0.681771 0.448148 0.672396 0.431481 0.672396 0.430556 0.666667 0.420370 0.666146 0.420370 0.665104 0.418519
0 0.352865 0.441204 0.082812 0.076852 0.313021 0.402778 0.311979 0.404630 0.311979 0.405556 0.311458 0.406481 0.311979 0.407407 0.311979 0.408333 0.312500 0.409259 0.312500 0.410185 0.350521 0.477778 0.351042 0.477778 0.352083 0.479630 0.354167 0.479630 0.355729 0.476852 0.356250 0.476852 0.370833 0.450926 0.371354 0.450926 0.393750 0.411111 0.393750 0.410185 0.394271 0.409259 0.394271 0.407407 0.393750 0.406481 0.393750 0.405556 0.392708 0.403704 0.390625 0.403704 0.388542 0.407407 0.388021 0.407407 0.373437 0.433333 0.372917 0.433333 0.367188 0.443519 0.366667 0.443519 0.363542 0.449074 0.363021 0.449074 0.362500 0.450000 0.360417 0.450000 0.359896 0.450926 0.359375 0.450926 0.358854 0.450000 0.358333 0.450000 0.357292 0.448148 0.357292 0.447222 0.356771 0.446296 0.356250 0.446296 0.354687 0.443519 0.354167 0.444444 0.353646 0.444444 0.353125 0.445370 0.352604 0.445370 0.352083 0.446296 0.351562 0.446296 0.351042 0.447222 0.350521 0.447222 0.350000 0.448148 0.349479 0.448148 0.348958 0.449074 0.347917 0.449074 0.347396 0.448148 0.346875 0.448148 0.345833 0.446296 0.345313 0.446296 0.328646 0.416667 0.328125 0.416667 0.321875 0.405556 0.321354 0.405556 0.320312 0.403704 0.319271 0.403704 0.318750 0.402778
0 0.437500 0.438426 0.080208 0.075000 0.400000 0.400926 0.399479 0.401852 0.398958 0.401852 0.397396 0.404630 0.397396 0.408333 0.401562 0.415741 0.401562 0.416667 0.426563 0.461111 0.427083 0.461111 0.429167 0.464815 0.429688 0.464815 0.431771 0.468519 0.432292 0.468519 0.433854 0.471296 0.434375 0.471296 0.436458 0.475000 0.436979 0.475000 0.437500 0.475926 0.438542 0.475926 0.439583 0.474074 0.440104 0.474074 0.459375 0.439815 0.459896 0.439815 0.476042 0.411111 0.476042 0.410185 0.477083 0.408333 0.477083 0.407407 0.477604 0.406481 0.477604 0.405556 0.477083 0.404630 0.477083 0.403704 0.476042 0.401852 0.472396 0.401852 0.468750 0.408333 0.468229 0.408333 0.451042 0.438889 0.450521 0.438889 0.447396 0.444444 0.446875 0.444444 0.446354 0.445370 0.445833 0.445370 0.445312 0.444444 0.444271 0.444444 0.443750 0.443519 0.442708 0.443519 0.442188 0.442593 0.441146 0.442593 0.440625 0.441667 0.439583 0.441667 0.439063 0.440741 0.438021 0.440741 0.437500 0.439815 0.436458 0.439815 0.435937 0.440741 0.435417 0.440741 0.436979 0.443519 0.436979 0.448148 0.435937 0.450000 0.435417 0.450000 0.434896 0.450926 0.433854 0.450926 0.433333 0.450000 0.432812 0.450000 0.432292 0.449074 0.431771 0.449074 0.431250 0.448148 0.430729 0.448148 0.430208 0.447222 0.429167 0.447222 0.428125 0.445370 0.427604 0.445370 0.421354 0.434259 0.420833 0.434259 0.403125 0.402778 0.402604 0.402778 0.401562 0.400926
0 0.523698 0.443981 0.092188 0.075000 0.488021 0.406481 0.487500 0.407407 0.484896 0.407407 0.485417 0.407407 0.508333 0.448148 0.508333 0.449074 0.522396 0.474074 0.522396 0.475000 0.523438 0.476852 0.523438 0.477778 0.523958 0.477778 0.524479 0.478704 0.525521 0.478704 0.526042 0.479630 0.527604 0.479630 0.528125 0.480556 0.529167 0.480556 0.529687 0.481481 0.531250 0.481481 0.531771 0.480556 0.532292 0.480556 0.535937 0.474074 0.536458 0.474074 0.565104 0.423148 0.565104 0.422222 0.569792 0.413889 0.569792 0.409259 0.568750 0.407407 0.568229 0.407407 0.567708 0.406481 0.565104 0.406481 0.564583 0.407407 0.564063 0.407407 0.544271 0.442593 0.543750 0.442593 0.542188 0.445370 0.540625 0.445370 0.540104 0.444444 0.536458 0.444444 0.535937 0.443519 0.533854 0.443519 0.533333 0.444444 0.529687 0.444444 0.529167 0.443519 0.526042 0.443519 0.525521 0.442593 0.522917 0.442593 0.521875 0.444444 0.520833 0.444444 0.520312 0.445370 0.519792 0.444444 0.516667 0.444444 0.496354 0.408333 0.495833 0.408333 0.495312 0.407407 0.494792 0.407407 0.494271 0.406481
0 0.621354 0.445370 0.081250 0.074074 0.580729 0.408333 0.581250 0.409259 0.581771 0.409259 0.586458 0.417593 0.586458 0.418519 0.600521 0.443519 0.600521 0.444444 0.613542 0.467593 0.613542 0.468519 0.617188 0.475000 0.617188 0.475926 0.617708 0.476852 0.617708 0.480556 0.619792 0.480556 0.620313 0.481481 0.622917 0.481481 0.623437 0.482407 0.623958 0.482407 0.625000 0.480556 0.625521 0.480556 0.660417 0.418519 0.660417 0.417593 0.661979 0.414815 0.661979 0.411111 0.660937 0.409259 0.660417 0.409259 0.659896 0.408333 0.654167 0.408333 0.651563 0.412963 0.651042 0.412963 0.644271 0.425000 0.643750 0.425000 0.627083 0.454630 0.621875 0.454630 0.621354 0.453704 0.617188 0.453704 0.616667 0.452778 0.614062 0.452778 0.592708 0.414815 0.592708 0.413889 0.592187 0.412963 0.591667 0.412963 0.589583 0.409259 0.589063 0.409259 0.588542 0.408333
0 0.714323 0.469907 0.077604 0.076852 0.690104 0.431481 0.695312 0.440741 0.695312 0.441667 0.697917 0.446296 0.697917 0.447222 0.698438 0.448148 0.698438 0.449074 0.698958 0.450000 0.698438 0.450926 0.698438 0.451852 0.696875 0.454630 0.692708 0.454630 0.689583 0.449074 0.689583 0.448148 0.683854 0.437963 0.683333 0.437963 0.682813 0.437037 0.682292 0.437037 0.681771 0.436111 0.675521 0.436111 0.682292 0.448148 0.682292 0.449074 0.691667 0.465741 0.691667 0.466667 0.699479 0.480556 0.699479 0.481481 0.701562 0.485185 0.701562 0.489815 0.700521 0.491667 0.700000 0.491667 0.699479 0.492593 0.698438 0.492593 0.697917 0.491667 0.694792 0.491667 0.694271 0.490741 0.691667 0.490741 0.691146 0.489815 0.690625 0.489815 0.697917 0.502778 0.698958 0.502778 0.699479 0.503704 0.702083 0.503704 0.702604 0.504630 0.705208 0.504630 0.705729 0.505556 0.707812 0.505556 0.708333 0.506481 0.710938 0.506481 0.711458 0.507407 0.714063 0.507407 0.714583 0.508333 0.716146 0.508333 0.716667 0.507407 0.717187 0.507407 0.750521 0.448148 0.750521 0.447222 0.753125 0.442593 0.753125 0.438889 0.752083 0.437037 0.751563 0.437037 0.751042 0.436111 0.742708 0.436111 0.742188 0.435185 0.731250 0.435185 0.730729 0.434259 0.719271 0.434259 0.718750 0.433333 0.707812 0.433333 0.707292 0.432407 0.696354 0.432407 0.695833 0.431481
0 0.314323 0.410185 0.089063 0.075926 0.310417 0.372222 0.309896 0.373148 0.309375 0.373148 0.308854 0.374074 0.308333 0.374074 0.303125 0.383333 0.302604 0.383333 0.280729 0.422222 0.280208 0.422222 0.270833 0.438889 0.270833 0.439815 0.269792 0.441667 0.269792 0.444444 0.270313 0.445370 0.270313 0.446296 0.270833 0.447222 0.271354 0.447222 0.271875 0.448148 0.272917 0.448148 0.273438 0.447222 0.275521 0.447222 0.281250 0.437037 0.281771 0.437037 0.287500 0.426852 0.288021 0.426852 0.288542 0.425926 0.290625 0.425926 0.291146 0.425000 0.297396 0.425000 0.297917 0.424074 0.301042 0.424074 0.307812 0.412037 0.308333 0.412037 0.308854 0.411111 0.309375 0.411111 0.309896 0.410185 0.311979 0.410185 0.311979 0.409259 0.311458 0.408333 0.311458 0.407407 0.310937 0.406481 0.311458 0.405556 0.311458 0.404630 0.313021 0.401852 0.318750 0.401852 0.319271 0.402778 0.320312 0.402778 0.321354 0.404630 0.321875 0.404630 0.328125 0.415741 0.328646 0.415741 0.345313 0.445370 0.345833 0.445370 0.346875 0.447222 0.347396 0.447222 0.347917 0.448148 0.348958 0.448148 0.349479 0.447222 0.350000 0.447222 0.350521 0.446296 0.351042 0.446296 0.351562 0.445370 0.352083 0.445370 0.352604 0.444444 0.353125 0.444444 0.353646 0.443519 0.354167 0.443519 0.354687 0.442593 0.355208 0.442593 0.355729 0.441667 0.356250 0.441667 0.356771 0.440741 0.357292 0.440741 0.358854 0.437963 0.357812 0.437963 0.357292 0.438889 0.356771 0.438889 0.356250 0.439815 0.355208 0.439815 0.354687 0.440741 0.353125 0.440741 0.351562 0.437963 0.351042 0.437963 0.315625 0.375000 0.315104 0.375000 0.314583 0.374074 0.313021 0.374074 0.312500 0.373148 0.310937 0.373148
0 0.396875 0.412500 0.079167 0.075000 0.396875 0.375000 0.396354 0.375926 0.395833 0.375926 0.394271 0.378704 0.393750 0.378704 0.372917 0.415741 0.372396 0.415741 0.357812 0.441667 0.357812 0.442593 0.357292 0.443519 0.357292 0.446296 0.357812 0.447222 0.357812 0.448148 0.358333 0.449074 0.358854 0.449074 0.359375 0.450000 0.359896 0.450000 0.360417 0.449074 0.360938 0.449074 0.361458 0.448148 0.361979 0.448148 0.363021 0.446296 0.363542 0.446296 0.364583 0.444444 0.365104 0.444444 0.365625 0.443519 0.366146 0.443519 0.367188 0.441667 0.367708 0.441667 0.380208 0.419444 0.380729 0.419444 0.388021 0.406481 0.388542 0.406481 0.390625 0.402778 0.391146 0.402778 0.391667 0.401852 0.392188 0.401852 0.393229 0.400000 0.393750 0.400000 0.394271 0.399074 0.395833 0.399074 0.396354 0.398148 0.396875 0.399074 0.398438 0.399074 0.398958 0.400000 0.401562 0.400000 0.402604 0.401852 0.403125 0.401852 0.420833 0.433333 0.421354 0.433333 0.427604 0.444444 0.428125 0.444444 0.428646 0.445370 0.429167 0.445370 0.429688 0.446296 0.430208 0.446296 0.430729 0.447222 0.431250 0.447222 0.431771 0.448148 0.432292 0.448148 0.432812 0.449074 0.433333 0.449074 0.433854 0.450000 0.434896 0.450000 0.435417 0.449074 0.435937 0.449074 0.436458 0.448148 0.436458 0.443519 0.432812 0.437037 0.432812 0.436111 0.398958 0.375926 0.398438 0.375926 0.397917 0.375000
0 0.478125 0.406944 0.088542 0.075000 0.481771 0.369444 0.481250 0.370370 0.480208 0.370370 0.479687 0.371296 0.478125 0.371296 0.477604 0.372222 0.477083 0.372222 0.441667 0.435185 0.441146 0.435185 0.439583 0.437963 0.436979 0.437963 0.436458 0.437037 0.434896 0.437037 0.434375 0.436111 0.433854 0.436111 0.434896 0.437963 0.435937 0.437963 0.436458 0.438889 0.437500 0.438889 0.438021 0.439815 0.439063 0.439815 0.439583 0.440741 0.440625 0.440741 0.441146 0.441667 0.442188 0.441667 0.442708 0.442593 0.443750 0.442593 0.444271 0.443519 0.445312 0.443519 0.445833 0.444444 0.446354 0.444444 0.446875 0.443519 0.447396 0.443519 0.450521 0.437963 0.451042 0.437963 0.468229 0.407407 0.468750 0.407407 0.472396 0.400926 0.476042 0.400926 0.477604 0.403704 0.477604 0.404630 0.478125 0.405556 0.478125 0.406481 0.487500 0.406481 0.488021 0.405556 0.494271 0.405556 0.494792 0.406481 0.495312 0.406481 0.495833 0.407407 0.496354 0.407407 0.516667 0.443519 0.519792 0.443519 0.520312 0.444444 0.520833 0.443519 0.521875 0.443519 0.522396 0.442593 0.522396 0.437963 0.521354 0.436111 0.521354 0.435185 0.507812 0.411111 0.507812 0.410185 0.484896 0.369444
0 0.575781 0.406944 0.081771 0.075000 0.577604 0.369444 0.577083 0.370370 0.572917 0.370370 0.572917 0.374074 0.572396 0.375000 0.572396 0.375926 0.534896 0.442593 0.535937 0.442593 0.536458 0.443519 0.540104 0.443519 0.540625 0.444444 0.542188 0.444444 0.543750 0.441667 0.544271 0.441667 0.564063 0.406481 0.564583 0.406481 0.565104 0.405556 0.567708 0.405556 0.568229 0.406481 0.579167 0.406481 0.579688 0.407407 0.588542 0.407407 0.589063 0.408333 0.589583 0.408333 0.591667 0.412037 0.592187 0.412037 0.593229 0.413889 0.593229 0.414815 0.609375 0.443519 0.613542 0.443519 0.614062 0.444444 0.614583 0.444444 0.615104 0.443519 0.615625 0.443519 0.616667 0.441667 0.616667 0.438889 0.616146 0.437963 0.616146 0.437037 0.611979 0.429630 0.611979 0.428704 0.600000 0.407407 0.600000 0.406481 0.587500 0.384259 0.587500 0.383333 0.580729 0.371296 0.580208 0.371296 0.579167 0.369444
0 0.654167 0.417593 0.088542 0.072222 0.659896 0.381481 0.658333 0.384259 0.658333 0.385185 0.626042 0.442593 0.625521 0.442593 0.623958 0.445370 0.621354 0.445370 0.620833 0.444444 0.615104 0.444444 0.614583 0.445370 0.614062 0.445370 0.613542 0.444444 0.609896 0.444444 0.614062 0.451852 0.616667 0.451852 0.617188 0.452778 0.621354 0.452778 0.621875 0.453704 0.627083 0.453704 0.643750 0.424074 0.644271 0.424074 0.651042 0.412037 0.651563 0.412037 0.654167 0.407407 0.659896 0.407407 0.660417 0.408333 0.660937 0.408333 0.662500 0.411111 0.662500 0.414815 0.660937 0.417593 0.665104 0.417593 0.666146 0.419444 0.666667 0.419444 0.672917 0.430556 0.672917 0.431481 0.675000 0.435185 0.681771 0.435185 0.682292 0.436111 0.682813 0.436111 0.683333 0.437037 0.683854 0.437037 0.690104 0.448148 0.690104 0.449074 0.692708 0.453704 0.696875 0.453704 0.697917 0.451852 0.697917 0.450926 0.698438 0.450000 0.697917 0.449074 0.697917 0.448148 0.697396 0.447222 0.697396 0.446296 0.694792 0.441667 0.694792 0.440741 0.685937 0.425000 0.685937 0.424074 0.677083 0.408333 0.677083 0.407407 0.668229 0.391667 0.668229 0.390741 0.664062 0.383333 0.663542 0.383333 0.662500 0.381481