0 0.269792 0.560648 0.083333 0.091667 0.228646 0.514815 0.228646 0.521296 0.228125 0.522222 0.228125 0.541667 0.228646 0.542593 0.228646 0.543519 0.229167 0.544444 0.229687 0.544444 0.238542 0.560185 0.239063 0.560185 0.244792 0.570370 0.245312 0.570370 0.251042 0.580556 0.251563 0.580556 0.257292 0.590741 0.257812 0.590741 0.263542 0.600926 0.264062 0.600926 0.267188 0.606481 0.273958 0.606481 0.310417 0.541667 0.310417 0.540741 0.311458 0.538889 0.311458 0.534259 0.310937 0.533333 0.310937 0.532407 0.305729 0.523148 0.304688 0.523148 0.302604 0.526852 0.302083 0.526852 0.298438 0.533333 0.297917 0.533333 0.290625 0.546296 0.290104 0.546296 0.275521 0.572222 0.275000 0.572222 0.274479 0.573148 0.272917 0.573148 0.271354 0.570370 0.271354 0.562963 0.270833 0.562037 0.270833 0.558333 0.266667 0.565741 0.266146 0.565741 0.264062 0.569444 0.261458 0.569444 0.258333 0.563889 0.257812 0.563889 0.250000 0.550000 0.249479 0.550000 0.241146 0.535185 0.240625 0.535185 0.232292 0.520370 0.231771 0.520370
0 0.262240 0.527315 0.083854 0.084259 0.301563 0.485185 0.297396 0.492593 0.296875 0.492593 0.288021 0.508333 0.287500 0.508333 0.275521 0.529630 0.275000 0.529630 0.274479 0.530556 0.273438 0.530556 0.272917 0.529630 0.272396 0.529630 0.271354 0.527778 0.271354 0.526852 0.270833 0.525926 0.270833 0.522222 0.264062 0.534259 0.263542 0.534259 0.260417 0.539815 0.259896 0.539815 0.259375 0.540741 0.257292 0.540741 0.256250 0.538889 0.255729 0.538889 0.251042 0.530556 0.250521 0.530556 0.242188 0.515741 0.241667 0.515741 0.233333 0.500926 0.232813 0.500926 0.224479 0.486111 0.223438 0.487963 0.223438 0.488889 0.221875 0.491667 0.221875 0.492593 0.220833 0.494444 0.220833 0.495370 0.220312 0.496296 0.220312 0.500000 0.231250 0.519444 0.231771 0.519444 0.240104 0.534259 0.240625 0.534259 0.248958 0.549074 0.249479 0.549074 0.257292 0.562963 0.257812 0.562963 0.260937 0.568519 0.261458 0.568519 0.261979 0.569444 0.263542 0.569444 0.264062 0.568519 0.264583 0.568519 0.266667 0.564815 0.267188 0.564815 0.293229 0.518519 0.293750 0.518519 0.303125 0.501852 0.303125 0.500926 0.304167 0.499074 0.304167 0.495370 0.303646 0.494444 0.303646 0.493519 0.303125 0.492593 0.303125 0.490741 0.302604 0.489815 0.302604 0.488889 0.302083 0.487963 0.302083 0.487037 0.301563 0.486111
0 0.257812 0.497222 0.085417 0.085185 0.296875 0.454630 0.293229 0.461111 0.292708 0.461111 0.277083 0.488889 0.276562 0.488889 0.275000 0.491667 0.274479 0.491667 0.273958 0.492593 0.273438 0.492593 0.272917 0.491667 0.272396 0.491667 0.270833 0.488889 0.270833 0.480556 0.257812 0.503704 0.257292 0.503704 0.254688 0.508333 0.254167 0.508333 0.253646 0.509259 0.252083 0.509259 0.251042 0.507407 0.250521 0.507407 0.246875 0.500926 0.246354 0.500926 0.238542 0.487037 0.238021 0.487037 0.229687 0.472222 0.229167 0.472222 0.221354 0.458333 0.220833 0.458333 0.219792 0.456481 0.215104 0.464815 0.215104 0.468519 0.215625 0.469444 0.215625 0.470370 0.223438 0.484259 0.223958 0.484259 0.232813 0.500000 0.233333 0.500000 0.241667 0.514815 0.242188 0.514815 0.250521 0.529630 0.251042 0.529630 0.255729 0.537963 0.256250 0.537963 0.257292 0.539815 0.259375 0.539815 0.259896 0.538889 0.260417 0.538889 0.263542 0.533333 0.264062 0.533333 0.292708 0.482407 0.293229 0.482407 0.298438 0.473148 0.298438 0.472222 0.300521 0.468519 0.300521 0.464815 0.300000 0.463889 0.300000 0.462963 0.299479 0.462037 0.299479 0.461111 0.298958 0.460185 0.298958 0.459259 0.298438 0.458333 0.298438 0.457407 0.297396 0.455556 0.297396 0.454630
0 0.252083 0.466204 0.084375 0.084259 0.291146 0.424074 0.276562 0.450000 0.276042 0.450000 0.274479 0.452778 0.272917 0.452778 0.272396 0.451852 0.271875 0.451852 0.271354 0.450926 0.271354 0.450000 0.270313 0.448148 0.270313 0.447222 0.268750 0.450000 0.268229 0.450000 0.264583 0.456481 0.264062 0.456481 0.262500 0.459259 0.261979 0.459259 0.260937 0.461111 0.260417 0.461111 0.259896 0.462037 0.259375 0.462037 0.254167 0.471296 0.253646 0.471296 0.248958 0.479630 0.248438 0.479630 0.247917 0.480556 0.246354 0.480556 0.245833 0.479630 0.245312 0.479630 0.242708 0.475000 0.242188 0.475000 0.235937 0.463889 0.235417 0.463889 0.228646 0.451852 0.228125 0.451852 0.221354 0.439815 0.220833 0.439815 0.214583 0.428704 0.214062 0.428704 0.213542 0.429630 0.213021 0.429630 0.211979 0.431481 0.211458 0.431481 0.210938 0.432407 0.210417 0.432407 0.209896 0.433333 0.209896 0.437963 0.220833 0.457407 0.221354 0.457407 0.229167 0.471296 0.229687 0.471296 0.238021 0.486111 0.238542 0.486111 0.246354 0.500000 0.246875 0.500000 0.250521 0.506481 0.251042 0.506481 0.252083 0.508333 0.253646 0.508333 0.254167 0.507407 0.254688 0.507407 0.257292 0.502778 0.257812 0.502778 0.294271 0.437963 0.294271 0.433333 0.293229 0.431481 0.293229 0.430556 0.292708 0.429630 0.292708 0.428704 0.291667 0.426852 0.291667 0.425926 0.291146 0.425000
0 0.246094 0.437037 0.085938 0.085185 0.282813 0.394444 0.281250 0.397222 0.280729 0.397222 0.264583 0.425926 0.264062 0.425926 0.260417 0.432407 0.259896 0.432407 0.257812 0.436111 0.257292 0.436111 0.256250 0.437963 0.255729 0.437963 0.255208 0.438889 0.254688 0.438889 0.254167 0.439815 0.253125 0.439815 0.252604 0.440741 0.251563 0.440741 0.251042 0.439815 0.249479 0.439815 0.248438 0.437963 0.247917 0.437963 0.247396 0.437037 0.246875 0.437037 0.245312 0.434259 0.244792 0.434259 0.242708 0.430556 0.242188 0.430556 0.238542 0.424074 0.238021 0.424074 0.233333 0.415741 0.232813 0.415741 0.225521 0.402778 0.225000 0.402778 0.221354 0.396296 0.220833 0.396296 0.220312 0.395370 0.218229 0.395370 0.217708 0.396296 0.216146 0.396296 0.215625 0.397222 0.214583 0.397222 0.214062 0.398148 0.212500 0.398148 0.211979 0.399074 0.210938 0.399074 0.210417 0.400000 0.208854 0.400000 0.208333 0.400926 0.207292 0.400926 0.206771 0.401852 0.205208 0.401852 0.204687 0.402778 0.204167 0.402778 0.203125 0.404630 0.203125 0.408333 0.213021 0.425926 0.213542 0.425926 0.220833 0.438889 0.221354 0.438889 0.228125 0.450926 0.228646 0.450926 0.235417 0.462963 0.235937 0.462963 0.242188 0.474074 0.242708 0.474074 0.245312 0.478704 0.245833 0.478704 0.246354 0.479630 0.247917 0.479630 0.248438 0.478704 0.248958 0.478704 0.253646 0.470370 0.254167 0.470370 0.287500 0.411111 0.287500 0.410185 0.288542 0.408333 0.288542 0.407407 0.289062 0.406481 0.289062 0.405556 0.288542 0.404630 0.288542 0.403704 0.287500 0.401852 0.287500 0.400926 0.285417 0.397222 0.285417 0.396296 0.284896 0.395370 0.284375 0.395370 0.283854 0.394444
0 0.352083 0.405093 0.088542 0.075000 0.308854 0.367593 0.307812 0.369444 0.307812 0.371296 0.308333 0.372222 0.308333 0.373148 0.308854 0.374074 0.309896 0.374074 0.310417 0.375000 0.312500 0.375000 0.313021 0.375926 0.313542 0.375926 0.317708 0.383333 0.318229 0.383333 0.347396 0.435185 0.347917 0.435185 0.348438 0.436111 0.348958 0.436111 0.349479 0.437037 0.350000 0.437037 0.350521 0.437963 0.351042 0.437963 0.351562 0.438889 0.352083 0.438889 0.352604 0.439815 0.353125 0.439815 0.353646 0.440741 0.354167 0.440741 0.355208 0.442593 0.357812 0.442593 0.365104 0.429630 0.365625 0.429630 0.393750 0.379630 0.393750 0.378704 0.395833 0.375000 0.395833 0.374074 0.396354 0.373148 0.396354 0.372222 0.395833 0.371296 0.395833 0.370370 0.394792 0.368519 0.394271 0.368519 0.393750 0.367593 0.370312 0.367593 0.369271 0.369444 0.368750 0.369444 0.353646 0.396296 0.353125 0.396296 0.348958 0.403704 0.348438 0.403704 0.346354 0.407407 0.345833 0.407407 0.344792 0.409259 0.344271 0.409259 0.343750 0.408333 0.343229 0.408333 0.334896 0.393519 0.334375 0.393519 0.320833 0.369444 0.320312 0.369444 0.319792 0.368519 0.319271 0.368519 0.318750 0.367593
0 0.427344 0.402778 0.101562 0.074074 0.377604 0.365741 0.377083 0.366667 0.376563 0.366667 0.393750 0.366667 0.394271 0.367593 0.394792 0.367593 0.396354 0.370370 0.396354 0.371296 0.396875 0.372222 0.396875 0.373148 0.396354 0.374074 0.396354 0.375000 0.395313 0.376852 0.398958 0.376852 0.399479 0.377778 0.400000 0.377778 0.401042 0.379630 0.401562 0.379630 0.411979 0.398148 0.411979 0.399074 0.433333 0.437037 0.434896 0.437037 0.435417 0.437963 0.436979 0.437963 0.437500 0.438889 0.439063 0.438889 0.439583 0.439815 0.440104 0.438889 0.440625 0.438889 0.441146 0.437963 0.441667 0.437963 0.468750 0.389815 0.468750 0.388889 0.477604 0.373148 0.477604 0.372222 0.478125 0.371296 0.478125 0.369444 0.477604 0.368519 0.477604 0.367593 0.477083 0.366667 0.476562 0.366667 0.476042 0.365741 0.440104 0.365741 0.439583 0.366667 0.435937 0.366667 0.423438 0.388889 0.422917 0.388889 0.420312 0.393519 0.405729 0.367593 0.405208 0.367593 0.404167 0.365741
0 0.524479 0.407870 0.091667 0.075000 0.510417 0.370370 0.509896 0.371296 0.509375 0.371296 0.504167 0.380556 0.503646 0.380556 0.499479 0.373148 0.498958 0.373148 0.498437 0.372222 0.497917 0.372222 0.497396 0.371296 0.478646 0.371296 0.484896 0.371296 0.485417 0.372222 0.485938 0.372222 0.494792 0.387963 0.494792 0.388889 0.507292 0.411111 0.507292 0.412037 0.518750 0.432407 0.518750 0.433333 0.521354 0.437963 0.521354 0.438889 0.521875 0.439815 0.521875 0.441667 0.522396 0.442593 0.525000 0.442593 0.525521 0.443519 0.528125 0.443519 0.528646 0.444444 0.530729 0.444444 0.531250 0.445370 0.533333 0.445370 0.534375 0.443519 0.534896 0.443519 0.542708 0.429630 0.542708 0.428704 0.558854 0.400000 0.558854 0.399074 0.569271 0.380556 0.569271 0.379630 0.570312 0.377778 0.570312 0.375000 0.569792 0.374074 0.569792 0.373148 0.569271 0.372222 0.568750 0.372222 0.568229 0.371296 0.533854 0.371296 0.533333 0.370370
0 0.614062 0.407407 0.075000 0.072222 0.578125 0.371296 0.577083 0.373148 0.576562 0.373148 0.577083 0.373148 0.580208 0.378704 0.580208 0.379630 0.587500 0.392593 0.587500 0.393519 0.594271 0.405556 0.594271 0.406481 0.601042 0.418519 0.601042 0.419444 0.607292 0.430556 0.607292 0.431481 0.610417 0.437037 0.610417 0.437963 0.610938 0.438889 0.610938 0.441667 0.610417 0.442593 0.612500 0.442593 0.613021 0.443519 0.616667 0.443519 0.629167 0.421296 0.629167 0.420370 0.640104 0.400926 0.640104 0.400000 0.649479 0.383333 0.649479 0.382407 0.651042 0.379630 0.651042 0.378704 0.651563 0.377778 0.651563 0.376852 0.651042 0.375926 0.651042 0.375000 0.650000 0.373148 0.638542 0.373148 0.638021 0.372222 0.604167 0.372222 0.603646 0.371296
0 0.350521 0.559259 0.079167 0.085185 0.311458 0.516667 0.310937 0.517593 0.310937 0.519444 0.311458 0.520370 0.311458 0.523148 0.311979 0.524074 0.311979 0.525926 0.313021 0.527778 0.313021 0.528704 0.313542 0.529630 0.313542 0.530556 0.314583 0.532407 0.314583 0.533333 0.315625 0.535185 0.315625 0.536111 0.316667 0.537963 0.316667 0.538889 0.317708 0.540741 0.317708 0.541667 0.318750 0.543519 0.318750 0.544444 0.320312 0.547222 0.320312 0.548148 0.321354 0.550000 0.321354 0.550926 0.322396 0.552778 0.322396 0.553704 0.323437 0.555556 0.323437 0.556481 0.324479 0.558333 0.324479 0.559259 0.325521 0.561111 0.325521 0.562037 0.326562 0.563889 0.326562 0.564815 0.327604 0.566667 0.327604 0.567593 0.329167 0.570370 0.329167 0.571296 0.330208 0.573148 0.330208 0.574074 0.331250 0.575926 0.331250 0.576852 0.332292 0.578704 0.332292 0.579630 0.333333 0.581481 0.333333 0.582407 0.334375 0.584259 0.334375 0.585185 0.335417 0.587037 0.335417 0.587963 0.336458 0.589815 0.336458 0.590741 0.338021 0.593519 0.338021 0.594444 0.339062 0.596296 0.339062 0.597222 0.340104 0.599074 0.340104 0.600000 0.341146 0.601852 0.347396 0.601852 0.347917 0.600926 0.348438 0.600926 0.349479 0.599074 0.350000 0.599074 0.351042 0.597222 0.351562 0.597222 0.352604 0.595370 0.353125 0.595370 0.354167 0.593519 0.354687 0.593519 0.355729 0.591667 0.356250 0.591667 0.357292 0.589815 0.357812 0.589815 0.358854 0.587963 0.359375 0.587963 0.360417 0.586111 0.360938 0.586111 0.361979 0.584259 0.362500 0.584259 0.363542 0.582407 0.364063 0.582407 0.365104 0.580556 0.365625 0.580556 0.366667 0.578704 0.367188 0.578704 0.368229 0.576852 0.368750 0.576852 0.369271 0.575926 0.369792 0.575926 0.370833 0.574074 0.371354 0.574074 0.372396 0.572222 0.372917 0.572222 0.373958 0.570370 0.374479 0.570370 0.375521 0.568519 0.376042 0.568519 0.377083 0.566667 0.377604 0.566667 0.378646 0.564815 0.379167 0.564815 0.380208 0.562963 0.380729 0.562963 0.381771 0.561111 0.382292 0.561111 0.383333 0.559259 0.383854 0.559259 0.384896 0.557407 0.385417 0.557407 0.386979 0.554630 0.387500 0.554630 0.388542 0.552778 0.389062 0.552778 0.389583 0.551852 0.389583 0.550926 0.390104 0.550000 0.390104 0.547222 0.389583 0.546296 0.389583 0.545370 0.388542 0.543519 0.388021 0.543519 0.382812 0.534259 0.381771 0.536111 0.381250 0.536111 0.377083 0.543519 0.376563 0.543519 0.370312 0.554630 0.369792 0.554630 0.363542 0.565741 0.363021 0.565741 0.360938 0.569444 0.358854 0.569444 0.357292 0.566667 0.357292 0.565741 0.355729 0.562963 0.355729 0.562037 0.353646 0.558333 0.353646 0.557407 0.347917 0.547222 0.347396 0.547222 0.348958 0.550000 0.348958 0.550926 0.350000 0.552778 0.350000 0.553704 0.351042 0.555556 0.351042 0.556481 0.352604 0.559259 0.352604 0.560185 0.353646 0.562037 0.353646 0.562963 0.354167 0.563889 0.354167 0.564815 0.354687 0.565741 0.354687 0.566667 0.354167 0.567593 0.354167 0.568519 0.353125 0.570370 0.352604 0.570370 0.352083 0.571296 0.351042 0.571296 0.350521 0.570370 0.350000 0.570370 0.348438 0.567593 0.347917 0.567593 0.336979 0.548148 0.336458 0.548148 0.334375 0.544444 0.333333 0.544444 0.332813 0.543519 0.332292 0.543519 0.327604 0.535185 0.327604 0.534259 0.325521 0.530556 0.325521 0.529630 0.324479 0.527778 0.323958 0.527778 0.321875 0.524074 0.321354 0.524074 0.319792 0.521296 0.319271 0.521296 0.318229 0.519444 0.317708 0.519444 0.316667 0.517593 0.315625 0.517593 0.315104 0.516667
0 0.430208 0.562963 0.090625 0.079630 0.390104 0.523148 0.388542 0.525926 0.388021 0.525926 0.385417 0.530556 0.384896 0.530556 0.384896 0.531481 0.385937 0.533333 0.386458 0.533333 0.398438 0.554630 0.398958 0.554630 0.402083 0.560185 0.402604 0.560185 0.404167 0.562963 0.404687 0.562963 0.406771 0.566667 0.407292 0.566667 0.408854 0.569444 0.409375 0.569444 0.411458 0.573148 0.411979 0.573148 0.413542 0.575926 0.414062 0.575926 0.416146 0.579630 0.416667 0.579630 0.418229 0.582407 0.418750 0.582407 0.420833 0.586111 0.421354 0.586111 0.422917 0.588889 0.423438 0.588889 0.425521 0.592593 0.426042 0.592593 0.427604 0.595370 0.428125 0.595370 0.429688 0.598148 0.430208 0.598148 0.432292 0.601852 0.432812 0.601852 0.433333 0.602778 0.440104 0.602778 0.449479 0.586111 0.449479 0.585185 0.459896 0.566667 0.459896 0.565741 0.469792 0.548148 0.469792 0.547222 0.474479 0.538889 0.474479 0.537963 0.475521 0.536111 0.475521 0.533333 0.473958 0.530556 0.473438 0.530556 0.472917 0.529630 0.472396 0.529630 0.471875 0.528704 0.471354 0.528704 0.470833 0.527778 0.469792 0.527778 0.469271 0.526852 0.468750 0.526852 0.468229 0.525926 0.467187 0.525926 0.466667 0.525000 0.466146 0.525926 0.465625 0.525926 0.447396 0.558333 0.445312 0.558333 0.444271 0.556481 0.443750 0.556481 0.443229 0.555556 0.442708 0.555556 0.441667 0.553704 0.440104 0.553704 0.439583 0.554630 0.439063 0.554630 0.438542 0.553704 0.438021 0.553704 0.437500 0.552778 0.436979 0.552778 0.435937 0.550926 0.435417 0.550926 0.434375 0.549074 0.433854 0.549074 0.433333 0.548148 0.432812 0.548148 0.431771 0.546296 0.431250 0.546296 0.430208 0.544444 0.429688 0.544444 0.428646 0.542593 0.428125 0.542593 0.427083 0.540741 0.426563 0.540741 0.425521 0.538889 0.425000 0.538889 0.423958 0.537037 0.423438 0.537037 0.422396 0.535185 0.421875 0.535185 0.421354 0.534259 0.420833 0.534259 0.419792 0.532407 0.419271 0.532407 0.418229 0.530556 0.417708 0.530556 0.425000 0.543519 0.425000 0.544444 0.431250 0.555556 0.431250 0.556481 0.434896 0.562963 0.434896 0.563889 0.435417 0.564815 0.435417 0.565741 0.435937 0.566667 0.435417 0.567593 0.435417 0.568519 0.433854 0.571296 0.431771 0.571296 0.430729 0.569444 0.430208 0.569444 0.429167 0.567593 0.428646 0.567593 0.427083 0.564815 0.426563 0.564815 0.425521 0.562963 0.425000 0.562963 0.423958 0.561111 0.423438 0.561111 0.421875 0.558333 0.421354 0.558333 0.420312 0.556481 0.419792 0.556481 0.418750 0.554630 0.418229 0.554630 0.416667 0.551852 0.416146 0.551852 0.415104 0.550000 0.414583 0.550000 0.413542 0.548148 0.413021 0.548148 0.411458 0.545370 0.410938 0.545370 0.409896 0.543519 0.409375 0.543519 0.408333 0.541667 0.407292 0.543519 0.406250 0.543519 0.403125 0.537963 0.402604 0.537963 0.401042 0.535185 0.400521 0.535185 0.399479 0.533333 0.398958 0.533333 0.397917 0.531481 0.397396 0.531481 0.396354 0.529630 0.395833 0.529630 0.394792 0.527778 0.394271 0.527778 0.393229 0.525926 0.392708 0.525926 0.391667 0.524074 0.391146 0.524074 0.390625 0.523148
0 0.515625 0.551389 0.096875 0.082407 0.475521 0.510185 0.472917 0.514815 0.472396 0.514815 0.467187 0.524074 0.467187 0.525000 0.468229 0.525000 0.468750 0.525926 0.469271 0.525926 0.469792 0.526852 0.470833 0.526852 0.471354 0.527778 0.471875 0.527778 0.472396 0.528704 0.472917 0.528704 0.473438 0.529630 0.473958 0.529630 0.476042 0.533333 0.476042 0.536111 0.475000 0.537963 0.475000 0.538889 0.473958 0.540741 0.473958 0.541667 0.477083 0.547222 0.477604 0.547222 0.478125 0.548148 0.478646 0.548148 0.479167 0.549074 0.479687 0.549074 0.480208 0.550000 0.480729 0.550000 0.481250 0.550926 0.481771 0.550926 0.482292 0.551852 0.482812 0.551852 0.483333 0.552778 0.483854 0.552778 0.484375 0.553704 0.484896 0.553704 0.485938 0.555556 0.486458 0.555556 0.486979 0.556481 0.487500 0.556481 0.488021 0.557407 0.488542 0.557407 0.489063 0.558333 0.489583 0.558333 0.490104 0.559259 0.490625 0.559259 0.491146 0.560185 0.491667 0.560185 0.492188 0.561111 0.492708 0.561111 0.493229 0.562037 0.493750 0.562037 0.494271 0.562963 0.494792 0.562963 0.495312 0.563889 0.495833 0.563889 0.496354 0.564815 0.496875 0.564815 0.497396 0.565741 0.497917 0.565741 0.498958 0.567593 0.499479 0.567593 0.500000 0.568519 0.500521 0.568519 0.501042 0.569444 0.501563 0.569444 0.502083 0.570370 0.502604 0.570370 0.503125 0.571296 0.503646 0.571296 0.504167 0.572222 0.504687 0.572222 0.505208 0.573148 0.505729 0.573148 0.506250 0.574074 0.506771 0.574074 0.507292 0.575000 0.507812 0.575000 0.508333 0.575926 0.508854 0.575926 0.509375 0.576852 0.509896 0.576852 0.510417 0.577778 0.510938 0.577778 0.511979 0.579630 0.512500 0.579630 0.513021 0.580556 0.513542 0.580556 0.514062 0.581481 0.514583 0.581481 0.515104 0.582407 0.515625 0.582407 0.516146 0.583333 0.516667 0.583333 0.517188 0.584259 0.517708 0.584259 0.518229 0.585185 0.518750 0.585185 0.519271 0.586111 0.519792 0.586111 0.520312 0.587037 0.520833 0.587037 0.521354 0.587963 0.521875 0.587963 0.522396 0.588889 0.522917 0.588889 0.523958 0.590741 0.524479 0.590741 0.525000 0.591667 0.525521 0.591667 0.526042 0.592593 0.527083 0.592593 0.527604 0.591667 0.528125 0.591667 0.545833 0.560185 0.545833 0.559259 0.560417 0.533333 0.560417 0.532407 0.563542 0.526852 0.563542 0.525926 0.564063 0.525000 0.564063 0.524074 0.563542 0.523148 0.563542 0.522222 0.562500 0.520370 0.561979 0.520370 0.561458 0.519444 0.559375 0.519444 0.550000 0.536111 0.550000 0.537037 0.539062 0.556481 0.536979 0.556481 0.536458 0.555556 0.535417 0.555556 0.534896 0.554630 0.534375 0.554630 0.533854 0.553704 0.533333 0.553704 0.532813 0.552778 0.532292 0.552778 0.530729 0.555556 0.530208 0.555556 0.529687 0.556481 0.528125 0.556481 0.527604 0.555556 0.526563 0.555556 0.526042 0.554630 0.525521 0.554630 0.525000 0.553704 0.523958 0.553704 0.523438 0.552778 0.522917 0.552778 0.522396 0.551852 0.521875 0.551852 0.521354 0.550926 0.520312 0.550926 0.519792 0.550000 0.519271 0.550000 0.518750 0.549074 0.519271 0.550000 0.519271 0.553704 0.517708 0.556481 0.516146 0.556481 0.515625 0.555556 0.515104 0.555556 0.514583 0.554630 0.514062 0.554630 0.513542 0.553704 0.512500 0.553704 0.511979 0.552778 0.511458 0.552778 0.510938 0.551852 0.510417 0.551852 0.494271 0.523148 0.493750 0.523148 0.493229 0.522222 0.492708 0.522222 0.492188 0.521296 0.491146 0.521296 0.490625 0.520370 0.490104 0.520370 0.489583 0.519444 0.489063 0.519444 0.488542 0.518519 0.487500 0.518519 0.486979 0.517593 0.486458 0.517593 0.485938 0.516667 0.484896 0.516667 0.484375 0.515741 0.483854 0.515741 0.483333 0.514815 0.482812 0.514815 0.482292 0.513889 0.481250 0.513889 0.480729 0.512963 0.480208 0.512963 0.479687 0.512037 0.478646 0.512037 0.478125 0.511111 0.477604 0.511111 0.477083 0.510185
0 0.601042 0.549074 0.094792 0.075926 0.564583 0.511111 0.560417 0.518519 0.561458 0.518519 0.561979 0.519444 0.562500 0.519444 0.564063 0.522222 0.564063 0.523148 0.564583 0.524074 0.564583 0.525000 0.564063 0.525926 0.564063 0.526852 0.560937 0.532407 0.560937 0.533333 0.553646 0.546296 0.553646 0.547222 0.554167 0.547222 0.554688 0.548148 0.555729 0.548148 0.556250 0.549074 0.557292 0.549074 0.557813 0.550000 0.558333 0.550000 0.558854 0.550926 0.559896 0.550926 0.560417 0.551852 0.560937 0.551852 0.561458 0.552778 0.562500 0.552778 0.563021 0.553704 0.563542 0.553704 0.564063 0.554630 0.565104 0.554630 0.565625 0.555556 0.566667 0.555556 0.567187 0.556481 0.567708 0.556481 0.568229 0.557407 0.569271 0.557407 0.569792 0.558333 0.570312 0.558333 0.570833 0.559259 0.571875 0.559259 0.572396 0.560185 0.573438 0.560185 0.573958 0.561111 0.574479 0.561111 0.575000 0.562037 0.576042 0.562037 0.576562 0.562963 0.577083 0.562963 0.577604 0.563889 0.578646 0.563889 0.579167 0.564815 0.580208 0.564815 0.580729 0.565741 0.581250 0.565741 0.581771 0.566667 0.582812 0.566667 0.583333 0.567593 0.583854 0.567593 0.584375 0.568519 0.585417 0.568519 0.585938 0.569444 0.586979 0.569444 0.587500 0.570370 0.588021 0.570370 0.588542 0.571296 0.589583 0.571296 0.590104 0.572222 0.590625 0.572222 0.591146 0.573148 0.592187 0.573148 0.592708 0.574074 0.593229 0.574074 0.593750 0.575000 0.594792 0.575000 0.595313 0.575926 0.596354 0.575926 0.596875 0.576852 0.597396 0.576852 0.597917 0.577778 0.598958 0.577778 0.599479 0.578704 0.600000 0.578704 0.600521 0.579630 0.601562 0.579630 0.602083 0.580556 0.603125 0.580556 0.603646 0.581481 0.604167 0.581481 0.604688 0.582407 0.605729 0.582407 0.606250 0.583333 0.606771 0.583333 0.607292 0.584259 0.608333 0.584259 0.608854 0.585185 0.609896 0.585185 0.610417 0.586111 0.610938 0.586111 0.611458 0.587037 0.614062 0.587037 0.622396 0.572222 0.622396 0.571296 0.631250 0.555556 0.631250 0.554630 0.640104 0.538889 0.640104 0.537963 0.646875 0.525926 0.646875 0.525000 0.647917 0.523148 0.647917 0.522222 0.648438 0.521296 0.648438 0.520370 0.647917 0.519444 0.647917 0.518519 0.646875 0.516667 0.645312 0.516667 0.644792 0.515741 0.644271 0.516667 0.643750 0.516667 0.625521 0.549074 0.625521 0.550000 0.619271 0.561111 0.618750 0.561111 0.618229 0.562037 0.617188 0.562037 0.616667 0.561111 0.615625 0.561111 0.615104 0.560185 0.614062 0.560185 0.613542 0.559259 0.612500 0.559259 0.611979 0.558333 0.610938 0.558333 0.610417 0.557407 0.609375 0.557407 0.608854 0.556481 0.607812 0.556481 0.607292 0.555556 0.606250 0.555556 0.605729 0.554630 0.604688 0.554630 0.604167 0.553704 0.603125 0.553704 0.602604 0.552778 0.601562 0.552778 0.601042 0.551852 0.600000 0.551852 0.599479 0.550926 0.598958 0.550926 0.591146 0.537037 0.591146 0.536111 0.582292 0.520370 0.581771 0.520370 0.581250 0.519444 0.580208 0.519444 0.579688 0.518519 0.578646 0.518519 0.578125 0.517593 0.577083 0.517593 0.576562 0.516667 0.575000 0.516667 0.574479 0.515741 0.573438 0.515741 0.572917 0.514815 0.571875 0.514815 0.571354 0.513889 0.569792 0.513889 0.569271 0.512963 0.568229 0.512963 0.567708 0.512037 0.566146 0.512037 0.565625 0.511111
0 0.675260 0.547222 0.085938 0.068519 0.646354 0.512963 0.645312 0.514815 0.645312 0.515741 0.646875 0.515741 0.648438 0.518519 0.648438 0.519444 0.648958 0.520370 0.648958 0.521296 0.648438 0.522222 0.648438 0.523148 0.647396 0.525000 0.647396 0.525926 0.640625 0.537963 0.640625 0.538889 0.632292 0.553704 0.632812 0.553704 0.633333 0.554630 0.634375 0.554630 0.634896 0.555556 0.636458 0.555556 0.636979 0.556481 0.638021 0.556481 0.638542 0.557407 0.639583 0.557407 0.640104 0.558333 0.641146 0.558333 0.641667 0.559259 0.643229 0.559259 0.643750 0.560185 0.644792 0.560185 0.645312 0.561111 0.646354 0.561111 0.646875 0.562037 0.647917 0.562037 0.648438 0.562963 0.650000 0.562963 0.650521 0.563889 0.651563 0.563889 0.652083 0.564815 0.653125 0.564815 0.653646 0.565741 0.654687 0.565741 0.655208 0.566667 0.656250 0.566667 0.656771 0.567593 0.658333 0.567593 0.658854 0.568519 0.659896 0.568519 0.660417 0.569444 0.661458 0.569444 0.661979 0.570370 0.663021 0.570370 0.663542 0.571296 0.665104 0.571296 0.665625 0.572222 0.666667 0.572222 0.667188 0.573148 0.668229 0.573148 0.668750 0.574074 0.669792 0.574074 0.670312 0.575000 0.671875 0.575000 0.672396 0.575926 0.673438 0.575926 0.673958 0.576852 0.675000 0.576852 0.675521 0.577778 0.676562 0.577778 0.677083 0.578704 0.678646 0.578704 0.679167 0.579630 0.680208 0.579630 0.680729 0.580556 0.681771 0.580556 0.682292 0.581481 0.684896 0.581481 0.685937 0.579630 0.686458 0.579630 0.687500 0.577778 0.687500 0.576852 0.695312 0.562963 0.695312 0.562037 0.702604 0.549074 0.702604 0.548148 0.709896 0.535185 0.709896 0.534259 0.716146 0.523148 0.716146 0.522222 0.717708 0.519444 0.717708 0.518519 0.718229 0.517593 0.718229 0.516667 0.717708 0.515741 0.717708 0.514815 0.717187 0.513889 0.716667 0.514815 0.716667 0.515741 0.709896 0.527778 0.709896 0.528704 0.702604 0.541667 0.702604 0.542593 0.693750 0.558333 0.692187 0.558333 0.691667 0.557407 0.690104 0.557407 0.689583 0.556481 0.688021 0.556481 0.687500 0.555556 0.685937 0.555556 0.685417 0.554630 0.684896 0.554630 0.684375 0.555556 0.684375 0.556481 0.683333 0.558333 0.680729 0.558333 0.680208 0.557407 0.678646 0.557407 0.678125 0.556481 0.677083 0.556481 0.676562 0.555556 0.676042 0.555556 0.666667 0.538889 0.666667 0.537963 0.659375 0.525000 0.659375 0.524074 0.655208 0.516667 0.654687 0.516667 0.654167 0.515741 0.653125 0.515741 0.652604 0.514815 0.651042 0.514815 0.650521 0.513889 0.648958 0.513889 0.648438 0.512963
0 0.312760 0.524074 0.082812 0.098148 0.309896 0.475000 0.309375 0.475926 0.308854 0.475926 0.308333 0.476852 0.307812 0.476852 0.306771 0.478704 0.306250 0.478704 0.304688 0.481481 0.304167 0.481481 0.302083 0.485185 0.302083 0.486111 0.302604 0.487037 0.302604 0.487963 0.303125 0.488889 0.303125 0.489815 0.303646 0.490741 0.303646 0.492593 0.304167 0.493519 0.304167 0.494444 0.304688 0.495370 0.304688 0.499074 0.303646 0.500926 0.303646 0.501852 0.293750 0.519444 0.293229 0.519444 0.271354 0.558333 0.271354 0.570370 0.272396 0.572222 0.272917 0.572222 0.273438 0.573148 0.274479 0.573148 0.275521 0.571296 0.276042 0.571296 0.290625 0.545370 0.291146 0.545370 0.298438 0.532407 0.298958 0.532407 0.302604 0.525926 0.303125 0.525926 0.305208 0.522222 0.305729 0.522222 0.307292 0.519444 0.307812 0.519444 0.308854 0.517593 0.309375 0.517593 0.309896 0.516667 0.310937 0.516667 0.311458 0.515741 0.315104 0.515741 0.315625 0.516667 0.316667 0.516667 0.317708 0.518519 0.318229 0.518519 0.319271 0.520370 0.319792 0.520370 0.321354 0.523148 0.321875 0.523148 0.323958 0.526852 0.324479 0.526852 0.328125 0.533333 0.328646 0.533333 0.336458 0.547222 0.336979 0.547222 0.347917 0.566667 0.348438 0.566667 0.350000 0.569444 0.350521 0.569444 0.351042 0.570370 0.352083 0.570370 0.352604 0.569444 0.353125 0.569444 0.353646 0.568519 0.353646 0.567593 0.354167 0.566667 0.354167 0.565741 0.353646 0.564815 0.353646 0.563889 0.353125 0.562963 0.353125 0.562037 0.352083 0.560185 0.352083 0.559259 0.350521 0.556481 0.350521 0.555556 0.349479 0.553704 0.349479 0.552778 0.348438 0.550926 0.348438 0.550000 0.346875 0.547222 0.346875 0.546296 0.326042 0.509259 0.325521 0.509259 0.317188 0.494444 0.317188 0.493519 0.316146 0.491667 0.316146 0.490741 0.315625 0.489815 0.315625 0.488889 0.314583 0.487037 0.314583 0.486111 0.314063 0.485185 0.314063 0.484259 0.313542 0.483333 0.313542 0.482407 0.312500 0.480556 0.312500 0.479630 0.311979 0.478704 0.311979 0.477778 0.310417 0.475000
0 0.394792 0.532407 0.081250 0.075926 0.396354 0.494444 0.396354 0.495370 0.376042 0.531481 0.375521 0.531481 0.358854 0.561111 0.357812 0.561111 0.357292 0.562037 0.356771 0.561111 0.356250 0.561111 0.355729 0.560185 0.355208 0.560185 0.354167 0.558333 0.356250 0.562037 0.356250 0.562963 0.357812 0.565741 0.357812 0.566667 0.358854 0.568519 0.360938 0.568519 0.363021 0.564815 0.363542 0.564815 0.369792 0.553704 0.370312 0.553704 0.376563 0.542593 0.377083 0.542593 0.381250 0.535185 0.381771 0.535185 0.384896 0.529630 0.385417 0.529630 0.388021 0.525000 0.388542 0.525000 0.390104 0.522222 0.390625 0.522222 0.392188 0.519444 0.392708 0.519444 0.393229 0.518519 0.393750 0.518519 0.396354 0.523148 0.396354 0.524074 0.400521 0.531481 0.401042 0.531481 0.402604 0.534259 0.403125 0.534259 0.404167 0.536111 0.404687 0.536111 0.405729 0.537963 0.406250 0.537963 0.407813 0.540741 0.408333 0.540741 0.409375 0.542593 0.409896 0.542593 0.410938 0.544444 0.411458 0.544444 0.413021 0.547222 0.413542 0.547222 0.414583 0.549074 0.415104 0.549074 0.416146 0.550926 0.416667 0.550926 0.418229 0.553704 0.418750 0.553704 0.419792 0.555556 0.420312 0.555556 0.421354 0.557407 0.421875 0.557407 0.423438 0.560185 0.423958 0.560185 0.425000 0.562037 0.425521 0.562037 0.426563 0.563889 0.427083 0.563889 0.428646 0.566667 0.429167 0.566667 0.430208 0.568519 0.430729 0.568519 0.431771 0.570370 0.433854 0.570370 0.434896 0.568519 0.434896 0.567593 0.435417 0.566667 0.434896 0.565741 0.434896 0.564815 0.434375 0.563889 0.434375 0.562963 0.430729 0.556481 0.430729 0.555556 0.424479 0.544444 0.424479 0.543519 0.417187 0.530556 0.417187 0.529630 0.410417 0.517593 0.410417 0.516667 0.403125 0.503704 0.403125 0.502778 0.400521 0.498148 0.400000 0.498148 0.398958 0.496296 0.398438 0.496296 0.397917 0.495370 0.397396 0.495370 0.396875 0.494444
0 0.479948 0.519444 0.077604 0.075926 0.477604 0.481481 0.478125 0.482407 0.478125 0.485185 0.477604 0.486111 0.477604 0.487037 0.464583 0.510185 0.464583 0.511111 0.441146 0.552778 0.441667 0.552778 0.442708 0.554630 0.443229 0.554630 0.443750 0.555556 0.444271 0.555556 0.445312 0.557407 0.447396 0.557407 0.465625 0.525000 0.466146 0.525000 0.472396 0.513889 0.472917 0.513889 0.475521 0.509259 0.477083 0.509259 0.477604 0.510185 0.478125 0.510185 0.478646 0.511111 0.479687 0.511111 0.480208 0.512037 0.480729 0.512037 0.481250 0.512963 0.482292 0.512963 0.482812 0.513889 0.483333 0.513889 0.483854 0.514815 0.484375 0.514815 0.484896 0.515741 0.485938 0.515741 0.486458 0.516667 0.486979 0.516667 0.487500 0.517593 0.488542 0.517593 0.489063 0.518519 0.489583 0.518519 0.490104 0.519444 0.490625 0.519444 0.491146 0.520370 0.492188 0.520370 0.492708 0.521296 0.493229 0.521296 0.493750 0.522222 0.494271 0.522222 0.510417 0.550926 0.510938 0.550926 0.511458 0.551852 0.511979 0.551852 0.512500 0.552778 0.513542 0.552778 0.514062 0.553704 0.514583 0.553704 0.515104 0.554630 0.515625 0.554630 0.516146 0.555556 0.517708 0.555556 0.518750 0.553704 0.518750 0.550000 0.518229 0.549074 0.518229 0.548148 0.514583 0.541667 0.514583 0.540741 0.500000 0.514815 0.500000 0.513889 0.483854 0.485185 0.483333 0.485185 0.482812 0.484259 0.481771 0.484259 0.481250 0.483333 0.480208 0.483333 0.479687 0.482407 0.478646 0.482407 0.478125 0.481481
0 0.570312 0.516667 0.075000 0.077778 0.557813 0.477778 0.557292 0.478704 0.557813 0.479630 0.559375 0.479630 0.559896 0.480556 0.561979 0.480556 0.562500 0.481481 0.564063 0.481481 0.564583 0.482407 0.565104 0.482407 0.566146 0.484259 0.566146 0.485185 0.566667 0.486111 0.566667 0.488889 0.565104 0.491667 0.565104 0.492593 0.555208 0.510185 0.555208 0.511111 0.542188 0.534259 0.542188 0.535185 0.532813 0.551852 0.533333 0.552778 0.533854 0.552778 0.534375 0.553704 0.534896 0.553704 0.535417 0.554630 0.536458 0.554630 0.536979 0.555556 0.539062 0.555556 0.549479 0.537037 0.549479 0.536111 0.559375 0.518519 0.559896 0.518519 0.564583 0.510185 0.565625 0.510185 0.566146 0.511111 0.567708 0.511111 0.568229 0.512037 0.569271 0.512037 0.569792 0.512963 0.571354 0.512963 0.571875 0.513889 0.572917 0.513889 0.573438 0.514815 0.574479 0.514815 0.575000 0.515741 0.576562 0.515741 0.577083 0.516667 0.578125 0.516667 0.578646 0.517593 0.579688 0.517593 0.580208 0.518519 0.581250 0.518519 0.581771 0.519444 0.582292 0.519444 0.591667 0.536111 0.591667 0.537037 0.597917 0.548148 0.598437 0.548148 0.598958 0.549074 0.600000 0.549074 0.600521 0.550000 0.601562 0.550000 0.602083 0.550926 0.603125 0.550926 0.603646 0.551852 0.604688 0.551852 0.605208 0.552778 0.606250 0.552778 0.606771 0.551852 0.607292 0.551852 0.607292 0.550926 0.607812 0.550000 0.607812 0.548148 0.607292 0.547222 0.607292 0.546296 0.606250 0.544444 0.606250 0.543519 0.598437 0.529630 0.598437 0.528704 0.589063 0.512037 0.589063 0.511111 0.579688 0.494444 0.579688 0.493519 0.575000 0.485185 0.574479 0.485185 0.573438 0.483333 0.572396 0.483333 0.571875 0.482407 0.569792 0.482407 0.569271 0.481481 0.567708 0.481481 0.567187 0.480556 0.565625 0.480556 0.565104 0.479630 0.563542 0.479630 0.563021 0.478704 0.560937 0.478704 0.560417 0.477778
0 0.641406 0.527778 0.085938 0.066667 0.653646 0.494444 0.652604 0.496296 0.652604 0.497222 0.644271 0.512037 0.644271 0.512963 0.634896 0.529630 0.634896 0.530556 0.626042 0.546296 0.626042 0.547222 0.622396 0.553704 0.621875 0.553704 0.620833 0.555556 0.618750 0.555556 0.618229 0.554630 0.617188 0.554630 0.616667 0.553704 0.615625 0.553704 0.615104 0.552778 0.614062 0.552778 0.613542 0.551852 0.611979 0.551852 0.611458 0.550926 0.610417 0.550926 0.609896 0.550000 0.608854 0.550000 0.608333 0.549074 0.608333 0.550000 0.607812 0.550926 0.607812 0.551852 0.607292 0.552778 0.606771 0.552778 0.606250 0.553704 0.605208 0.553704 0.604688 0.552778 0.603646 0.552778 0.603125 0.551852 0.602083 0.551852 0.601562 0.550926 0.600521 0.550926 0.600000 0.550000 0.598958 0.550000 0.598437 0.549074 0.598958 0.550000 0.599479 0.550000 0.600000 0.550926 0.601042 0.550926 0.601562 0.551852 0.602604 0.551852 0.603125 0.552778 0.604167 0.552778 0.604688 0.553704 0.605729 0.553704 0.606250 0.554630 0.607292 0.554630 0.607812 0.555556 0.608854 0.555556 0.609375 0.556481 0.610417 0.556481 0.610938 0.557407 0.611979 0.557407 0.612500 0.558333 0.613542 0.558333 0.614062 0.559259 0.615104 0.559259 0.615625 0.560185 0.616667 0.560185 0.617188 0.561111 0.618229 0.561111 0.618750 0.560185 0.619271 0.560185 0.625000 0.550000 0.625000 0.549074 0.643750 0.515741 0.644271 0.515741 0.646354 0.512037 0.648438 0.512037 0.648958 0.512963 0.650521 0.512963 0.651042 0.513889 0.652604 0.513889 0.653125 0.514815 0.654167 0.514815 0.654687 0.515741 0.655208 0.515741 0.659896 0.524074 0.659896 0.525000 0.667188 0.537963 0.667188 0.538889 0.676042 0.554630 0.676562 0.554630 0.677083 0.555556 0.678125 0.555556 0.678646 0.556481 0.680208 0.556481 0.680729 0.557407 0.683333 0.557407 0.683854 0.556481 0.683854 0.555556 0.684375 0.554630 0.684375 0.553704 0.683854 0.552778 0.683854 0.551852 0.682813 0.550000 0.682813 0.549074 0.678646 0.541667 0.678646 0.540741 0.672396 0.529630 0.672396 0.528704 0.666667 0.518519 0.666667 0.517593 0.660417 0.506481 0.660417 0.505556 0.654167 0.494444
0 0.354687 0.517593 0.086458 0.087037 0.311979 0.474074 0.311458 0.475000 0.311979 0.475926 0.311979 0.476852 0.312500 0.477778 0.312500 0.478704 0.313021 0.479630 0.313021 0.480556 0.314063 0.482407 0.314063 0.483333 0.314583 0.484259 0.314583 0.485185 0.315104 0.486111 0.315104 0.487037 0.316146 0.488889 0.316146 0.489815 0.316667 0.490741 0.316667 0.491667 0.317708 0.493519 0.317708 0.494444 0.325521 0.508333 0.326042 0.508333 0.347396 0.546296 0.347917 0.546296 0.355208 0.559259 0.355729 0.559259 0.356250 0.560185 0.356771 0.560185 0.357292 0.561111 0.357812 0.560185 0.358854 0.560185 0.375521 0.530556 0.376042 0.530556 0.395833 0.495370 0.395833 0.494444 0.397396 0.491667 0.397396 0.490741 0.397917 0.489815 0.397917 0.488889 0.397396 0.487963 0.397396 0.487037 0.396354 0.485185 0.395833 0.485185 0.394792 0.483333 0.394271 0.483333 0.393750 0.482407 0.392188 0.482407 0.389583 0.487037 0.389062 0.487037 0.384375 0.495370 0.383854 0.495370 0.365104 0.528704 0.364583 0.528704 0.363021 0.531481 0.361458 0.531481 0.356771 0.523148 0.356771 0.522222 0.355729 0.520370 0.355208 0.520370 0.354167 0.518519 0.353646 0.518519 0.345313 0.503704 0.344792 0.503704 0.344271 0.504630 0.347917 0.511111 0.347917 0.512037 0.351562 0.518519 0.351562 0.519444 0.352604 0.521296 0.352604 0.522222 0.353125 0.523148 0.353125 0.524074 0.352604 0.525000 0.352604 0.525926 0.351562 0.527778 0.351042 0.527778 0.350521 0.528704 0.350000 0.528704 0.349479 0.527778 0.348438 0.527778 0.345833 0.523148 0.345313 0.523148 0.331771 0.499074 0.331250 0.499074 0.325521 0.488889 0.325000 0.488889 0.321875 0.483333 0.321354 0.483333 0.319271 0.479630 0.318750 0.479630 0.317708 0.477778 0.317188 0.477778 0.316146 0.475926 0.315104 0.475926 0.314583 0.475000 0.313542 0.475000 0.313021 0.474074
0 0.435417 0.515278 0.084375 0.076852 0.396875 0.476852 0.396354 0.477778 0.395833 0.477778 0.394792 0.479630 0.394271 0.479630 0.393229 0.481481 0.393750 0.481481 0.394271 0.482407 0.394792 0.482407 0.395833 0.484259 0.396354 0.484259 0.397917 0.487037 0.397917 0.487963 0.398438 0.488889 0.398438 0.489815 0.397917 0.490741 0.397917 0.491667 0.396875 0.493519 0.397396 0.494444 0.397917 0.494444 0.398438 0.495370 0.398958 0.495370 0.400000 0.497222 0.400521 0.497222 0.403646 0.502778 0.403646 0.503704 0.410938 0.516667 0.410938 0.517593 0.417708 0.529630 0.418229 0.529630 0.419271 0.531481 0.419792 0.531481 0.420833 0.533333 0.421354 0.533333 0.421875 0.534259 0.422396 0.534259 0.423438 0.536111 0.423958 0.536111 0.425000 0.537963 0.425521 0.537963 0.426563 0.539815 0.427083 0.539815 0.428125 0.541667 0.428646 0.541667 0.429688 0.543519 0.430208 0.543519 0.431250 0.545370 0.431771 0.545370 0.432812 0.547222 0.433333 0.547222 0.433854 0.548148 0.434375 0.548148 0.435417 0.550000 0.435937 0.550000 0.436979 0.551852 0.437500 0.551852 0.438021 0.552778 0.438542 0.552778 0.439063 0.553704 0.439583 0.553704 0.440104 0.552778 0.440625 0.552778 0.464062 0.511111 0.464062 0.510185 0.477083 0.487037 0.477083 0.486111 0.477604 0.485185 0.477604 0.482407 0.476042 0.479630 0.475000 0.481481 0.474479 0.481481 0.452083 0.521296 0.451562 0.521296 0.450000 0.524074 0.448958 0.524074 0.448437 0.523148 0.447917 0.523148 0.447396 0.522222 0.446875 0.522222 0.446354 0.521296 0.445833 0.521296 0.445312 0.520370 0.444792 0.520370 0.444271 0.519444 0.443750 0.519444 0.443229 0.518519 0.442708 0.518519 0.442188 0.517593 0.441667 0.517593 0.441146 0.516667 0.440625 0.516667 0.440104 0.515741 0.437500 0.515741 0.436979 0.514815 0.436458 0.514815 0.435937 0.513889 0.435417 0.513889 0.434896 0.512963 0.434375 0.512963 0.433854 0.512037 0.433333 0.512037 0.432812 0.511111 0.437500 0.519444 0.437500 0.520370 0.438542 0.522222 0.438542 0.523148 0.439063 0.524074 0.439063 0.525926 0.438542 0.526852 0.438542 0.527778 0.438021 0.528704 0.437500 0.528704 0.436979 0.529630 0.435417 0.529630 0.434896 0.528704 0.434375 0.528704 0.433333 0.526852 0.432812 0.526852 0.432292 0.525926 0.431771 0.525926 0.431250 0.525000 0.430729 0.525000 0.429688 0.523148 0.429167 0.523148 0.428646 0.522222 0.428125 0.522222 0.423958 0.514815 0.423438 0.514815 0.405729 0.483333 0.405208 0.483333 0.404167 0.481481 0.403646 0.481481 0.403125 0.480556 0.402604 0.480556 0.402083 0.479630 0.401562 0.479630 0.401042 0.478704 0.400521 0.478704 0.400000 0.477778 0.399479 0.477778 0.398958 0.476852
0 0.521354 0.515741 0.089583 0.079630 0.478125 0.475926 0.476562 0.478704 0.476562 0.479630 0.477083 0.480556 0.478125 0.480556 0.478646 0.481481 0.479687 0.481481 0.480208 0.482407 0.481250 0.482407 0.481771 0.483333 0.482812 0.483333 0.483333 0.484259 0.483854 0.484259 0.500521 0.513889 0.500521 0.514815 0.515104 0.540741 0.515104 0.541667 0.519271 0.549074 0.519792 0.549074 0.520312 0.550000 0.521354 0.550000 0.521875 0.550926 0.522396 0.550926 0.522917 0.551852 0.523438 0.551852 0.523958 0.552778 0.525000 0.552778 0.525521 0.553704 0.526042 0.553704 0.526563 0.554630 0.527604 0.554630 0.528125 0.555556 0.529687 0.555556 0.530208 0.554630 0.530729 0.554630 0.541667 0.535185 0.541667 0.534259 0.554688 0.511111 0.554688 0.510185 0.564583 0.492593 0.564583 0.491667 0.566146 0.488889 0.566146 0.486111 0.565625 0.485185 0.565625 0.484259 0.565104 0.483333 0.564583 0.483333 0.564063 0.482407 0.562500 0.482407 0.561979 0.481481 0.559896 0.481481 0.559375 0.480556 0.557813 0.480556 0.557292 0.479630 0.556771 0.479630 0.544271 0.501852 0.544271 0.502778 0.536458 0.516667 0.535937 0.516667 0.535417 0.517593 0.534896 0.517593 0.534375 0.516667 0.533333 0.516667 0.532813 0.515741 0.531771 0.515741 0.531250 0.514815 0.529167 0.518519 0.527083 0.518519 0.526563 0.517593 0.525521 0.517593 0.525000 0.516667 0.523958 0.516667 0.523438 0.515741 0.523958 0.516667 0.523958 0.517593 0.523438 0.518519 0.523438 0.519444 0.522396 0.521296 0.521875 0.521296 0.521354 0.522222 0.520833 0.522222 0.520312 0.521296 0.519271 0.521296 0.518750 0.520370 0.517708 0.520370 0.517188 0.519444 0.516146 0.519444 0.515625 0.518519 0.514583 0.518519 0.496354 0.486111 0.495833 0.486111 0.495312 0.485185 0.494792 0.485185 0.494271 0.484259 0.493229 0.484259 0.492708 0.483333 0.491667 0.483333 0.491146 0.482407 0.489583 0.482407 0.489063 0.481481 0.488021 0.481481 0.487500 0.480556 0.486458 0.480556 0.485938 0.479630 0.484375 0.479630 0.483854 0.478704 0.482812 0.478704 0.482292 0.477778 0.481250 0.477778 0.480729 0.476852 0.479687 0.476852 0.479167 0.475926
0 0.607552 0.514352 0.097396 0.080556 0.560417 0.474074 0.558854 0.476852 0.560417 0.476852 0.560937 0.477778 0.563021 0.477778 0.563542 0.478704 0.565104 0.478704 0.565625 0.479630 0.567187 0.479630 0.567708 0.480556 0.569271 0.480556 0.569792 0.481481 0.571875 0.481481 0.572396 0.482407 0.573438 0.482407 0.574479 0.484259 0.575000 0.484259 0.580208 0.493519 0.580208 0.494444 0.589583 0.511111 0.589583 0.512037 0.598958 0.528704 0.598958 0.529630 0.606771 0.543519 0.606771 0.544444 0.607812 0.546296 0.607812 0.547222 0.608854 0.549074 0.609896 0.549074 0.610417 0.550000 0.611458 0.550000 0.611979 0.550926 0.613542 0.550926 0.614062 0.551852 0.615104 0.551852 0.615625 0.552778 0.616667 0.552778 0.617188 0.553704 0.618229 0.553704 0.618750 0.554630 0.620833 0.554630 0.621875 0.552778 0.622396 0.552778 0.625521 0.547222 0.625521 0.546296 0.634375 0.530556 0.634375 0.529630 0.643750 0.512963 0.643750 0.512037 0.652083 0.497222 0.652083 0.496296 0.655729 0.489815 0.655729 0.488889 0.656250 0.487963 0.656250 0.486111 0.655729 0.485185 0.655729 0.484259 0.655208 0.483333 0.654687 0.483333 0.654167 0.482407 0.651563 0.482407 0.651042 0.481481 0.648958 0.485185 0.648438 0.485185 0.634896 0.509259 0.634896 0.510185 0.624479 0.528704 0.623437 0.528704 0.622917 0.527778 0.621354 0.527778 0.620833 0.526852 0.619792 0.526852 0.619271 0.525926 0.617708 0.525926 0.617188 0.525000 0.615625 0.525000 0.615104 0.524074 0.613542 0.524074 0.613021 0.523148 0.611979 0.523148 0.611458 0.522222 0.609896 0.522222 0.609375 0.521296 0.608333 0.521296 0.594271 0.496296 0.594271 0.495370 0.589063 0.486111 0.588542 0.486111 0.588021 0.485185 0.586979 0.485185 0.586458 0.484259 0.584896 0.484259 0.584375 0.483333 0.582812 0.483333 0.582292 0.482407 0.580208 0.482407 0.579688 0.481481 0.578125 0.481481 0.577604 0.480556 0.575521 0.480556 0.575000 0.479630 0.573438 0.479630 0.572917 0.478704 0.570833 0.478704 0.570312 0.477778 0.568750 0.477778 0.568229 0.476852 0.566146 0.476852 0.565625 0.475926 0.564063 0.475926 0.563542 0.475000 0.561458 0.475000 0.560937 0.474074
0 0.690625 0.521296 0.072917 0.072222 0.716667 0.485185 0.713021 0.491667 0.713021 0.492593 0.705729 0.505556 0.705729 0.506481 0.698438 0.519444 0.698438 0.520370 0.694271 0.527778 0.693750 0.527778 0.693229 0.528704 0.690104 0.528704 0.689583 0.527778 0.687500 0.527778 0.686979 0.526852 0.685417 0.526852 0.684896 0.525926 0.683333 0.525926 0.682813 0.525000 0.681771 0.525000 0.675521 0.513889 0.675521 0.512963 0.669271 0.501852 0.669271 0.500926 0.663542 0.490741 0.663021 0.490741 0.662500 0.489815 0.660937 0.489815 0.660417 0.488889 0.657813 0.488889 0.657292 0.487963 0.656771 0.487963 0.656250 0.488889 0.656250 0.489815 0.654167 0.493519 0.660937 0.505556 0.660937 0.506481 0.667188 0.517593 0.667188 0.518519 0.672917 0.528704 0.672917 0.529630 0.679167 0.540741 0.679167 0.541667 0.683333 0.549074 0.683333 0.550000 0.684375 0.551852 0.684375 0.552778 0.684896 0.553704 0.685417 0.553704 0.685937 0.554630 0.687500 0.554630 0.688021 0.555556 0.689583 0.555556 0.690104 0.556481 0.691667 0.556481 0.692187 0.557407 0.693750 0.557407 0.702083 0.542593 0.702083 0.541667 0.709375 0.528704 0.709375 0.527778 0.716146 0.515741 0.716146 0.514815 0.723437 0.501852 0.723437 0.500926 0.726562 0.495370 0.726562 0.494444 0.727083 0.493519 0.727083 0.489815 0.726042 0.487963 0.724479 0.487963 0.723958 0.487037 0.721354 0.487037 0.720833 0.486111 0.717708 0.486111 0.717187 0.485185
0 0.311979 0.484259 0.081250 0.090741 0.307812 0.438889 0.307292 0.439815 0.306771 0.439815 0.305729 0.441667 0.305208 0.441667 0.303125 0.445370 0.302604 0.445370 0.299479 0.450926 0.298958 0.450926 0.297396 0.453704 0.297917 0.454630 0.297917 0.455556 0.298958 0.457407 0.298958 0.458333 0.299479 0.459259 0.299479 0.460185 0.300000 0.461111 0.300000 0.462037 0.300521 0.462963 0.300521 0.463889 0.301042 0.464815 0.301042 0.468519 0.298958 0.472222 0.298958 0.473148 0.293229 0.483333 0.292708 0.483333 0.271354 0.521296 0.271354 0.525926 0.271875 0.526852 0.271875 0.527778 0.272396 0.528704 0.272917 0.528704 0.273438 0.529630 0.274479 0.529630 0.275000 0.528704 0.275521 0.528704 0.287500 0.507407 0.288021 0.507407 0.296875 0.491667 0.297396 0.491667 0.301563 0.484259 0.302083 0.484259 0.304167 0.480556 0.304688 0.480556 0.306250 0.477778 0.306771 0.477778 0.307812 0.475926 0.308333 0.475926 0.308854 0.475000 0.309375 0.475000 0.309896 0.474074 0.311458 0.474074 0.311979 0.473148 0.313021 0.473148 0.313542 0.474074 0.314583 0.474074 0.315104 0.475000 0.316146 0.475000 0.317188 0.476852 0.317708 0.476852 0.318750 0.478704 0.319271 0.478704 0.321354 0.482407 0.321875 0.482407 0.325000 0.487963 0.325521 0.487963 0.331250 0.498148 0.331771 0.498148 0.345313 0.522222 0.345833 0.522222 0.348438 0.526852 0.349479 0.526852 0.350000 0.527778 0.350521 0.527778 0.351042 0.526852 0.351562 0.526852 0.352083 0.525926 0.352083 0.525000 0.352604 0.524074 0.352604 0.523148 0.352083 0.522222 0.352083 0.521296 0.351042 0.519444 0.351042 0.518519 0.347396 0.512037 0.347396 0.511111 0.343750 0.504630 0.343750 0.503704 0.340104 0.497222 0.340104 0.496296 0.335938 0.488889 0.335938 0.487963 0.327604 0.473148 0.327083 0.473148
0 0.397396 0.491667 0.082292 0.077778 0.395833 0.452778 0.358333 0.519444 0.357812 0.519444 0.357292 0.520370 0.356250 0.520370 0.357292 0.522222 0.357292 0.523148 0.361458 0.530556 0.363021 0.530556 0.364583 0.527778 0.365104 0.527778 0.383854 0.494444 0.384375 0.494444 0.389062 0.486111 0.389583 0.486111 0.392188 0.481481 0.392708 0.481481 0.394271 0.478704 0.394792 0.478704 0.395833 0.476852 0.396354 0.476852 0.396875 0.475926 0.398958 0.475926 0.399479 0.476852 0.400000 0.476852 0.400521 0.477778 0.401042 0.477778 0.401562 0.478704 0.402083 0.478704 0.402604 0.479630 0.403125 0.479630 0.403646 0.480556 0.404167 0.480556 0.405208 0.482407 0.405729 0.482407 0.423438 0.513889 0.423958 0.513889 0.428125 0.521296 0.428646 0.521296 0.429167 0.522222 0.429688 0.522222 0.430729 0.524074 0.431250 0.524074 0.431771 0.525000 0.432292 0.525000 0.432812 0.525926 0.433333 0.525926 0.434375 0.527778 0.434896 0.527778 0.435417 0.528704 0.436979 0.528704 0.437500 0.527778 0.438021 0.527778 0.438021 0.526852 0.438542 0.525926 0.438542 0.524074 0.438021 0.523148 0.438021 0.522222 0.436979 0.520370 0.436979 0.519444 0.401042 0.455556 0.400000 0.455556 0.399479 0.454630 0.398958 0.454630 0.398438 0.453704 0.397396 0.453704 0.396875 0.452778
0 0.481771 0.483796 0.083333 0.078704 0.477083 0.444444 0.477604 0.445370 0.477604 0.447222 0.477083 0.448148 0.477083 0.449074 0.465625 0.469444 0.465625 0.470370 0.441146 0.513889 0.440625 0.513889 0.440104 0.514815 0.440625 0.515741 0.441146 0.515741 0.441667 0.516667 0.442188 0.516667 0.442708 0.517593 0.443229 0.517593 0.443750 0.518519 0.444271 0.518519 0.444792 0.519444 0.445312 0.519444 0.445833 0.520370 0.446354 0.520370 0.446875 0.521296 0.447396 0.521296 0.447917 0.522222 0.448437 0.522222 0.448958 0.523148 0.450000 0.523148 0.451562 0.520370 0.452083 0.520370 0.474479 0.480556 0.475000 0.480556 0.478125 0.475000 0.479167 0.475000 0.479687 0.475926 0.480729 0.475926 0.481250 0.476852 0.482292 0.476852 0.482812 0.477778 0.483854 0.477778 0.484375 0.478704 0.485938 0.478704 0.486458 0.479630 0.487500 0.479630 0.488021 0.480556 0.489063 0.480556 0.489583 0.481481 0.491146 0.481481 0.491667 0.482407 0.492708 0.482407 0.493229 0.483333 0.494271 0.483333 0.494792 0.484259 0.495312 0.484259 0.495833 0.485185 0.496354 0.485185 0.514583 0.517593 0.515625 0.517593 0.516146 0.518519 0.517188 0.518519 0.517708 0.519444 0.518750 0.519444 0.519271 0.520370 0.520312 0.520370 0.520833 0.521296 0.521354 0.521296 0.521875 0.520370 0.522396 0.520370 0.522917 0.519444 0.522917 0.518519 0.523438 0.517593 0.523438 0.516667 0.522917 0.515741 0.522917 0.514815 0.521875 0.512963 0.521875 0.512037 0.513021 0.496296 0.513021 0.495370 0.500000 0.472222 0.500000 0.471296 0.487500 0.449074 0.486979 0.449074 0.486458 0.448148 0.484896 0.448148 0.484375 0.447222 0.482292 0.447222 0.481771 0.446296 0.479687 0.446296 0.479167 0.445370 0.477604 0.445370
0 0.567969 0.480093 0.072396 0.073148 0.564063 0.443519 0.563542 0.444444 0.565625 0.448148 0.565625 0.450926 0.565104 0.451852 0.565104 0.452778 0.559375 0.462963 0.559375 0.463889 0.545312 0.488889 0.545312 0.489815 0.531771 0.513889 0.531771 0.514815 0.532813 0.514815 0.533333 0.515741 0.534375 0.515741 0.534896 0.516667 0.535417 0.516667 0.535937 0.515741 0.536458 0.515741 0.543750 0.502778 0.543750 0.501852 0.557813 0.476852 0.558333 0.476852 0.560417 0.473148 0.560937 0.473148 0.561458 0.474074 0.563542 0.474074 0.564063 0.475000 0.565625 0.475000 0.566146 0.475926 0.568229 0.475926 0.568750 0.476852 0.570312 0.476852 0.570833 0.477778 0.572917 0.477778 0.573438 0.478704 0.575000 0.478704 0.575521 0.479630 0.577604 0.479630 0.578125 0.480556 0.579688 0.480556 0.580208 0.481481 0.582292 0.481481 0.582812 0.482407 0.584375 0.482407 0.584896 0.483333 0.586458 0.483333 0.586979 0.484259 0.588021 0.484259 0.588542 0.485185 0.589063 0.485185 0.594792 0.495370 0.594792 0.496296 0.603646 0.512037 0.604167 0.511111 0.604167 0.509259 0.603646 0.508333 0.603646 0.507407 0.601042 0.502778 0.601042 0.501852 0.593229 0.487963 0.593229 0.487037 0.584375 0.471296 0.584375 0.470370 0.576042 0.455556 0.576042 0.454630 0.571354 0.446296 0.570833 0.446296 0.570312 0.445370 0.569792 0.445370 0.569271 0.444444 0.566667 0.444444 0.566146 0.443519
0 0.647656 0.491204 0.086979 0.073148 0.653646 0.454630 0.653646 0.455556 0.646354 0.468519 0.646354 0.469444 0.636979 0.486111 0.636979 0.487037 0.627083 0.504630 0.627083 0.505556 0.620313 0.517593 0.619792 0.517593 0.619271 0.518519 0.618229 0.518519 0.617708 0.517593 0.616146 0.517593 0.615625 0.516667 0.614062 0.516667 0.613542 0.515741 0.611979 0.515741 0.611458 0.514815 0.609896 0.514815 0.609375 0.513889 0.607812 0.513889 0.607292 0.512963 0.605729 0.512963 0.605208 0.512037 0.604167 0.512037 0.604167 0.512963 0.608333 0.520370 0.609375 0.520370 0.609896 0.521296 0.611458 0.521296 0.611979 0.522222 0.613021 0.522222 0.613542 0.523148 0.615104 0.523148 0.615625 0.524074 0.617188 0.524074 0.617708 0.525000 0.619271 0.525000 0.619792 0.525926 0.620833 0.525926 0.621354 0.526852 0.622917 0.526852 0.623437 0.527778 0.624479 0.527778 0.634375 0.510185 0.634375 0.509259 0.648438 0.484259 0.648958 0.484259 0.651042 0.480556 0.651563 0.481481 0.654167 0.481481 0.654687 0.482407 0.655208 0.482407 0.656250 0.484259 0.656250 0.485185 0.656771 0.486111 0.656771 0.487037 0.657292 0.487037 0.657813 0.487963 0.660417 0.487963 0.660937 0.488889 0.662500 0.488889 0.663021 0.489815 0.663542 0.489815 0.669792 0.500926 0.669792 0.501852 0.676042 0.512963 0.676042 0.513889 0.680208 0.521296 0.681250 0.521296 0.681771 0.522222 0.683333 0.522222 0.683854 0.523148 0.685937 0.523148 0.686458 0.524074 0.688021 0.524074 0.688542 0.525000 0.689583 0.525000 0.690104 0.524074 0.690625 0.524074 0.691146 0.523148 0.691146 0.519444 0.690625 0.518519 0.690625 0.517593 0.688021 0.512963 0.688021 0.512037 0.682813 0.502778 0.682813 0.501852 0.677083 0.491667 0.677083 0.490741 0.671875 0.481481 0.671875 0.480556 0.666146 0.470370 0.666146 0.469444 0.658854 0.456481 0.658333 0.456481 0.657813 0.455556 0.655208 0.455556 0.654687 0.454630
0 0.352865 0.477778 0.086979 0.083333 0.310937 0.436111 0.310417 0.437037 0.309375 0.437037 0.311458 0.440741 0.311458 0.441667 0.313542 0.445370 0.313542 0.446296 0.316146 0.450926 0.316146 0.451852 0.336979 0.488889 0.337500 0.488889 0.353646 0.517593 0.354167 0.517593 0.355208 0.519444 0.357292 0.519444 0.357812 0.518519 0.358333 0.518519 0.395833 0.451852 0.395833 0.450000 0.396354 0.449074 0.395833 0.448148 0.395833 0.447222 0.394792 0.445370 0.394271 0.445370 0.393750 0.444444 0.392708 0.444444 0.391667 0.446296 0.391146 0.446296 0.388021 0.451852 0.387500 0.451852 0.379167 0.466667 0.378646 0.466667 0.364063 0.492593 0.363542 0.492593 0.363021 0.493519 0.362500 0.493519 0.361979 0.492593 0.361458 0.492593 0.359896 0.489815 0.359375 0.489815 0.356771 0.485185 0.356250 0.485185 0.354167 0.481481 0.353646 0.481481 0.351562 0.477778 0.351042 0.477778 0.348958 0.474074 0.348438 0.474074 0.345833 0.469444 0.345833 0.470370 0.352604 0.482407 0.352604 0.483333 0.353125 0.484259 0.353125 0.487963 0.352083 0.489815 0.351562 0.489815 0.351042 0.490741 0.349479 0.490741 0.348438 0.488889 0.347917 0.488889 0.342708 0.479630 0.342187 0.479630 0.338542 0.473148 0.338021 0.473148 0.337500 0.472222 0.336979 0.472222 0.335938 0.470370 0.335417 0.470370 0.333333 0.466667 0.332813 0.466667 0.328646 0.459259 0.328125 0.459259 0.316146 0.437963 0.315625 0.437963 0.315104 0.437037 0.314583 0.437037 0.314063 0.436111
0 0.435156 0.476852 0.083854 0.075926 0.396875 0.438889 0.395833 0.440741 0.395313 0.440741 0.394271 0.442593 0.393750 0.442593 0.393229 0.443519 0.393750 0.443519 0.394271 0.444444 0.394792 0.444444 0.396354 0.447222 0.396354 0.448148 0.396875 0.449074 0.396354 0.450000 0.396354 0.451852 0.396875 0.451852 0.397396 0.452778 0.398438 0.452778 0.398958 0.453704 0.399479 0.453704 0.400000 0.454630 0.401042 0.454630 0.432292 0.510185 0.432812 0.510185 0.433333 0.511111 0.433854 0.511111 0.434375 0.512037 0.434896 0.512037 0.435417 0.512963 0.435937 0.512963 0.436458 0.513889 0.436979 0.513889 0.437500 0.514815 0.439583 0.514815 0.440625 0.512963 0.441146 0.512963 0.465104 0.470370 0.465104 0.469444 0.476562 0.449074 0.476562 0.448148 0.477083 0.447222 0.477083 0.445370 0.476562 0.444444 0.476562 0.443519 0.476042 0.442593 0.475521 0.442593 0.475000 0.441667 0.474479 0.441667 0.470833 0.448148 0.470313 0.448148 0.449479 0.485185 0.447917 0.485185 0.447396 0.484259 0.446354 0.484259 0.445833 0.483333 0.444792 0.483333 0.444271 0.482407 0.443750 0.482407 0.443229 0.481481 0.442188 0.481481 0.441667 0.480556 0.440625 0.480556 0.440104 0.479630 0.439583 0.479630 0.439063 0.478704 0.438021 0.478704 0.437500 0.477778 0.436979 0.477778 0.436458 0.476852 0.435417 0.476852 0.434896 0.475926 0.438542 0.482407 0.438542 0.483333 0.439583 0.485185 0.439583 0.488889 0.438021 0.491667 0.435937 0.491667 0.435417 0.490741 0.434896 0.490741 0.434375 0.489815 0.433333 0.489815 0.432812 0.488889 0.432292 0.488889 0.431771 0.487963 0.431250 0.487963 0.430729 0.487037 0.429688 0.487037 0.426042 0.480556 0.425521 0.480556 0.405208 0.444444 0.404687 0.444444 0.403646 0.442593 0.403125 0.442593 0.402604 0.441667 0.401562 0.441667 0.401042 0.440741 0.400000 0.440741 0.399479 0.439815 0.398438 0.439815 0.397917 0.438889
0 0.520052 0.478704 0.090104 0.077778 0.475521 0.439815 0.475000 0.440741 0.475521 0.441667 0.476042 0.441667 0.477604 0.444444 0.479167 0.444444 0.479687 0.445370 0.481771 0.445370 0.482292 0.446296 0.484375 0.446296 0.484896 0.447222 0.486458 0.447222 0.486979 0.448148 0.487500 0.448148 0.500521 0.471296 0.500521 0.472222 0.513542 0.495370 0.513542 0.496296 0.522396 0.512037 0.522396 0.512963 0.523958 0.515741 0.525000 0.515741 0.525521 0.516667 0.526563 0.516667 0.527083 0.517593 0.529167 0.517593 0.544792 0.489815 0.544792 0.488889 0.558854 0.463889 0.558854 0.462963 0.564583 0.452778 0.564583 0.451852 0.565104 0.450926 0.565104 0.448148 0.563542 0.445370 0.563021 0.445370 0.541667 0.483333 0.539062 0.483333 0.538542 0.482407 0.536979 0.482407 0.536458 0.481481 0.534896 0.481481 0.534375 0.480556 0.532813 0.480556 0.532292 0.479630 0.531250 0.481481 0.530729 0.481481 0.530208 0.482407 0.528646 0.482407 0.528125 0.481481 0.526563 0.481481 0.526042 0.480556 0.524479 0.480556 0.523958 0.479630 0.522396 0.479630 0.522396 0.480556 0.520833 0.483333 0.518750 0.483333 0.518229 0.482407 0.516667 0.482407 0.516146 0.481481 0.514583 0.481481 0.513021 0.478704 0.512500 0.478704 0.506250 0.467593 0.506250 0.466667 0.495833 0.448148 0.495312 0.448148 0.494792 0.447222 0.494271 0.447222 0.493750 0.446296 0.492188 0.446296 0.491667 0.445370 0.489583 0.445370 0.489063 0.444444 0.486979 0.444444 0.486458 0.443519 0.484896 0.443519 0.484375 0.442593 0.482292 0.442593 0.481771 0.441667 0.479687 0.441667 0.479167 0.440741 0.477083 0.440741 0.476562 0.439815
0 0.609635 0.479630 0.090104 0.075926 0.565104 0.441667 0.564583 0.442593 0.566146 0.442593 0.566667 0.443519 0.569271 0.443519 0.569792 0.444444 0.570312 0.444444 0.570833 0.445370 0.571354 0.445370 0.576562 0.454630 0.576562 0.455556 0.584896 0.470370 0.584896 0.471296 0.593750 0.487037 0.593750 0.487963 0.601562 0.501852 0.601562 0.502778 0.604167 0.507407 0.604167 0.508333 0.604688 0.509259 0.604688 0.511111 0.605208 0.511111 0.605729 0.512037 0.607292 0.512037 0.607812 0.512963 0.609375 0.512963 0.609896 0.513889 0.611458 0.513889 0.611979 0.514815 0.613542 0.514815 0.614062 0.515741 0.615625 0.515741 0.616146 0.516667 0.617708 0.516667 0.618229 0.517593 0.619271 0.517593 0.619792 0.516667 0.620313 0.516667 0.626563 0.505556 0.626563 0.504630 0.636458 0.487037 0.636458 0.486111 0.645833 0.469444 0.645833 0.468519 0.653125 0.455556 0.653125 0.454630 0.654687 0.451852 0.654687 0.449074 0.654167 0.448148 0.654167 0.447222 0.653646 0.446296 0.653125 0.446296 0.652604 0.445370 0.648958 0.445370 0.648438 0.444444 0.647396 0.444444 0.645312 0.448148 0.644792 0.448148 0.630729 0.473148 0.630729 0.474074 0.621354 0.490741 0.619792 0.490741 0.619271 0.489815 0.617188 0.489815 0.616667 0.488889 0.614583 0.488889 0.614062 0.487963 0.612500 0.487963 0.611979 0.487037 0.609896 0.487037 0.609375 0.486111 0.608333 0.486111 0.595313 0.462963 0.595313 0.462037 0.587500 0.448148 0.586979 0.448148 0.586458 0.447222 0.584896 0.447222 0.584375 0.446296 0.581250 0.446296 0.580729 0.445370 0.578125 0.445370 0.577604 0.444444 0.574479 0.444444 0.573958 0.443519 0.571354 0.443519 0.570833 0.442593 0.567708 0.442593 0.567187 0.441667
0 0.694010 0.493981 0.064062 0.067593 0.723958 0.460185 0.717187 0.472222 0.717187 0.473148 0.709896 0.486111 0.709896 0.487037 0.700521 0.503704 0.697917 0.503704 0.697396 0.502778 0.695312 0.502778 0.694792 0.501852 0.692187 0.501852 0.691667 0.500926 0.689583 0.500926 0.689063 0.500000 0.686979 0.500000 0.686458 0.499074 0.683854 0.499074 0.683333 0.498148 0.682813 0.498148 0.671875 0.478704 0.671875 0.477778 0.665625 0.466667 0.665625 0.465741 0.664583 0.463889 0.664062 0.463889 0.662500 0.461111 0.661979 0.461111 0.666667 0.469444 0.666667 0.470370 0.672396 0.480556 0.672396 0.481481 0.677604 0.490741 0.677604 0.491667 0.683333 0.501852 0.683333 0.502778 0.688542 0.512037 0.688542 0.512963 0.691146 0.517593 0.691146 0.518519 0.691667 0.519444 0.691667 0.523148 0.690625 0.525000 0.690104 0.525000 0.689583 0.525926 0.688542 0.525926 0.688021 0.525000 0.686458 0.525000 0.685937 0.524074 0.683854 0.524074 0.683333 0.523148 0.681771 0.523148 0.681250 0.522222 0.680729 0.522222 0.681771 0.524074 0.682813 0.524074 0.683333 0.525000 0.684896 0.525000 0.685417 0.525926 0.686979 0.525926 0.687500 0.526852 0.689583 0.526852 0.690104 0.527778 0.693229 0.527778 0.693750 0.526852 0.694271 0.526852 0.697917 0.520370 0.697917 0.519444 0.705208 0.506481 0.705208 0.505556 0.712500 0.492593 0.712500 0.491667 0.720313 0.477778 0.720313 0.476852 0.725000 0.468519 0.725000 0.467593 0.726042 0.465741 0.726042 0.462037 0.725000 0.460185
0 0.311979 0.448148 0.081250 0.087037 0.304688 0.404630 0.304167 0.405556 0.303646 0.405556 0.303125 0.406481 0.302604 0.406481 0.292187 0.425000 0.292187 0.426852 0.293229 0.428704 0.293229 0.429630 0.293750 0.430556 0.293750 0.431481 0.294792 0.433333 0.294792 0.437963 0.271354 0.479630 0.271354 0.488889 0.272396 0.490741 0.272917 0.490741 0.273438 0.491667 0.273958 0.491667 0.274479 0.490741 0.275000 0.490741 0.276562 0.487963 0.277083 0.487963 0.292708 0.460185 0.293229 0.460185 0.298958 0.450000 0.299479 0.450000 0.302604 0.444444 0.303125 0.444444 0.305208 0.440741 0.305729 0.440741 0.306771 0.438889 0.307292 0.438889 0.308333 0.437037 0.308854 0.437037 0.309375 0.436111 0.310417 0.436111 0.310937 0.435185 0.314063 0.435185 0.314583 0.436111 0.315104 0.436111 0.315625 0.437037 0.316146 0.437037 0.316667 0.437963 0.317188 0.437963 0.318229 0.439815 0.318750 0.439815 0.320312 0.442593 0.320833 0.442593 0.323437 0.447222 0.323958 0.447222 0.330208 0.458333 0.330729 0.458333 0.342187 0.478704 0.342708 0.478704 0.347917 0.487963 0.348438 0.487963 0.349479 0.489815 0.351042 0.489815 0.351562 0.488889 0.352083 0.488889 0.352604 0.487963 0.352604 0.484259 0.352083 0.483333 0.352083 0.482407 0.331771 0.446296 0.331250 0.446296 0.315104 0.417593 0.314583 0.417593 0.313021 0.414815 0.312500 0.414815 0.310937 0.412037 0.310417 0.412037 0.308854 0.409259 0.308333 0.409259 0.306771 0.406481 0.306250 0.406481 0.305208 0.404630
0 0.391406 0.454167 0.095312 0.076852 0.397917 0.415741 0.396354 0.418519 0.396354 0.419444 0.379167 0.450000 0.378646 0.450000 0.359896 0.483333 0.359375 0.483333 0.358854 0.484259 0.356771 0.484259 0.354687 0.480556 0.354167 0.480556 0.352083 0.476852 0.351562 0.476852 0.349479 0.473148 0.348958 0.473148 0.346875 0.469444 0.346354 0.469444 0.343750 0.464815 0.343750 0.465741 0.345313 0.468519 0.345833 0.468519 0.348438 0.473148 0.348958 0.473148 0.351042 0.476852 0.351562 0.476852 0.353646 0.480556 0.354167 0.480556 0.356250 0.484259 0.356771 0.484259 0.359375 0.488889 0.359896 0.488889 0.361458 0.491667 0.361979 0.491667 0.362500 0.492593 0.363021 0.492593 0.363542 0.491667 0.364063 0.491667 0.378646 0.465741 0.379167 0.465741 0.387500 0.450926 0.388021 0.450926 0.391146 0.445370 0.391667 0.445370 0.393750 0.441667 0.394271 0.441667 0.395313 0.439815 0.395833 0.439815 0.396875 0.437963 0.397917 0.437963 0.398438 0.438889 0.399479 0.438889 0.400000 0.439815 0.401042 0.439815 0.401562 0.440741 0.402604 0.440741 0.403125 0.441667 0.403646 0.441667 0.404687 0.443519 0.405208 0.443519 0.425521 0.479630 0.426042 0.479630 0.429688 0.486111 0.430729 0.486111 0.431250 0.487037 0.431771 0.487037 0.432292 0.487963 0.432812 0.487963 0.433333 0.488889 0.434375 0.488889 0.434896 0.489815 0.435417 0.489815 0.435937 0.490741 0.438021 0.490741 0.439063 0.488889 0.439063 0.485185 0.438021 0.483333 0.438021 0.482407 0.419271 0.449074 0.419271 0.448148 0.402604 0.418519 0.402083 0.418519 0.401042 0.416667 0.398958 0.416667 0.398438 0.415741
0 0.478125 0.446296 0.087500 0.075926 0.434375 0.475000 0.434896 0.475000 0.435417 0.475926 0.435937 0.475926 0.435417 0.475926 0.434896 0.475000
0 0.572135 0.444907 0.078646 0.075000 0.562500 0.407407 0.564583 0.407407 0.565104 0.408333 0.565625 0.408333 0.567187 0.411111 0.567187 0.414815 0.566146 0.416667 0.566146 0.417593 0.556250 0.435185 0.556250 0.436111 0.541146 0.462963 0.541146 0.463889 0.532813 0.478704 0.532813 0.479630 0.534375 0.479630 0.534896 0.480556 0.536458 0.480556 0.536979 0.481481 0.538542 0.481481 0.539062 0.482407 0.541667 0.482407 0.565104 0.440741 0.567187 0.440741 0.567708 0.441667 0.570833 0.441667 0.571354 0.442593 0.573958 0.442593 0.574479 0.443519 0.577604 0.443519 0.578125 0.444444 0.580729 0.444444 0.581250 0.445370 0.584375 0.445370 0.584896 0.446296 0.586458 0.446296 0.586979 0.447222 0.587500 0.447222 0.595833 0.462037 0.595833 0.462963 0.605208 0.479630 0.606771 0.479630 0.607292 0.480556 0.609896 0.480556 0.610417 0.479630 0.610938 0.479630 0.610938 0.478704 0.611458 0.477778 0.611458 0.476852 0.610938 0.475926 0.610938 0.475000 0.610417 0.474074 0.610417 0.473148 0.607812 0.468519 0.607812 0.467593 0.600521 0.454630 0.600521 0.453704 0.593229 0.440741 0.593229 0.439815 0.585417 0.425926 0.585417 0.425000 0.577083 0.410185 0.576562 0.410185 0.576042 0.409259 0.570833 0.409259 0.570312 0.408333 0.565104 0.408333 0.564583 0.407407
0 0.646615 0.454167 0.081771 0.071296 0.650521 0.418519 0.650521 0.419444 0.642188 0.434259 0.642188 0.435185 0.631771 0.453704 0.631771 0.454630 0.621354 0.473148 0.621354 0.474074 0.619271 0.477778 0.618750 0.477778 0.617188 0.480556 0.616667 0.480556 0.616146 0.481481 0.615625 0.480556 0.613542 0.480556 0.613021 0.479630 0.611458 0.479630 0.610938 0.480556 0.610417 0.480556 0.609896 0.481481 0.607292 0.481481 0.606771 0.480556 0.605729 0.480556 0.608333 0.485185 0.609375 0.485185 0.609896 0.486111 0.611979 0.486111 0.612500 0.487037 0.614062 0.487037 0.614583 0.487963 0.616667 0.487963 0.617188 0.488889 0.619271 0.488889 0.619792 0.489815 0.621354 0.489815 0.630208 0.474074 0.630208 0.473148 0.644792 0.447222 0.645312 0.447222 0.647396 0.443519 0.648438 0.443519 0.648958 0.444444 0.652604 0.444444 0.653125 0.445370 0.653646 0.445370 0.654687 0.447222 0.654687 0.448148 0.655208 0.449074 0.655208 0.451852 0.654167 0.453704 0.654687 0.453704 0.655208 0.454630 0.657813 0.454630 0.658333 0.455556 0.658854 0.455556 0.661458 0.460185 0.662500 0.460185 0.664062 0.462963 0.664583 0.462963 0.666146 0.465741 0.666146 0.466667 0.672396 0.477778 0.672396 0.478704 0.676042 0.485185 0.678646 0.485185 0.679167 0.486111 0.681771 0.486111 0.682292 0.487037 0.684896 0.487037 0.685417 0.487963 0.685937 0.487963 0.687500 0.485185 0.687500 0.482407 0.686458 0.480556 0.686458 0.479630 0.683854 0.475000 0.683854 0.474074 0.678646 0.464815 0.678646 0.463889 0.673438 0.454630 0.673438 0.453704 0.668229 0.444444 0.668229 0.443519 0.663021 0.434259 0.663021 0.433333 0.654687 0.418519
0 0.353385 0.441204 0.090104 0.084259 0.309896 0.399074 0.308854 0.400926 0.308854 0.401852 0.308333 0.402778 0.308854 0.403704 0.308854 0.404630 0.334375 0.450000 0.334896 0.450000 0.340625 0.460185 0.341146 0.460185 0.343229 0.463889 0.343750 0.463889 0.346354 0.468519 0.346875 0.468519 0.348958 0.472222 0.349479 0.472222 0.351562 0.475926 0.352083 0.475926 0.354167 0.479630 0.354687 0.479630 0.356771 0.483333 0.358854 0.483333 0.359375 0.482407 0.359896 0.482407 0.378646 0.449074 0.379167 0.449074 0.395833 0.419444 0.395833 0.418519 0.398438 0.413889 0.398438 0.410185 0.396875 0.407407 0.395833 0.407407 0.395313 0.406481 0.393229 0.406481 0.392708 0.405556 0.391146 0.405556 0.390625 0.406481 0.390104 0.406481 0.386979 0.412037 0.386458 0.412037 0.379688 0.424074 0.379167 0.424074 0.363021 0.452778 0.362500 0.452778 0.361979 0.453704 0.361458 0.453704 0.360938 0.452778 0.360417 0.452778 0.359896 0.451852 0.359375 0.451852 0.358854 0.450926 0.358333 0.450926 0.357292 0.449074 0.356771 0.449074 0.356250 0.448148 0.355729 0.448148 0.355208 0.447222 0.354687 0.447222 0.354167 0.446296 0.353646 0.446296 0.353125 0.445370 0.352604 0.445370 0.352604 0.449074 0.351562 0.450926 0.351042 0.450926 0.350521 0.451852 0.349479 0.451852 0.348958 0.450926 0.348438 0.450926 0.347396 0.449074 0.346875 0.449074 0.345833 0.447222 0.345313 0.447222 0.344792 0.446296 0.344271 0.446296 0.343229 0.444444 0.342187 0.444444 0.334375 0.430556 0.333854 0.430556 0.321875 0.409259 0.321354 0.409259 0.320312 0.407407 0.319792 0.407407 0.319271 0.406481 0.318750 0.406481 0.318229 0.405556 0.317708 0.405556 0.317188 0.404630 0.316667 0.404630 0.316146 0.403704 0.315625 0.403704 0.315104 0.402778 0.314583 0.402778 0.314063 0.401852 0.313542 0.401852 0.313021 0.400926 0.312500 0.400926 0.311979 0.400000 0.310937 0.400000 0.310417 0.399074
0 0.434375 0.439352 0.085417 0.075000 0.393750 0.401852 0.393229 0.402778 0.392708 0.402778 0.391667 0.404630 0.392708 0.404630 0.393229 0.405556 0.395313 0.405556 0.395833 0.406481 0.396875 0.406481 0.398958 0.410185 0.398958 0.413889 0.398438 0.414815 0.398958 0.415741 0.401042 0.415741 0.402083 0.417593 0.402604 0.417593 0.419792 0.448148 0.419792 0.449074 0.433854 0.474074 0.434896 0.474074 0.435417 0.475000 0.435937 0.475000 0.436458 0.475926 0.437500 0.475926 0.438021 0.476852 0.439583 0.476852 0.440625 0.475000 0.441146 0.475000 0.458333 0.444444 0.458333 0.443519 0.476042 0.412037 0.476042 0.411111 0.477083 0.409259 0.477083 0.406481 0.475521 0.403704 0.473958 0.403704 0.470313 0.410185 0.469792 0.410185 0.448958 0.447222 0.447396 0.447222 0.446875 0.446296 0.445312 0.446296 0.444792 0.445370 0.443229 0.445370 0.442708 0.444444 0.441146 0.444444 0.440625 0.443519 0.439063 0.443519 0.438542 0.442593 0.436979 0.442593 0.436458 0.441667 0.435937 0.441667 0.436458 0.442593 0.436458 0.443519 0.437500 0.445370 0.437500 0.450000 0.436458 0.451852 0.433333 0.451852 0.432812 0.450926 0.431250 0.450926 0.428646 0.446296 0.428125 0.446296 0.418229 0.428704 0.417708 0.428704 0.411979 0.418519 0.411979 0.417593 0.407813 0.410185 0.407292 0.410185 0.404167 0.404630 0.403646 0.404630 0.403125 0.403704 0.401042 0.403704 0.400521 0.402778 0.397396 0.402778 0.396875 0.401852
0 0.521875 0.443519 0.089583 0.075926 0.477083 0.405556 0.477604 0.406481 0.477604 0.407407 0.478646 0.407407 0.479167 0.408333 0.483333 0.408333 0.483854 0.409259 0.485938 0.409259 0.501042 0.436111 0.501042 0.437037 0.515104 0.462037 0.515104 0.462963 0.521875 0.475000 0.521875 0.475926 0.522396 0.476852 0.522396 0.478704 0.523958 0.478704 0.524479 0.479630 0.526042 0.479630 0.526563 0.480556 0.528125 0.480556 0.528646 0.481481 0.530208 0.481481 0.530729 0.480556 0.531250 0.480556 0.540625 0.463889 0.540625 0.462963 0.555729 0.436111 0.555729 0.435185 0.565625 0.417593 0.565625 0.416667 0.566667 0.414815 0.566667 0.411111 0.565625 0.409259 0.565104 0.409259 0.564583 0.408333 0.561979 0.408333 0.540625 0.446296 0.539062 0.446296 0.538542 0.445370 0.535937 0.445370 0.535417 0.444444 0.534375 0.444444 0.533333 0.446296 0.531250 0.446296 0.530729 0.445370 0.528646 0.445370 0.528125 0.444444 0.525521 0.444444 0.525000 0.443519 0.522396 0.443519 0.521875 0.442593 0.521354 0.443519 0.521354 0.444444 0.520833 0.445370 0.520312 0.445370 0.519792 0.446296 0.519271 0.446296 0.518750 0.445370 0.516146 0.445370 0.496354 0.410185 0.495833 0.410185 0.495312 0.409259 0.492708 0.409259 0.492188 0.408333 0.488021 0.408333 0.487500 0.407407 0.483854 0.407407 0.483333 0.406481 0.479167 0.406481 0.478646 0.405556
0 0.607552 0.443519 0.089063 0.074074 0.563021 0.406481 0.564583 0.406481 0.565104 0.407407 0.570312 0.407407 0.570833 0.408333 0.576042 0.408333 0.576562 0.409259 0.577083 0.409259 0.585938 0.425000 0.585938 0.425926 0.593750 0.439815 0.593750 0.440741 0.601042 0.453704 0.601042 0.454630 0.608333 0.467593 0.608333 0.468519 0.610938 0.473148 0.610938 0.474074 0.611458 0.475000 0.611458 0.475926 0.611979 0.476852 0.611979 0.477778 0.611458 0.478704 0.613021 0.478704 0.613542 0.479630 0.615625 0.479630 0.616146 0.480556 0.616667 0.479630 0.617188 0.479630 0.618750 0.476852 0.619271 0.476852 0.620833 0.474074 0.620833 0.473148 0.631250 0.454630 0.631250 0.453704 0.641667 0.435185 0.641667 0.434259 0.650000 0.419444 0.650000 0.418519 0.651563 0.415741 0.651563 0.414815 0.652083 0.413889 0.652083 0.412963 0.651563 0.412037 0.651563 0.411111 0.650521 0.409259 0.647396 0.409259 0.646875 0.408333 0.643750 0.408333 0.642188 0.411111 0.641667 0.411111 0.624479 0.441667 0.624479 0.442593 0.618750 0.452778 0.618229 0.452778 0.617708 0.453704 0.616146 0.453704 0.615625 0.452778 0.612500 0.452778 0.611979 0.451852 0.608854 0.451852 0.608333 0.450926 0.606771 0.450926 0.597917 0.435185 0.597917 0.434259 0.589583 0.419444 0.589583 0.418519 0.585417 0.411111 0.584896 0.411111 0.584375 0.410185 0.583333 0.410185 0.582812 0.409259 0.577083 0.409259 0.576562 0.408333 0.571354 0.408333 0.570833 0.407407 0.565104 0.407407 0.564583 0.406481
0 0.698698 0.463889 0.070312 0.077778 0.673958 0.425000 0.674479 0.425926 0.674479 0.426852 0.679688 0.436111 0.679688 0.437037 0.682813 0.442593 0.682813 0.443519 0.683854 0.445370 0.683854 0.446296 0.684375 0.447222 0.684375 0.448148 0.683854 0.449074 0.683854 0.450000 0.682813 0.451852 0.678646 0.451852 0.677604 0.450000 0.677604 0.449074 0.669792 0.435185 0.666667 0.435185 0.666146 0.434259 0.663542 0.434259 0.668750 0.443519 0.668750 0.444444 0.673958 0.453704 0.673958 0.454630 0.679167 0.463889 0.679167 0.464815 0.684375 0.474074 0.684375 0.475000 0.686979 0.479630 0.686979 0.480556 0.688021 0.482407 0.688021 0.485185 0.685937 0.488889 0.685417 0.488889 0.684896 0.487963 0.682292 0.487963 0.681771 0.487037 0.679167 0.487037 0.678646 0.486111 0.676562 0.486111 0.682813 0.497222 0.683333 0.497222 0.683854 0.498148 0.686458 0.498148 0.686979 0.499074 0.689063 0.499074 0.689583 0.500000 0.691667 0.500000 0.692187 0.500926 0.694792 0.500926 0.695312 0.501852 0.697396 0.501852 0.697917 0.502778 0.700521 0.502778 0.709375 0.487037 0.709375 0.486111 0.716667 0.473148 0.716667 0.472222 0.723958 0.459259 0.723958 0.458333 0.731250 0.445370 0.731250 0.444444 0.733333 0.440741 0.733333 0.439815 0.733854 0.438889 0.733854 0.437963 0.733333 0.437037 0.733333 0.436111 0.732292 0.434259 0.729688 0.434259 0.729167 0.433333 0.723958 0.433333 0.723437 0.432407 0.718229 0.432407 0.717708 0.431481 0.711979 0.431481 0.711458 0.430556 0.706250 0.430556 0.705729 0.429630 0.700000 0.429630 0.699479 0.428704 0.694271 0.428704 0.693750 0.427778 0.688542 0.427778 0.688021 0.426852 0.682292 0.426852 0.681771 0.425926 0.676562 0.425926 0.676042 0.425000
0 0.311458 0.412963 0.081250 0.077778 0.303125 0.374074 0.294271 0.389815 0.293750 0.389815 0.288021 0.400000 0.288021 0.401852 0.289062 0.403704 0.289062 0.404630 0.289583 0.405556 0.289583 0.406481 0.289062 0.407407 0.289062 0.408333 0.288021 0.410185 0.288021 0.411111 0.271354 0.440741 0.271354 0.444444 0.270833 0.445370 0.270833 0.448148 0.271875 0.450000 0.271875 0.450926 0.272396 0.450926 0.272917 0.451852 0.274479 0.451852 0.276042 0.449074 0.276562 0.449074 0.292187 0.421296 0.292708 0.421296 0.298958 0.410185 0.299479 0.410185 0.302604 0.404630 0.303125 0.404630 0.304688 0.401852 0.305208 0.401852 0.306771 0.399074 0.307292 0.399074 0.307812 0.398148 0.308333 0.398148 0.308854 0.397222 0.309375 0.397222 0.309896 0.396296 0.311458 0.396296 0.311979 0.397222 0.312500 0.397222 0.315625 0.402778 0.316146 0.402778 0.316667 0.403704 0.317188 0.403704 0.317708 0.404630 0.318229 0.404630 0.318750 0.405556 0.319271 0.405556 0.319792 0.406481 0.320312 0.406481 0.321354 0.408333 0.321875 0.408333 0.333854 0.429630 0.334375 0.429630 0.341146 0.441667 0.341667 0.441667 0.342708 0.443519 0.343229 0.443519 0.344271 0.445370 0.344792 0.445370 0.345313 0.446296 0.345833 0.446296 0.346875 0.448148 0.347396 0.448148 0.348438 0.450000 0.348958 0.450000 0.349479 0.450926 0.350521 0.450926 0.351042 0.450000 0.351562 0.450000 0.352083 0.449074 0.352083 0.444444 0.318229 0.384259 0.317708 0.384259 0.313542 0.376852 0.313021 0.376852 0.312500 0.375926 0.310417 0.375926 0.309896 0.375000 0.307292 0.375000 0.306771 0.374074
0 0.392448 0.415278 0.089063 0.075000 0.394792 0.377778 0.394271 0.378704 0.394271 0.379630 0.365625 0.430556 0.365104 0.430556 0.357812 0.443519 0.355208 0.443519 0.354167 0.441667 0.353646 0.441667 0.353125 0.440741 0.352604 0.440741 0.352083 0.439815 0.351562 0.439815 0.351042 0.438889 0.350521 0.438889 0.350000 0.437963 0.349479 0.437963 0.348958 0.437037 0.348438 0.437037 0.347917 0.436111 0.352604 0.444444 0.353125 0.444444 0.353646 0.445370 0.354167 0.445370 0.354687 0.446296 0.355208 0.446296 0.355729 0.447222 0.356250 0.447222 0.356771 0.448148 0.357292 0.448148 0.358333 0.450000 0.358854 0.450000 0.359375 0.450926 0.359896 0.450926 0.360417 0.451852 0.360938 0.451852 0.361458 0.452778 0.361979 0.452778 0.362500 0.451852 0.363021 0.451852 0.379167 0.423148 0.379688 0.423148 0.386458 0.411111 0.386979 0.411111 0.390104 0.405556 0.390625 0.405556 0.392708 0.401852 0.393229 0.401852 0.393750 0.400926 0.396875 0.400926 0.397396 0.401852 0.400521 0.401852 0.401042 0.402778 0.403125 0.402778 0.403646 0.403704 0.404167 0.403704 0.407292 0.409259 0.407813 0.409259 0.412500 0.417593 0.412500 0.418519 0.417708 0.427778 0.418229 0.427778 0.428125 0.445370 0.428646 0.445370 0.431250 0.450000 0.432812 0.450000 0.433333 0.450926 0.436458 0.450926 0.436979 0.450000 0.436979 0.445370 0.435937 0.443519 0.435937 0.442593 0.411458 0.399074 0.411458 0.398148 0.401562 0.380556 0.401042 0.380556 0.400000 0.378704 0.399479 0.378704 0.398958 0.377778
0 0.477604 0.409259 0.087500 0.074074 0.478125 0.372222 0.478125 0.373148 0.469271 0.388889 0.469271 0.389815 0.441667 0.438889 0.441146 0.438889 0.440625 0.439815 0.440104 0.439815 0.439583 0.440741 0.439063 0.439815 0.437500 0.439815 0.436979 0.438889 0.435417 0.438889 0.434896 0.437963 0.433854 0.437963 0.435417 0.440741 0.436458 0.440741 0.436979 0.441667 0.438542 0.441667 0.439063 0.442593 0.440625 0.442593 0.441146 0.443519 0.442708 0.443519 0.443229 0.444444 0.444792 0.444444 0.445312 0.445370 0.446875 0.445370 0.447396 0.446296 0.448958 0.446296 0.469792 0.409259 0.470313 0.409259 0.473958 0.402778 0.475521 0.402778 0.476562 0.404630 0.478646 0.404630 0.479167 0.405556 0.483333 0.405556 0.483854 0.406481 0.487500 0.406481 0.488021 0.407407 0.492188 0.407407 0.492708 0.408333 0.495312 0.408333 0.495833 0.409259 0.496354 0.409259 0.516146 0.444444 0.518750 0.444444 0.519271 0.445370 0.519792 0.445370 0.520312 0.444444 0.520833 0.444444 0.520833 0.443519 0.521354 0.442593 0.521354 0.439815 0.520833 0.438889 0.520833 0.437963 0.518229 0.433333 0.518229 0.432407 0.506771 0.412037 0.506771 0.411111 0.494271 0.388889 0.494271 0.387963 0.485938 0.373148 0.485417 0.373148 0.484896 0.372222
0 0.572917 0.408796 0.075000 0.073148 0.569792 0.372222 0.570312 0.373148 0.570312 0.374074 0.570833 0.375000 0.570833 0.377778 0.569792 0.379630 0.569792 0.380556 0.559375 0.399074 0.559375 0.400000 0.543229 0.428704 0.543229 0.429630 0.535417 0.443519 0.535937 0.444444 0.538542 0.444444 0.539062 0.445370 0.540625 0.445370 0.563021 0.405556 0.564583 0.405556 0.565104 0.406481 0.570833 0.406481 0.571354 0.407407 0.576562 0.407407 0.577083 0.408333 0.582812 0.408333 0.583333 0.409259 0.584375 0.409259 0.584896 0.410185 0.585417 0.410185 0.590104 0.418519 0.590104 0.419444 0.598437 0.434259 0.598437 0.435185 0.602604 0.442593 0.604167 0.442593 0.604688 0.443519 0.609375 0.443519 0.610417 0.441667 0.610417 0.438889 0.609896 0.437963 0.609896 0.437037 0.606771 0.431481 0.606771 0.430556 0.600521 0.419444 0.600521 0.418519 0.593750 0.406481 0.593750 0.405556 0.586979 0.393519 0.586979 0.392593 0.579688 0.379630 0.579688 0.378704 0.577083 0.374074 0.576562 0.374074 0.575521 0.372222
0 0.643490 0.417593 0.080729 0.070370 0.650000 0.382407 0.650000 0.383333 0.640625 0.400000 0.640625 0.400926 0.629687 0.420370 0.629687 0.421296 0.616667 0.444444 0.613021 0.444444 0.612500 0.443519 0.609896 0.443519 0.609375 0.444444 0.604688 0.444444 0.604167 0.443519 0.603125 0.443519 0.606771 0.450000 0.608333 0.450000 0.608854 0.450926 0.611979 0.450926 0.612500 0.451852 0.615625 0.451852 0.616146 0.452778 0.617708 0.452778 0.618229 0.451852 0.618750 0.451852 0.623958 0.442593 0.623958 0.441667 0.641667 0.410185 0.642188 0.410185 0.643750 0.407407 0.646875 0.407407 0.647396 0.408333 0.650521 0.408333 0.652083 0.411111 0.652083 0.412037 0.652604 0.412963 0.652604 0.413889 0.652083 0.414815 0.652083 0.415741 0.651042 0.417593 0.654687 0.417593 0.663542 0.433333 0.666146 0.433333 0.666667 0.434259 0.669792 0.434259 0.678125 0.449074 0.678125 0.450000 0.678646 0.450926 0.682813 0.450926 0.683333 0.450000 0.683333 0.449074 0.683854 0.448148 0.683854 0.447222 0.683333 0.446296 0.683333 0.445370 0.682292 0.443519 0.682292 0.442593 0.679167 0.437037 0.679167 0.436111 0.673958 0.426852 0.673958 0.425926 0.669271 0.417593 0.669271 0.416667 0.664583 0.408333 0.664583 0.407407 0.659375 0.398148 0.659375 0.397222 0.654167 0.387963 0.654167 0.387037 0.652604 0.384259 0.652083 0.384259 0.651042 0.382407