0 0.270313 0.562037 0.083333 0.090741 0.228646 0.516667 0.228646 0.542593 0.229167 0.543519 0.229167 0.544444 0.231771 0.549074 0.232292 0.549074 0.233333 0.550926 0.233333 0.551852 0.234896 0.554630 0.235417 0.554630 0.240625 0.563889 0.241146 0.563889 0.246354 0.573148 0.246875 0.573148 0.252083 0.582407 0.252604 0.582407 0.257292 0.590741 0.257812 0.590741 0.263021 0.600000 0.263542 0.600000 0.267708 0.607407 0.275000 0.607407 0.300521 0.562037 0.300521 0.561111 0.311458 0.541667 0.311458 0.540741 0.311979 0.539815 0.311979 0.535185 0.311458 0.534259 0.311458 0.533333 0.309896 0.530556 0.309896 0.529630 0.307812 0.525926 0.307812 0.525000 0.307292 0.524074 0.306250 0.524074 0.305729 0.525000 0.305208 0.525000 0.303125 0.528704 0.302604 0.528704 0.297917 0.537037 0.297396 0.537037 0.285417 0.558333 0.284896 0.558333 0.275521 0.575000 0.273958 0.575000 0.271875 0.571296 0.271875 0.563889 0.271354 0.562963 0.271354 0.560185 0.266667 0.568519 0.266146 0.568519 0.264583 0.571296 0.263021 0.571296 0.262500 0.570370 0.261979 0.570370 0.259896 0.566667 0.259375 0.566667 0.253125 0.555556 0.252604 0.555556 0.245833 0.543519 0.245312 0.543519 0.238021 0.530556 0.237500 0.530556 0.230729 0.518519 0.230208 0.518519 0.229167 0.516667
0 0.262760 0.529167 0.083854 0.084259 0.302083 0.487037 0.301563 0.487963 0.301042 0.487963 0.295833 0.497222 0.295312 0.497222 0.278125 0.527778 0.277604 0.527778 0.275521 0.531481 0.273438 0.531481 0.271875 0.528704 0.271875 0.527778 0.271354 0.526852 0.271354 0.524074 0.261458 0.541667 0.260937 0.541667 0.260417 0.542593 0.259896 0.542593 0.259375 0.543519 0.258854 0.543519 0.258333 0.542593 0.257812 0.542593 0.256250 0.539815 0.255729 0.539815 0.250521 0.530556 0.250000 0.530556 0.243229 0.518519 0.242708 0.518519 0.235417 0.505556 0.234896 0.505556 0.228125 0.493519 0.227604 0.493519 0.224479 0.487963 0.223958 0.487963 0.223958 0.488889 0.223438 0.489815 0.223438 0.490741 0.222917 0.491667 0.222917 0.492593 0.222396 0.493519 0.222396 0.494444 0.221875 0.495370 0.221875 0.496296 0.220833 0.498148 0.220833 0.500926 0.221354 0.501852 0.221354 0.502778 0.229687 0.517593 0.230208 0.517593 0.236979 0.529630 0.237500 0.529630 0.244792 0.542593 0.245312 0.542593 0.252083 0.554630 0.252604 0.554630 0.258854 0.565741 0.259375 0.565741 0.261458 0.569444 0.261979 0.569444 0.262500 0.570370 0.263021 0.570370 0.263542 0.571296 0.264062 0.571296 0.264583 0.570370 0.265104 0.570370 0.266667 0.567593 0.267188 0.567593 0.304688 0.500926 0.304688 0.496296 0.304167 0.495370 0.304167 0.494444 0.303646 0.493519 0.303646 0.492593 0.303125 0.491667 0.303125 0.489815 0.302604 0.488889 0.302604 0.487963
0 0.258333 0.499074 0.085417 0.087037 0.297396 0.455556 0.287500 0.473148 0.286979 0.473148 0.275521 0.493519 0.273438 0.493519 0.272917 0.492593 0.272396 0.492593 0.271875 0.491667 0.271875 0.490741 0.271354 0.489815 0.271354 0.482407 0.257292 0.507407 0.256771 0.507407 0.255208 0.510185 0.254688 0.510185 0.254167 0.511111 0.253125 0.511111 0.252604 0.510185 0.252083 0.510185 0.251042 0.508333 0.250521 0.508333 0.245833 0.500000 0.245312 0.500000 0.239063 0.488889 0.238542 0.488889 0.231771 0.476852 0.231250 0.476852 0.224479 0.464815 0.223958 0.464815 0.219792 0.457407 0.219792 0.458333 0.218229 0.461111 0.218229 0.462037 0.217188 0.463889 0.217188 0.464815 0.215625 0.467593 0.215625 0.471296 0.217188 0.474074 0.217188 0.475000 0.219792 0.479630 0.220312 0.479630 0.227604 0.492593 0.228125 0.492593 0.234896 0.504630 0.235417 0.504630 0.242708 0.517593 0.243229 0.517593 0.250000 0.529630 0.250521 0.529630 0.255729 0.538889 0.256250 0.538889 0.257812 0.541667 0.258333 0.541667 0.258854 0.542593 0.259375 0.542593 0.259896 0.541667 0.260417 0.541667 0.260937 0.540741 0.261458 0.540741 0.276562 0.513889 0.277083 0.513889 0.300000 0.473148 0.300000 0.472222 0.301042 0.470370 0.301042 0.466667 0.300521 0.465741 0.300521 0.464815 0.300000 0.463889 0.300000 0.462963 0.299479 0.462037 0.299479 0.461111 0.298958 0.460185 0.298958 0.459259 0.298438 0.458333 0.298438 0.456481 0.297917 0.455556
0 0.252604 0.468056 0.084375 0.084259 0.291146 0.425926 0.276042 0.452778 0.275521 0.452778 0.274479 0.454630 0.273958 0.454630 0.273438 0.453704 0.272917 0.453704 0.270833 0.450000 0.270833 0.444444 0.250521 0.480556 0.250000 0.480556 0.248958 0.482407 0.246875 0.482407 0.246354 0.481481 0.245833 0.481481 0.244271 0.478704 0.243750 0.478704 0.239063 0.470370 0.238542 0.470370 0.232292 0.459259 0.231771 0.459259 0.226042 0.449074 0.225521 0.449074 0.219271 0.437963 0.218750 0.437963 0.214062 0.429630 0.210417 0.436111 0.210417 0.439815 0.210938 0.440741 0.210938 0.441667 0.216146 0.450926 0.216667 0.450926 0.223958 0.463889 0.224479 0.463889 0.231250 0.475926 0.231771 0.475926 0.238542 0.487963 0.239063 0.487963 0.245312 0.499074 0.245833 0.499074 0.250521 0.507407 0.251042 0.507407 0.252083 0.509259 0.252604 0.509259 0.253125 0.510185 0.254167 0.510185 0.254688 0.509259 0.255208 0.509259 0.256771 0.506481 0.257292 0.506481 0.294271 0.440741 0.294271 0.439815 0.294792 0.438889 0.294792 0.435185 0.294271 0.434259 0.294271 0.433333 0.293750 0.432407 0.293750 0.431481 0.293229 0.430556 0.293229 0.429630 0.292708 0.428704 0.292708 0.427778 0.292187 0.426852 0.292187 0.425926
0 0.246354 0.435648 0.085417 0.091667 0.282813 0.389815 0.282292 0.390741 0.281771 0.390741 0.271354 0.409259 0.270833 0.409259 0.261979 0.425000 0.261458 0.425000 0.258333 0.430556 0.257812 0.430556 0.256250 0.433333 0.255729 0.433333 0.254688 0.435185 0.253646 0.435185 0.253125 0.436111 0.249479 0.436111 0.248958 0.435185 0.248438 0.435185 0.247917 0.434259 0.247396 0.434259 0.246354 0.432407 0.245833 0.432407 0.244271 0.429630 0.243750 0.429630 0.241146 0.425000 0.240625 0.425000 0.237500 0.419444 0.236979 0.419444 0.232292 0.411111 0.231771 0.411111 0.225521 0.400000 0.225000 0.400000 0.221354 0.393519 0.220833 0.393519 0.219792 0.391667 0.217708 0.391667 0.217188 0.392593 0.216667 0.392593 0.216146 0.393519 0.215625 0.393519 0.214583 0.395370 0.214062 0.395370 0.213542 0.396296 0.213021 0.396296 0.211979 0.398148 0.211458 0.398148 0.210938 0.399074 0.210417 0.399074 0.209375 0.400926 0.208854 0.400926 0.208333 0.401852 0.207813 0.401852 0.206771 0.403704 0.206250 0.403704 0.205729 0.404630 0.205208 0.404630 0.203646 0.407407 0.203646 0.411111 0.212500 0.426852 0.213021 0.426852 0.218750 0.437037 0.219271 0.437037 0.225521 0.448148 0.226042 0.448148 0.231771 0.458333 0.232292 0.458333 0.238542 0.469444 0.239063 0.469444 0.243750 0.477778 0.244271 0.477778 0.245833 0.480556 0.246354 0.480556 0.246875 0.481481 0.248958 0.481481 0.250000 0.479630 0.250521 0.479630 0.287500 0.413889 0.287500 0.412963 0.289062 0.410185 0.289062 0.405556 0.288021 0.403704 0.288021 0.402778 0.287500 0.401852 0.287500 0.400926 0.286979 0.400000 0.286979 0.399074 0.285938 0.397222 0.285938 0.396296 0.285417 0.395370 0.285417 0.394444 0.284896 0.393519 0.284896 0.392593 0.283854 0.390741 0.283333 0.390741
0 0.351823 0.403241 0.089063 0.080556 0.308333 0.362963 0.307292 0.364815 0.307292 0.367593 0.308333 0.369444 0.308333 0.370370 0.310937 0.375000 0.311458 0.375000 0.311979 0.375926 0.312500 0.375926 0.313021 0.376852 0.313542 0.376852 0.316667 0.382407 0.317188 0.382407 0.336458 0.416667 0.336979 0.416667 0.344271 0.429630 0.344792 0.429630 0.345833 0.431481 0.346354 0.431481 0.347396 0.433333 0.347917 0.433333 0.349479 0.436111 0.350000 0.436111 0.351042 0.437963 0.351562 0.437963 0.352604 0.439815 0.353125 0.439815 0.354687 0.442593 0.355208 0.442593 0.355729 0.443519 0.357812 0.443519 0.358333 0.442593 0.358854 0.442593 0.395313 0.377778 0.395313 0.376852 0.396354 0.375000 0.396354 0.372222 0.395833 0.371296 0.395833 0.370370 0.395313 0.369444 0.394792 0.369444 0.394271 0.368519 0.391146 0.368519 0.390625 0.367593 0.387500 0.367593 0.386979 0.366667 0.383854 0.366667 0.383333 0.365741 0.379688 0.365741 0.379167 0.364815 0.376042 0.364815 0.375521 0.363889 0.371875 0.363889 0.371354 0.362963 0.369271 0.362963 0.368229 0.364815 0.367708 0.364815 0.351042 0.394444 0.350521 0.394444 0.346875 0.400926 0.346354 0.400926 0.344792 0.403704 0.344271 0.403704 0.343229 0.405556 0.342708 0.405556 0.342187 0.406481 0.341667 0.406481 0.333854 0.392593 0.333333 0.392593 0.321354 0.371296 0.320833 0.371296 0.319792 0.369444 0.318750 0.369444 0.318229 0.368519 0.317708 0.368519 0.317188 0.367593 0.316146 0.367593 0.315625 0.366667 0.314583 0.366667 0.314063 0.365741 0.313021 0.365741 0.312500 0.364815 0.311458 0.364815 0.310937 0.363889 0.309896 0.363889 0.309375 0.362963
0 0.426823 0.400463 0.102604 0.078704 0.376563 0.361111 0.376042 0.362037 0.375521 0.362037 0.375521 0.362963 0.376042 0.363889 0.379167 0.363889 0.379688 0.364815 0.383333 0.364815 0.383854 0.365741 0.386979 0.365741 0.387500 0.366667 0.390625 0.366667 0.391146 0.367593 0.394271 0.367593 0.394792 0.368519 0.395313 0.368519 0.396354 0.370370 0.396354 0.371296 0.396875 0.372222 0.396875 0.375000 0.395833 0.376852 0.397396 0.376852 0.397917 0.377778 0.399479 0.377778 0.400000 0.378704 0.400521 0.378704 0.432812 0.436111 0.433854 0.436111 0.434375 0.437037 0.435417 0.437037 0.435937 0.437963 0.436979 0.437963 0.437500 0.438889 0.438542 0.438889 0.439063 0.439815 0.440625 0.439815 0.441667 0.437963 0.442188 0.437963 0.454167 0.416667 0.454167 0.415741 0.476042 0.376852 0.476042 0.375926 0.477604 0.373148 0.477604 0.372222 0.478125 0.371296 0.478125 0.369444 0.476042 0.365741 0.469792 0.365741 0.469271 0.364815 0.463021 0.364815 0.462500 0.363889 0.455729 0.363889 0.455208 0.362963 0.448437 0.362963 0.447917 0.362037 0.441667 0.362037 0.441146 0.361111 0.435417 0.361111 0.434896 0.362037 0.434375 0.362037 0.418229 0.390741 0.405208 0.367593 0.404687 0.367593 0.404167 0.366667 0.402604 0.366667 0.402083 0.365741 0.397917 0.365741 0.397396 0.364815 0.393750 0.364815 0.393229 0.363889 0.389062 0.363889 0.388542 0.362963 0.384375 0.362963 0.383854 0.362037 0.379688 0.362037 0.379167 0.361111
0 0.524479 0.405093 0.091667 0.080556 0.509375 0.364815 0.502083 0.377778 0.501563 0.377778 0.498958 0.373148 0.498437 0.373148 0.497917 0.372222 0.493229 0.372222 0.492708 0.371296 0.487500 0.371296 0.486979 0.370370 0.481771 0.370370 0.481250 0.369444 0.478646 0.369444 0.478646 0.371296 0.484375 0.371296 0.484896 0.372222 0.485417 0.372222 0.487500 0.375926 0.488021 0.375926 0.489583 0.378704 0.489583 0.379630 0.503646 0.404630 0.503646 0.405556 0.517188 0.429630 0.517188 0.430556 0.521354 0.437963 0.521354 0.438889 0.521875 0.439815 0.521875 0.441667 0.523438 0.441667 0.523958 0.442593 0.526042 0.442593 0.526563 0.443519 0.528125 0.443519 0.528646 0.444444 0.530208 0.444444 0.530729 0.445370 0.533333 0.445370 0.533854 0.444444 0.534375 0.444444 0.545833 0.424074 0.545833 0.423148 0.559896 0.398148 0.559896 0.397222 0.568750 0.381481 0.568750 0.380556 0.569792 0.378704 0.569792 0.377778 0.570312 0.376852 0.570312 0.375926 0.569792 0.375000 0.569792 0.374074 0.568750 0.372222 0.567187 0.372222 0.566667 0.371296 0.559375 0.371296 0.558854 0.370370 0.551562 0.370370 0.551042 0.369444 0.543750 0.369444 0.543229 0.368519 0.536458 0.368519 0.535937 0.367593 0.528646 0.367593 0.528125 0.366667 0.520833 0.366667 0.520312 0.365741 0.513021 0.365741 0.512500 0.364815
0 0.586979 0.403704 0.128125 0.077778 0.577083 0.364815 0.573438 0.371296 0.570312 0.371296 0.575000 0.371296 0.575521 0.372222 0.576042 0.372222 0.585417 0.388889 0.585417 0.389815 0.592187 0.401852 0.592187 0.402778 0.599479 0.415741 0.599479 0.416667 0.606250 0.428704 0.606250 0.429630 0.609375 0.435185 0.609375 0.436111 0.610417 0.437963 0.610417 0.440741 0.609896 0.441667 0.612500 0.441667 0.613021 0.442593 0.616146 0.442593 0.617188 0.440741 0.617708 0.440741 0.620313 0.436111 0.620313 0.435185 0.630729 0.416667 0.630729 0.415741 0.641146 0.397222 0.641146 0.396296 0.649479 0.381481 0.649479 0.380556 0.650521 0.378704 0.650521 0.377778 0.651042 0.376852 0.651042 0.375926 0.650521 0.375000 0.650521 0.374074 0.649479 0.372222 0.645312 0.372222 0.644792 0.371296 0.636458 0.371296 0.635938 0.370370 0.627083 0.370370 0.626563 0.369444 0.618229 0.369444 0.617708 0.368519 0.608854 0.368519 0.608333 0.367593 0.599479 0.367593 0.598958 0.366667 0.590625 0.366667 0.590104 0.365741 0.581250 0.365741 0.580729 0.364815
0 0.351042 0.560648 0.079167 0.084259 0.311458 0.518519 0.311458 0.520370 0.311979 0.521296 0.311979 0.524074 0.312500 0.525000 0.312500 0.526852 0.313021 0.527778 0.313021 0.528704 0.314063 0.530556 0.314063 0.531481 0.315104 0.533333 0.315104 0.534259 0.316146 0.536111 0.316146 0.537037 0.317188 0.538889 0.317188 0.539815 0.318229 0.541667 0.318229 0.542593 0.319792 0.545370 0.319792 0.546296 0.320833 0.548148 0.320833 0.549074 0.321875 0.550926 0.321875 0.551852 0.322917 0.553704 0.322917 0.554630 0.323958 0.556481 0.323958 0.557407 0.325521 0.560185 0.325521 0.561111 0.326562 0.562963 0.326562 0.563889 0.327604 0.565741 0.327604 0.566667 0.328646 0.568519 0.328646 0.569444 0.329688 0.571296 0.329688 0.572222 0.331250 0.575000 0.331250 0.575926 0.332292 0.577778 0.332292 0.578704 0.333333 0.580556 0.333333 0.581481 0.334375 0.583333 0.334375 0.584259 0.335417 0.586111 0.335417 0.587037 0.336979 0.589815 0.336979 0.590741 0.338021 0.592593 0.338021 0.593519 0.339062 0.595370 0.339062 0.596296 0.340104 0.598148 0.340104 0.599074 0.341667 0.601852 0.341667 0.602778 0.342187 0.601852 0.348438 0.601852 0.348958 0.600926 0.349479 0.600926 0.350521 0.599074 0.351042 0.599074 0.352083 0.597222 0.352604 0.597222 0.353646 0.595370 0.354167 0.595370 0.355208 0.593519 0.355729 0.593519 0.356771 0.591667 0.357292 0.591667 0.358333 0.589815 0.358854 0.589815 0.359896 0.587963 0.360417 0.587963 0.361458 0.586111 0.361979 0.586111 0.363021 0.584259 0.363542 0.584259 0.364583 0.582407 0.365104 0.582407 0.366146 0.580556 0.366667 0.580556 0.367708 0.578704 0.368229 0.578704 0.369271 0.576852 0.369792 0.576852 0.370833 0.575000 0.371354 0.575000 0.372396 0.573148 0.372917 0.573148 0.373958 0.571296 0.374479 0.571296 0.375521 0.569444 0.376042 0.569444 0.377083 0.567593 0.377604 0.567593 0.378646 0.565741 0.379167 0.565741 0.380729 0.562963 0.381250 0.562963 0.382292 0.561111 0.382812 0.561111 0.383854 0.559259 0.384375 0.559259 0.385417 0.557407 0.385937 0.557407 0.386979 0.555556 0.387500 0.555556 0.388542 0.553704 0.389062 0.553704 0.390104 0.551852 0.390104 0.550926 0.390625 0.550000 0.390625 0.548148 0.390104 0.547222 0.390104 0.546296 0.383333 0.534259 0.381771 0.537037 0.381250 0.537037 0.376042 0.546296 0.375521 0.546296 0.368750 0.558333 0.368229 0.558333 0.362500 0.568519 0.361979 0.568519 0.360938 0.570370 0.359896 0.570370 0.357292 0.565741 0.357292 0.564815 0.355729 0.562037 0.355729 0.561111 0.352083 0.554630 0.351562 0.554630 0.349479 0.550926 0.350521 0.552778 0.350521 0.553704 0.351042 0.554630 0.351042 0.555556 0.352083 0.557407 0.352083 0.558333 0.353125 0.560185 0.353125 0.561111 0.354167 0.562963 0.354167 0.563889 0.355208 0.565741 0.355208 0.568519 0.353125 0.572222 0.351562 0.572222 0.351042 0.571296 0.350521 0.571296 0.349479 0.569444 0.348958 0.569444 0.340625 0.554630 0.340104 0.554630 0.331771 0.539815 0.331250 0.539815 0.327083 0.532407 0.326562 0.532407 0.323437 0.526852 0.322917 0.526852 0.321354 0.524074 0.320833 0.524074 0.319271 0.521296 0.318750 0.521296 0.318229 0.520370 0.317708 0.520370 0.317188 0.519444 0.316667 0.519444 0.316146 0.518519
0 0.430990 0.563426 0.089063 0.080556 0.390625 0.523148 0.388542 0.526852 0.388021 0.526852 0.386458 0.529630 0.392708 0.540741 0.393229 0.540741 0.400521 0.553704 0.401042 0.553704 0.404167 0.559259 0.404687 0.559259 0.407292 0.563889 0.407813 0.563889 0.410938 0.569444 0.411458 0.569444 0.414583 0.575000 0.415104 0.575000 0.417708 0.579630 0.418229 0.579630 0.421354 0.585185 0.421875 0.585185 0.424479 0.589815 0.425000 0.589815 0.428125 0.595370 0.428646 0.595370 0.431771 0.600926 0.432292 0.600926 0.433854 0.603704 0.437500 0.603704 0.438021 0.602778 0.440625 0.602778 0.450521 0.585185 0.450521 0.584259 0.459896 0.567593 0.459896 0.566667 0.469271 0.550000 0.469271 0.549074 0.474479 0.539815 0.474479 0.538889 0.475521 0.537037 0.475521 0.533333 0.473958 0.530556 0.473438 0.530556 0.472917 0.529630 0.472396 0.529630 0.471875 0.528704 0.471354 0.528704 0.470833 0.527778 0.469792 0.527778 0.469271 0.526852 0.468750 0.526852 0.468229 0.525926 0.467708 0.525926 0.467187 0.525000 0.466667 0.525000 0.462500 0.532407 0.461979 0.532407 0.457292 0.540741 0.457292 0.541667 0.448958 0.556481 0.448437 0.556481 0.447396 0.558333 0.445833 0.558333 0.445312 0.557407 0.444792 0.557407 0.443750 0.555556 0.443229 0.555556 0.442188 0.553704 0.441667 0.553704 0.441146 0.552778 0.440625 0.553704 0.440104 0.553704 0.439583 0.554630 0.439063 0.554630 0.438542 0.553704 0.438021 0.553704 0.436979 0.551852 0.436458 0.551852 0.435417 0.550000 0.434896 0.550000 0.433333 0.547222 0.432812 0.547222 0.431250 0.544444 0.430729 0.544444 0.429688 0.542593 0.429167 0.542593 0.427604 0.539815 0.427083 0.539815 0.425521 0.537037 0.425000 0.537037 0.423438 0.534259 0.422917 0.534259 0.421875 0.532407 0.421354 0.532407 0.419792 0.529630 0.419271 0.529630 0.417708 0.526852 0.417187 0.526852 0.416146 0.525000 0.415104 0.525000 0.420833 0.535185 0.420833 0.536111 0.428646 0.550000 0.428646 0.550926 0.434375 0.561111 0.434375 0.562037 0.435417 0.563889 0.435417 0.564815 0.435937 0.565741 0.435937 0.567593 0.435417 0.568519 0.435417 0.569444 0.434896 0.570370 0.434375 0.570370 0.433854 0.571296 0.432292 0.571296 0.431250 0.569444 0.430729 0.569444 0.429167 0.566667 0.428646 0.566667 0.427083 0.563889 0.426563 0.563889 0.424479 0.560185 0.423958 0.560185 0.421875 0.556481 0.421354 0.556481 0.419792 0.553704 0.419271 0.553704 0.417187 0.550000 0.416667 0.550000 0.415104 0.547222 0.414583 0.547222 0.412500 0.543519 0.411979 0.543519 0.410417 0.540741 0.409896 0.540741 0.407813 0.537037 0.407292 0.537037 0.406250 0.538889 0.405729 0.538889 0.405208 0.539815 0.404687 0.539815 0.404167 0.540741 0.402083 0.537037 0.401562 0.537037 0.399479 0.533333 0.398958 0.533333 0.397396 0.530556 0.396875 0.530556 0.395313 0.527778 0.394792 0.527778 0.392708 0.524074 0.392188 0.524074 0.391667 0.523148
0 0.515365 0.550000 0.096354 0.083333 0.477083 0.508333 0.476042 0.510185 0.475521 0.510185 0.472917 0.514815 0.472396 0.514815 0.467187 0.524074 0.467708 0.525000 0.468229 0.525000 0.468750 0.525926 0.469271 0.525926 0.469792 0.526852 0.470833 0.526852 0.471354 0.527778 0.471875 0.527778 0.472396 0.528704 0.472917 0.528704 0.473438 0.529630 0.473958 0.529630 0.476042 0.533333 0.476042 0.537037 0.475000 0.538889 0.476042 0.540741 0.476562 0.540741 0.477604 0.542593 0.478125 0.542593 0.478646 0.543519 0.479167 0.543519 0.480208 0.545370 0.480729 0.545370 0.481250 0.546296 0.481771 0.546296 0.482292 0.547222 0.482812 0.547222 0.483854 0.549074 0.484375 0.549074 0.484896 0.550000 0.485417 0.550000 0.485938 0.550926 0.486458 0.550926 0.487500 0.552778 0.488021 0.552778 0.488542 0.553704 0.489063 0.553704 0.489583 0.554630 0.490104 0.554630 0.491146 0.556481 0.491667 0.556481 0.492188 0.557407 0.492708 0.557407 0.493229 0.558333 0.493750 0.558333 0.494792 0.560185 0.495312 0.560185 0.495833 0.561111 0.496354 0.561111 0.496875 0.562037 0.497396 0.562037 0.498437 0.563889 0.498958 0.563889 0.499479 0.564815 0.500000 0.564815 0.500521 0.565741 0.501042 0.565741 0.502083 0.567593 0.502604 0.567593 0.503125 0.568519 0.503646 0.568519 0.504167 0.569444 0.504687 0.569444 0.505729 0.571296 0.506250 0.571296 0.506771 0.572222 0.507292 0.572222 0.507812 0.573148 0.508333 0.573148 0.509375 0.575000 0.509896 0.575000 0.510417 0.575926 0.510938 0.575926 0.511458 0.576852 0.511979 0.576852 0.513021 0.578704 0.513542 0.578704 0.514062 0.579630 0.514583 0.579630 0.515104 0.580556 0.515625 0.580556 0.516667 0.582407 0.517188 0.582407 0.517708 0.583333 0.518229 0.583333 0.518750 0.584259 0.519271 0.584259 0.520312 0.586111 0.520833 0.586111 0.521354 0.587037 0.521875 0.587037 0.522396 0.587963 0.522917 0.587963 0.523958 0.589815 0.524479 0.589815 0.525000 0.590741 0.525521 0.590741 0.526042 0.591667 0.527083 0.591667 0.527604 0.590741 0.528125 0.590741 0.541667 0.566667 0.541667 0.565741 0.555729 0.540741 0.555729 0.539815 0.562500 0.527778 0.562500 0.526852 0.563542 0.525000 0.563542 0.522222 0.561979 0.519444 0.561458 0.519444 0.560937 0.518519 0.559375 0.518519 0.548958 0.537037 0.548958 0.537963 0.539062 0.555556 0.538542 0.555556 0.538021 0.556481 0.537500 0.556481 0.536979 0.555556 0.536458 0.555556 0.535937 0.554630 0.535417 0.554630 0.534896 0.553704 0.534375 0.553704 0.533854 0.552778 0.533333 0.552778 0.532813 0.551852 0.532292 0.551852 0.530208 0.555556 0.529687 0.555556 0.529167 0.556481 0.528125 0.556481 0.527604 0.555556 0.527083 0.555556 0.526563 0.554630 0.526042 0.554630 0.525521 0.553704 0.525000 0.553704 0.524479 0.552778 0.523958 0.552778 0.523438 0.551852 0.522917 0.551852 0.522396 0.550926 0.521875 0.550926 0.521354 0.550000 0.520833 0.550000 0.520312 0.549074 0.519792 0.549074 0.519271 0.548148 0.518750 0.548148 0.518229 0.547222 0.519271 0.549074 0.519271 0.552778 0.517708 0.555556 0.515625 0.555556 0.515104 0.554630 0.514583 0.554630 0.514062 0.553704 0.513542 0.553704 0.513021 0.552778 0.512500 0.552778 0.511979 0.551852 0.511458 0.551852 0.510938 0.550926 0.510417 0.550926 0.509896 0.550000 0.509375 0.550000 0.499479 0.532407 0.499479 0.531481 0.497396 0.527778 0.496875 0.527778 0.494271 0.523148 0.493750 0.523148 0.493229 0.522222 0.492708 0.522222 0.492188 0.521296 0.491667 0.521296 0.491146 0.520370 0.490625 0.520370 0.490104 0.519444 0.489583 0.519444 0.489063 0.518519 0.488542 0.518519 0.488021 0.517593 0.487500 0.517593 0.486979 0.516667 0.486458 0.516667 0.485938 0.515741 0.485417 0.515741 0.484896 0.514815 0.484375 0.514815 0.483854 0.513889 0.483333 0.513889 0.482812 0.512963 0.482292 0.512963 0.481771 0.512037 0.480729 0.512037 0.480208 0.511111 0.479687 0.511111 0.479167 0.510185 0.478646 0.510185 0.478125 0.509259 0.477604 0.509259
0 0.601302 0.547222 0.092188 0.075926 0.565104 0.509259 0.560937 0.516667 0.560417 0.516667 0.559896 0.517593 0.560937 0.517593 0.561458 0.518519 0.561979 0.518519 0.564063 0.522222 0.564063 0.525000 0.563021 0.526852 0.563021 0.527778 0.556250 0.539815 0.556250 0.540741 0.555208 0.542593 0.555729 0.543519 0.556250 0.543519 0.556771 0.544444 0.557813 0.544444 0.558333 0.545370 0.558854 0.545370 0.559375 0.546296 0.559896 0.546296 0.560417 0.547222 0.561458 0.547222 0.561979 0.548148 0.562500 0.548148 0.563021 0.549074 0.563542 0.549074 0.564063 0.550000 0.565104 0.550000 0.565625 0.550926 0.566146 0.550926 0.566667 0.551852 0.567187 0.551852 0.567708 0.552778 0.568750 0.552778 0.569271 0.553704 0.569792 0.553704 0.570312 0.554630 0.571354 0.554630 0.571875 0.555556 0.572396 0.555556 0.572917 0.556481 0.573438 0.556481 0.573958 0.557407 0.575000 0.557407 0.575521 0.558333 0.576042 0.558333 0.576562 0.559259 0.577083 0.559259 0.577604 0.560185 0.578646 0.560185 0.579167 0.561111 0.579688 0.561111 0.580208 0.562037 0.580729 0.562037 0.581250 0.562963 0.582292 0.562963 0.582812 0.563889 0.583333 0.563889 0.583854 0.564815 0.584375 0.564815 0.584896 0.565741 0.585938 0.565741 0.586458 0.566667 0.586979 0.566667 0.587500 0.567593 0.588021 0.567593 0.588542 0.568519 0.589583 0.568519 0.590104 0.569444 0.590625 0.569444 0.591146 0.570370 0.591667 0.570370 0.592187 0.571296 0.593229 0.571296 0.593750 0.572222 0.594271 0.572222 0.594792 0.573148 0.595313 0.573148 0.595833 0.574074 0.596875 0.574074 0.597396 0.575000 0.597917 0.575000 0.598437 0.575926 0.599479 0.575926 0.600000 0.576852 0.600521 0.576852 0.601042 0.577778 0.601562 0.577778 0.602083 0.578704 0.603125 0.578704 0.603646 0.579630 0.604167 0.579630 0.604688 0.580556 0.605208 0.580556 0.605729 0.581481 0.606771 0.581481 0.607292 0.582407 0.607812 0.582407 0.608333 0.583333 0.608854 0.583333 0.609375 0.584259 0.610417 0.584259 0.610938 0.585185 0.613542 0.585185 0.621875 0.570370 0.621875 0.569444 0.630208 0.554630 0.630208 0.553704 0.639062 0.537963 0.639062 0.537037 0.645833 0.525000 0.645833 0.524074 0.647396 0.521296 0.647396 0.517593 0.646354 0.515741 0.645833 0.515741 0.645312 0.514815 0.643750 0.514815 0.643229 0.515741 0.642708 0.515741 0.626042 0.545370 0.626042 0.546296 0.618229 0.560185 0.616146 0.560185 0.615625 0.559259 0.614583 0.559259 0.614062 0.558333 0.613542 0.558333 0.613021 0.557407 0.611979 0.557407 0.611458 0.556481 0.610417 0.556481 0.609896 0.555556 0.609375 0.555556 0.608854 0.554630 0.607812 0.554630 0.607292 0.553704 0.606250 0.553704 0.605729 0.552778 0.604688 0.552778 0.604167 0.551852 0.603646 0.551852 0.603125 0.550926 0.602083 0.550926 0.601562 0.550000 0.600521 0.550000 0.600000 0.549074 0.599479 0.549074 0.598958 0.548148 0.597917 0.548148 0.581771 0.519444 0.581250 0.519444 0.580729 0.518519 0.580208 0.518519 0.579688 0.517593 0.578646 0.517593 0.578125 0.516667 0.577083 0.516667 0.576562 0.515741 0.575521 0.515741 0.575000 0.514815 0.573958 0.514815 0.573438 0.513889 0.572396 0.513889 0.571875 0.512963 0.571354 0.512963 0.570833 0.512037 0.569792 0.512037 0.569271 0.511111 0.568229 0.511111 0.567708 0.510185 0.566667 0.510185 0.566146 0.509259
0 0.675260 0.545370 0.083854 0.068519 0.646354 0.511111 0.645833 0.512037 0.645312 0.512037 0.644271 0.513889 0.645312 0.513889 0.645833 0.514815 0.646354 0.514815 0.647917 0.517593 0.647917 0.521296 0.646354 0.524074 0.646354 0.525000 0.639583 0.537037 0.639583 0.537963 0.633333 0.549074 0.633333 0.550000 0.634375 0.550000 0.634896 0.550926 0.635938 0.550926 0.636458 0.551852 0.637500 0.551852 0.638021 0.552778 0.639062 0.552778 0.639583 0.553704 0.640625 0.553704 0.641146 0.554630 0.642188 0.554630 0.642708 0.555556 0.643750 0.555556 0.644271 0.556481 0.645312 0.556481 0.645833 0.557407 0.646875 0.557407 0.647396 0.558333 0.648438 0.558333 0.648958 0.559259 0.650000 0.559259 0.650521 0.560185 0.651042 0.560185 0.651563 0.561111 0.652604 0.561111 0.653125 0.562037 0.654167 0.562037 0.654687 0.562963 0.655729 0.562963 0.656250 0.563889 0.657292 0.563889 0.657813 0.564815 0.658854 0.564815 0.659375 0.565741 0.660417 0.565741 0.660937 0.566667 0.661979 0.566667 0.662500 0.567593 0.663542 0.567593 0.664062 0.568519 0.665104 0.568519 0.665625 0.569444 0.666667 0.569444 0.667188 0.570370 0.668229 0.570370 0.668750 0.571296 0.669792 0.571296 0.670312 0.572222 0.670833 0.572222 0.671354 0.573148 0.672396 0.573148 0.672917 0.574074 0.673958 0.574074 0.674479 0.575000 0.675521 0.575000 0.676042 0.575926 0.677083 0.575926 0.677604 0.576852 0.678646 0.576852 0.679167 0.577778 0.680208 0.577778 0.680729 0.578704 0.681771 0.578704 0.682292 0.579630 0.683333 0.579630 0.683854 0.578704 0.684375 0.578704 0.690104 0.568519 0.690104 0.567593 0.697396 0.554630 0.697396 0.553704 0.704167 0.541667 0.704167 0.540741 0.711458 0.527778 0.711458 0.526852 0.716146 0.518519 0.716146 0.517593 0.716667 0.516667 0.716667 0.515741 0.717187 0.514815 0.716667 0.513889 0.716667 0.512963 0.716146 0.512037 0.715104 0.513889 0.715104 0.514815 0.707812 0.527778 0.707812 0.528704 0.700521 0.541667 0.700521 0.542593 0.693229 0.555556 0.692708 0.555556 0.692187 0.556481 0.691146 0.556481 0.690625 0.555556 0.689583 0.555556 0.689063 0.554630 0.688021 0.554630 0.687500 0.553704 0.685937 0.553704 0.685417 0.552778 0.684375 0.552778 0.683854 0.551852 0.683854 0.552778 0.683333 0.553704 0.683333 0.554630 0.682292 0.556481 0.680208 0.556481 0.679688 0.555556 0.678646 0.555556 0.678125 0.554630 0.676562 0.554630 0.676042 0.553704 0.675521 0.553704 0.660937 0.527778 0.660937 0.526852 0.654167 0.514815 0.653646 0.514815 0.653125 0.513889 0.652083 0.513889 0.651563 0.512963 0.650521 0.512963 0.650000 0.512037 0.648438 0.512037 0.647917 0.511111
0 0.313281 0.525463 0.082812 0.099074 0.310937 0.475926 0.310417 0.476852 0.309375 0.476852 0.308333 0.478704 0.307812 0.478704 0.307292 0.479630 0.306771 0.479630 0.304688 0.483333 0.304167 0.483333 0.302604 0.486111 0.302604 0.487037 0.303125 0.487963 0.303125 0.488889 0.303646 0.489815 0.303646 0.491667 0.304167 0.492593 0.304167 0.493519 0.304688 0.494444 0.304688 0.495370 0.305208 0.496296 0.305208 0.500926 0.271875 0.560185 0.271875 0.570370 0.272396 0.571296 0.272396 0.572222 0.273438 0.574074 0.273958 0.574074 0.274479 0.575000 0.275000 0.575000 0.275521 0.574074 0.276042 0.574074 0.285417 0.557407 0.285938 0.557407 0.297917 0.536111 0.298438 0.536111 0.303125 0.527778 0.303646 0.527778 0.305729 0.524074 0.306250 0.524074 0.307812 0.521296 0.308333 0.521296 0.309375 0.519444 0.309896 0.519444 0.310417 0.518519 0.310937 0.518519 0.311458 0.517593 0.316146 0.517593 0.316667 0.518519 0.317188 0.518519 0.317708 0.519444 0.318229 0.519444 0.318750 0.520370 0.319271 0.520370 0.320833 0.523148 0.321354 0.523148 0.322917 0.525926 0.323437 0.525926 0.326562 0.531481 0.327083 0.531481 0.331250 0.538889 0.331771 0.538889 0.340104 0.553704 0.340625 0.553704 0.348958 0.568519 0.349479 0.568519 0.350521 0.570370 0.351042 0.570370 0.351562 0.571296 0.353125 0.571296 0.354687 0.568519 0.354687 0.565741 0.353646 0.563889 0.353646 0.562963 0.352604 0.561111 0.352604 0.560185 0.351562 0.558333 0.351562 0.557407 0.350521 0.555556 0.350521 0.554630 0.350000 0.553704 0.350000 0.552778 0.348958 0.550926 0.348958 0.550000 0.336458 0.527778 0.335938 0.527778 0.316667 0.493519 0.316667 0.492593 0.316146 0.491667 0.316146 0.490741 0.315625 0.489815 0.315625 0.488889 0.315104 0.487963 0.315104 0.487037 0.314583 0.486111 0.314583 0.485185 0.314063 0.484259 0.314063 0.483333 0.313542 0.482407 0.313542 0.481481 0.313021 0.480556 0.313021 0.479630 0.312500 0.478704 0.312500 0.477778 0.311979 0.476852 0.311979 0.475926
0 0.395833 0.532407 0.079167 0.075926 0.397396 0.494444 0.395313 0.498148 0.395313 0.499074 0.362500 0.557407 0.361979 0.557407 0.359375 0.562037 0.358854 0.562037 0.358333 0.562963 0.357292 0.562963 0.356771 0.562037 0.356250 0.562037 0.357812 0.564815 0.357812 0.565741 0.359896 0.569444 0.360938 0.569444 0.361979 0.567593 0.362500 0.567593 0.368229 0.557407 0.368750 0.557407 0.375521 0.545370 0.376042 0.545370 0.381250 0.536111 0.381771 0.536111 0.384896 0.530556 0.385417 0.530556 0.388021 0.525926 0.388542 0.525926 0.390625 0.522222 0.391146 0.522222 0.392188 0.520370 0.392708 0.520370 0.393750 0.518519 0.394271 0.518519 0.394792 0.517593 0.395313 0.517593 0.400521 0.526852 0.401042 0.526852 0.402604 0.529630 0.403125 0.529630 0.405208 0.533333 0.405729 0.533333 0.407292 0.536111 0.407813 0.536111 0.409896 0.539815 0.410417 0.539815 0.411979 0.542593 0.412500 0.542593 0.414583 0.546296 0.415104 0.546296 0.416667 0.549074 0.417187 0.549074 0.419271 0.552778 0.419792 0.552778 0.421354 0.555556 0.421875 0.555556 0.423958 0.559259 0.424479 0.559259 0.426563 0.562963 0.427083 0.562963 0.428646 0.565741 0.429167 0.565741 0.430729 0.568519 0.431250 0.568519 0.432292 0.570370 0.433854 0.570370 0.434375 0.569444 0.434896 0.569444 0.434896 0.568519 0.435417 0.567593 0.435417 0.565741 0.434896 0.564815 0.434896 0.563889 0.433854 0.562037 0.433854 0.561111 0.428125 0.550926 0.428125 0.550000 0.420312 0.536111 0.420312 0.535185 0.412500 0.521296 0.412500 0.520370 0.404687 0.506481 0.404687 0.505556 0.400521 0.498148 0.400000 0.498148 0.398958 0.496296 0.398438 0.496296
0 0.480208 0.518981 0.077083 0.076852 0.477083 0.480556 0.478125 0.482407 0.478125 0.485185 0.477604 0.486111 0.477604 0.487037 0.472396 0.496296 0.472396 0.497222 0.447917 0.540741 0.447917 0.541667 0.442708 0.550926 0.442188 0.550926 0.441667 0.551852 0.441667 0.552778 0.442188 0.552778 0.443229 0.554630 0.443750 0.554630 0.444792 0.556481 0.445312 0.556481 0.445833 0.557407 0.447396 0.557407 0.448437 0.555556 0.448958 0.555556 0.456771 0.541667 0.456771 0.540741 0.461979 0.531481 0.462500 0.531481 0.472396 0.513889 0.472917 0.513889 0.475521 0.509259 0.476042 0.509259 0.477083 0.507407 0.477604 0.508333 0.478125 0.508333 0.478646 0.509259 0.479167 0.509259 0.479687 0.510185 0.480208 0.510185 0.480729 0.511111 0.481771 0.511111 0.482292 0.512037 0.482812 0.512037 0.483333 0.512963 0.483854 0.512963 0.484375 0.513889 0.484896 0.513889 0.485417 0.514815 0.485938 0.514815 0.486458 0.515741 0.486979 0.515741 0.487500 0.516667 0.488021 0.516667 0.488542 0.517593 0.489063 0.517593 0.489583 0.518519 0.490104 0.518519 0.490625 0.519444 0.491146 0.519444 0.491667 0.520370 0.492188 0.520370 0.492708 0.521296 0.493229 0.521296 0.493750 0.522222 0.494271 0.522222 0.496875 0.526852 0.497396 0.526852 0.500000 0.531481 0.500000 0.532407 0.509375 0.549074 0.509896 0.549074 0.510417 0.550000 0.510938 0.550000 0.511458 0.550926 0.511979 0.550926 0.512500 0.551852 0.513021 0.551852 0.513542 0.552778 0.514062 0.552778 0.514583 0.553704 0.515104 0.553704 0.515625 0.554630 0.517708 0.554630 0.518750 0.552778 0.518750 0.549074 0.517188 0.546296 0.517188 0.545370 0.504167 0.522222 0.504167 0.521296 0.483854 0.485185 0.483333 0.485185 0.482812 0.484259 0.482292 0.484259 0.481771 0.483333 0.480729 0.483333 0.480208 0.482407 0.479687 0.482407 0.479167 0.481481 0.478125 0.481481 0.477604 0.480556
0 0.570052 0.515741 0.074479 0.079630 0.558333 0.475926 0.557292 0.477778 0.557813 0.478704 0.558854 0.478704 0.559375 0.479630 0.560937 0.479630 0.561458 0.480556 0.562500 0.480556 0.563021 0.481481 0.564063 0.481481 0.564583 0.482407 0.565104 0.482407 0.566146 0.484259 0.566146 0.486111 0.566667 0.487037 0.566146 0.487963 0.566146 0.488889 0.565104 0.490741 0.565104 0.491667 0.556771 0.506481 0.556771 0.507407 0.544792 0.528704 0.544792 0.529630 0.532813 0.550926 0.533333 0.551852 0.533854 0.551852 0.534375 0.552778 0.534896 0.552778 0.535417 0.553704 0.535937 0.553704 0.536458 0.554630 0.536979 0.554630 0.537500 0.555556 0.538021 0.555556 0.538542 0.554630 0.539062 0.554630 0.548438 0.537963 0.548438 0.537037 0.560417 0.515741 0.560937 0.515741 0.565104 0.508333 0.566146 0.508333 0.566667 0.509259 0.567708 0.509259 0.568229 0.510185 0.569271 0.510185 0.569792 0.511111 0.570833 0.511111 0.571354 0.512037 0.571875 0.512037 0.572396 0.512963 0.573438 0.512963 0.573958 0.513889 0.575000 0.513889 0.575521 0.514815 0.576562 0.514815 0.577083 0.515741 0.578125 0.515741 0.578646 0.516667 0.579688 0.516667 0.580208 0.517593 0.580729 0.517593 0.581250 0.518519 0.581771 0.518519 0.597917 0.547222 0.598958 0.547222 0.599479 0.548148 0.600000 0.548148 0.600521 0.549074 0.601562 0.549074 0.602083 0.550000 0.603125 0.550000 0.603646 0.550926 0.604167 0.550926 0.604688 0.551852 0.605208 0.551852 0.605729 0.550926 0.606250 0.550926 0.607292 0.549074 0.607292 0.546296 0.606250 0.544444 0.606250 0.543519 0.600000 0.532407 0.600000 0.531481 0.590104 0.513889 0.590104 0.512963 0.579688 0.494444 0.579688 0.493519 0.574479 0.484259 0.573958 0.484259 0.572917 0.482407 0.571354 0.482407 0.570833 0.481481 0.569792 0.481481 0.569271 0.480556 0.567708 0.480556 0.567187 0.479630 0.565625 0.479630 0.565104 0.478704 0.564063 0.478704 0.563542 0.477778 0.561979 0.477778 0.561458 0.476852 0.560417 0.476852 0.559896 0.475926
0 0.644531 0.525926 0.077604 0.066667 0.653646 0.492593 0.651563 0.496296 0.651563 0.497222 0.642708 0.512963 0.642708 0.513889 0.633854 0.529630 0.633854 0.530556 0.625000 0.546296 0.625000 0.547222 0.621875 0.552778 0.621354 0.552778 0.620313 0.554630 0.618229 0.554630 0.617708 0.553704 0.616667 0.553704 0.616146 0.552778 0.615625 0.552778 0.615104 0.551852 0.614062 0.551852 0.613542 0.550926 0.612500 0.550926 0.611979 0.550000 0.610938 0.550000 0.610417 0.549074 0.609375 0.549074 0.608854 0.548148 0.608333 0.548148 0.607812 0.547222 0.607812 0.549074 0.606250 0.551852 0.605729 0.551852 0.606250 0.552778 0.607292 0.552778 0.607812 0.553704 0.608854 0.553704 0.609375 0.554630 0.609896 0.554630 0.610417 0.555556 0.611458 0.555556 0.611979 0.556481 0.613021 0.556481 0.613542 0.557407 0.614062 0.557407 0.614583 0.558333 0.615625 0.558333 0.616146 0.559259 0.618229 0.559259 0.625521 0.546296 0.625521 0.545370 0.642708 0.514815 0.643229 0.514815 0.645312 0.511111 0.645833 0.511111 0.646354 0.510185 0.647917 0.510185 0.648438 0.511111 0.650000 0.511111 0.650521 0.512037 0.651563 0.512037 0.652083 0.512963 0.653125 0.512963 0.653646 0.513889 0.654167 0.513889 0.661458 0.526852 0.661458 0.527778 0.675521 0.552778 0.676042 0.552778 0.676562 0.553704 0.678125 0.553704 0.678646 0.554630 0.679688 0.554630 0.680208 0.555556 0.682292 0.555556 0.682813 0.554630 0.682813 0.553704 0.683333 0.552778 0.683333 0.551852 0.682813 0.550926 0.682813 0.550000 0.682292 0.549074 0.682292 0.548148 0.679688 0.543519 0.679688 0.542593 0.673438 0.531481 0.673438 0.530556 0.667188 0.519444 0.667188 0.518519 0.660937 0.507407 0.660937 0.506481 0.654687 0.495370 0.654687 0.494444
0 0.355208 0.518981 0.085417 0.086111 0.312500 0.475926 0.312500 0.476852 0.313021 0.477778 0.313021 0.478704 0.313542 0.479630 0.313542 0.480556 0.314063 0.481481 0.314063 0.482407 0.314583 0.483333 0.314583 0.484259 0.315104 0.485185 0.315104 0.486111 0.315625 0.487037 0.315625 0.487963 0.316146 0.488889 0.316146 0.489815 0.316667 0.490741 0.316667 0.491667 0.317188 0.492593 0.317188 0.493519 0.335938 0.526852 0.336458 0.526852 0.351562 0.553704 0.352083 0.553704 0.356250 0.561111 0.356771 0.561111 0.357292 0.562037 0.358333 0.562037 0.358854 0.561111 0.359375 0.561111 0.361979 0.556481 0.362500 0.556481 0.394792 0.499074 0.394792 0.498148 0.397917 0.492593 0.397917 0.487963 0.396875 0.486111 0.396354 0.486111 0.395313 0.484259 0.394792 0.484259 0.393750 0.482407 0.393229 0.482407 0.391146 0.486111 0.390625 0.486111 0.386979 0.492593 0.386458 0.492593 0.366667 0.527778 0.366146 0.527778 0.363542 0.532407 0.361979 0.532407 0.358854 0.526852 0.358854 0.525926 0.356250 0.521296 0.355729 0.521296 0.354687 0.519444 0.354167 0.519444 0.344271 0.501852 0.344792 0.502778 0.344792 0.503704 0.346354 0.506481 0.346354 0.507407 0.348438 0.511111 0.348438 0.512037 0.350521 0.515741 0.350521 0.516667 0.352083 0.519444 0.352083 0.520370 0.353125 0.522222 0.353125 0.523148 0.353646 0.524074 0.353125 0.525000 0.353125 0.526852 0.352604 0.527778 0.352083 0.527778 0.351562 0.528704 0.349479 0.528704 0.348958 0.527778 0.348438 0.527778 0.345313 0.522222 0.344792 0.522222 0.333333 0.501852 0.332813 0.501852 0.327083 0.491667 0.326562 0.491667 0.322917 0.485185 0.322396 0.485185 0.320312 0.481481 0.319792 0.481481 0.318750 0.479630 0.318229 0.479630 0.317188 0.477778 0.316667 0.477778 0.316146 0.476852 0.315625 0.476852 0.315104 0.475926
0 0.435937 0.515278 0.083333 0.076852 0.398438 0.476852 0.397917 0.477778 0.397396 0.477778 0.396875 0.478704 0.396354 0.478704 0.395833 0.479630 0.395313 0.479630 0.394271 0.481481 0.394271 0.482407 0.394792 0.483333 0.395313 0.483333 0.396354 0.485185 0.396875 0.485185 0.398438 0.487963 0.398438 0.492593 0.397917 0.493519 0.397917 0.494444 0.398438 0.495370 0.398958 0.495370 0.400000 0.497222 0.400521 0.497222 0.405208 0.505556 0.405208 0.506481 0.413542 0.521296 0.414062 0.521296 0.415625 0.524074 0.416146 0.524074 0.417187 0.525926 0.417708 0.525926 0.419271 0.528704 0.419792 0.528704 0.421354 0.531481 0.421875 0.531481 0.422917 0.533333 0.423438 0.533333 0.425000 0.536111 0.425521 0.536111 0.427083 0.538889 0.427604 0.538889 0.429167 0.541667 0.429688 0.541667 0.430729 0.543519 0.431250 0.543519 0.432812 0.546296 0.433333 0.546296 0.434896 0.549074 0.435417 0.549074 0.436458 0.550926 0.436979 0.550926 0.438021 0.552778 0.438542 0.552778 0.439063 0.553704 0.439583 0.553704 0.440104 0.552778 0.440625 0.552778 0.442188 0.550000 0.442708 0.550000 0.447396 0.541667 0.447396 0.540741 0.471875 0.497222 0.471875 0.496296 0.477083 0.487037 0.477083 0.486111 0.477604 0.485185 0.477604 0.482407 0.476562 0.480556 0.475521 0.480556 0.465104 0.499074 0.464583 0.499074 0.461979 0.503704 0.461979 0.504630 0.452083 0.522222 0.451562 0.522222 0.450521 0.524074 0.448958 0.524074 0.448437 0.523148 0.447917 0.523148 0.447396 0.522222 0.446875 0.522222 0.446354 0.521296 0.445833 0.521296 0.444792 0.519444 0.444271 0.519444 0.443750 0.518519 0.443229 0.518519 0.442708 0.517593 0.442188 0.517593 0.441146 0.515741 0.437500 0.515741 0.436458 0.513889 0.435937 0.513889 0.435417 0.512963 0.434896 0.512963 0.433854 0.511111 0.433333 0.511111 0.432812 0.510185 0.432292 0.510185 0.431250 0.508333 0.438021 0.520370 0.438021 0.521296 0.439063 0.523148 0.439063 0.526852 0.437500 0.529630 0.435417 0.529630 0.434896 0.528704 0.434375 0.528704 0.433333 0.526852 0.432812 0.526852 0.431771 0.525000 0.431250 0.525000 0.430208 0.523148 0.429688 0.523148 0.428646 0.521296 0.428125 0.521296 0.427083 0.519444 0.426563 0.519444 0.423958 0.514815 0.423438 0.514815 0.406771 0.485185 0.406250 0.485185 0.404687 0.482407 0.404167 0.482407 0.403125 0.480556 0.402604 0.480556 0.402083 0.479630 0.401562 0.479630 0.400521 0.477778 0.400000 0.477778 0.399479 0.476852
0 0.521354 0.515278 0.089583 0.080556 0.479167 0.475000 0.476562 0.479630 0.477604 0.479630 0.478125 0.480556 0.479167 0.480556 0.479687 0.481481 0.480208 0.481481 0.480729 0.482407 0.481771 0.482407 0.482292 0.483333 0.482812 0.483333 0.483333 0.484259 0.483854 0.484259 0.504687 0.521296 0.504687 0.522222 0.517708 0.545370 0.517708 0.546296 0.518229 0.546296 0.518750 0.547222 0.519271 0.547222 0.519792 0.548148 0.520312 0.548148 0.520833 0.549074 0.521354 0.549074 0.521875 0.550000 0.522396 0.550000 0.522917 0.550926 0.523438 0.550926 0.523958 0.551852 0.524479 0.551852 0.525000 0.552778 0.525521 0.552778 0.526042 0.553704 0.526563 0.553704 0.527083 0.554630 0.527604 0.554630 0.528125 0.555556 0.529167 0.555556 0.529687 0.554630 0.530208 0.554630 0.544271 0.529630 0.544271 0.528704 0.556250 0.507407 0.556250 0.506481 0.564583 0.491667 0.564583 0.490741 0.565625 0.488889 0.565625 0.487963 0.566146 0.487037 0.565625 0.486111 0.565625 0.484259 0.565104 0.483333 0.564583 0.483333 0.564063 0.482407 0.563021 0.482407 0.562500 0.481481 0.561458 0.481481 0.560937 0.480556 0.559375 0.480556 0.558854 0.479630 0.557813 0.479630 0.557292 0.478704 0.556771 0.478704 0.540625 0.507407 0.540625 0.508333 0.536979 0.514815 0.536458 0.514815 0.535417 0.516667 0.534375 0.516667 0.533854 0.515741 0.532813 0.515741 0.532292 0.514815 0.531250 0.514815 0.530208 0.516667 0.529687 0.516667 0.528646 0.518519 0.527604 0.518519 0.527083 0.517593 0.526042 0.517593 0.525521 0.516667 0.525000 0.516667 0.524479 0.515741 0.523438 0.515741 0.523438 0.519444 0.522396 0.521296 0.521875 0.521296 0.521354 0.522222 0.520833 0.522222 0.520312 0.521296 0.519271 0.521296 0.518750 0.520370 0.518229 0.520370 0.517708 0.519444 0.516667 0.519444 0.516146 0.518519 0.515625 0.518519 0.515104 0.517593 0.514583 0.517593 0.514062 0.516667 0.513542 0.516667 0.496354 0.486111 0.495833 0.486111 0.495312 0.485185 0.494792 0.485185 0.494271 0.484259 0.493229 0.484259 0.492708 0.483333 0.491667 0.483333 0.491146 0.482407 0.490625 0.482407 0.490104 0.481481 0.489063 0.481481 0.488542 0.480556 0.487500 0.480556 0.486979 0.479630 0.486458 0.479630 0.485938 0.478704 0.484896 0.478704 0.484375 0.477778 0.483333 0.477778 0.482812 0.476852 0.482292 0.476852 0.481771 0.475926 0.480729 0.475926 0.480208 0.475000
0 0.607031 0.512963 0.096354 0.081481 0.560937 0.472222 0.560417 0.473148 0.559896 0.473148 0.558854 0.475000 0.559896 0.475000 0.560417 0.475926 0.561458 0.475926 0.561979 0.476852 0.563542 0.476852 0.564063 0.477778 0.565104 0.477778 0.565625 0.478704 0.567187 0.478704 0.567708 0.479630 0.569271 0.479630 0.569792 0.480556 0.570833 0.480556 0.571354 0.481481 0.572917 0.481481 0.573958 0.483333 0.574479 0.483333 0.580208 0.493519 0.580208 0.494444 0.590625 0.512963 0.590625 0.513889 0.600521 0.531481 0.600521 0.532407 0.606771 0.543519 0.606771 0.544444 0.608333 0.547222 0.608854 0.547222 0.609375 0.548148 0.610417 0.548148 0.610938 0.549074 0.611979 0.549074 0.612500 0.550000 0.613542 0.550000 0.614062 0.550926 0.615104 0.550926 0.615625 0.551852 0.616146 0.551852 0.616667 0.552778 0.617708 0.552778 0.618229 0.553704 0.620313 0.553704 0.621354 0.551852 0.621875 0.551852 0.624479 0.547222 0.624479 0.546296 0.633333 0.530556 0.633333 0.529630 0.642188 0.513889 0.642188 0.512963 0.651042 0.497222 0.651042 0.496296 0.654687 0.489815 0.654687 0.488889 0.655208 0.487963 0.655208 0.484259 0.654167 0.482407 0.653646 0.482407 0.653125 0.481481 0.651563 0.481481 0.651042 0.480556 0.650521 0.480556 0.648438 0.484259 0.647917 0.484259 0.633854 0.509259 0.633854 0.510185 0.623958 0.527778 0.622917 0.527778 0.622396 0.526852 0.621354 0.526852 0.620833 0.525926 0.619792 0.525926 0.619271 0.525000 0.617708 0.525000 0.617188 0.524074 0.616146 0.524074 0.615625 0.523148 0.614583 0.523148 0.614062 0.522222 0.613021 0.522222 0.612500 0.521296 0.610938 0.521296 0.610417 0.520370 0.609375 0.520370 0.608854 0.519444 0.607812 0.519444 0.607292 0.518519 0.606250 0.518519 0.602604 0.512037 0.602604 0.511111 0.588021 0.485185 0.587500 0.485185 0.586979 0.484259 0.585417 0.484259 0.584896 0.483333 0.583854 0.483333 0.583333 0.482407 0.581771 0.482407 0.581250 0.481481 0.579688 0.481481 0.579167 0.480556 0.578125 0.480556 0.577604 0.479630 0.576042 0.479630 0.575521 0.478704 0.573958 0.478704 0.573438 0.477778 0.571875 0.477778 0.571354 0.476852 0.570312 0.476852 0.569792 0.475926 0.568229 0.475926 0.567708 0.475000 0.566146 0.475000 0.565625 0.474074 0.564583 0.474074 0.564063 0.473148 0.562500 0.473148 0.561979 0.472222
0 0.690104 0.519444 0.071875 0.072222 0.715625 0.483333 0.709896 0.493519 0.709896 0.494444 0.702604 0.507407 0.702604 0.508333 0.692187 0.526852 0.690104 0.526852 0.689583 0.525926 0.688021 0.525926 0.687500 0.525000 0.685937 0.525000 0.685417 0.524074 0.683854 0.524074 0.683333 0.523148 0.681771 0.523148 0.681250 0.522222 0.680208 0.522222 0.675521 0.513889 0.675521 0.512963 0.668750 0.500926 0.668750 0.500000 0.662500 0.488889 0.661458 0.488889 0.660937 0.487963 0.658854 0.487963 0.658333 0.487037 0.656771 0.487037 0.656250 0.486111 0.655729 0.486111 0.655729 0.487963 0.655208 0.488889 0.655208 0.489815 0.654167 0.491667 0.654167 0.492593 0.655208 0.494444 0.655208 0.495370 0.661458 0.506481 0.661458 0.507407 0.667708 0.518519 0.667708 0.519444 0.673958 0.530556 0.673958 0.531481 0.680208 0.542593 0.680208 0.543519 0.682813 0.548148 0.682813 0.549074 0.683333 0.550000 0.683333 0.550926 0.683854 0.550926 0.684375 0.551852 0.685417 0.551852 0.685937 0.552778 0.687500 0.552778 0.688021 0.553704 0.689063 0.553704 0.689583 0.554630 0.690625 0.554630 0.691146 0.555556 0.692187 0.555556 0.692708 0.554630 0.693229 0.554630 0.700000 0.542593 0.700000 0.541667 0.707292 0.528704 0.707292 0.527778 0.714583 0.514815 0.714583 0.513889 0.721875 0.500926 0.721875 0.500000 0.725521 0.493519 0.725521 0.492593 0.726042 0.491667 0.726042 0.487963 0.725000 0.486111 0.723437 0.486111 0.722917 0.485185 0.720833 0.485185 0.720313 0.484259 0.718229 0.484259 0.717708 0.483333
0 0.312500 0.484722 0.081250 0.091667 0.309375 0.438889 0.308854 0.439815 0.308333 0.439815 0.307812 0.440741 0.307292 0.440741 0.305729 0.443519 0.305208 0.443519 0.302604 0.448148 0.302083 0.448148 0.298438 0.454630 0.298438 0.455556 0.298958 0.456481 0.298958 0.458333 0.299479 0.459259 0.299479 0.460185 0.300000 0.461111 0.300000 0.462037 0.300521 0.462963 0.300521 0.463889 0.301042 0.464815 0.301042 0.465741 0.301563 0.466667 0.301563 0.470370 0.300521 0.472222 0.300521 0.473148 0.277083 0.514815 0.276562 0.514815 0.271875 0.523148 0.271875 0.526852 0.272396 0.527778 0.272396 0.528704 0.273438 0.530556 0.275521 0.530556 0.277604 0.526852 0.278125 0.526852 0.295312 0.496296 0.295833 0.496296 0.301042 0.487037 0.301563 0.487037 0.304167 0.482407 0.304688 0.482407 0.306771 0.478704 0.307292 0.478704 0.307812 0.477778 0.308333 0.477778 0.309375 0.475926 0.310417 0.475926 0.310937 0.475000 0.315104 0.475000 0.315625 0.475926 0.316146 0.475926 0.316667 0.476852 0.317188 0.476852 0.318229 0.478704 0.318750 0.478704 0.319792 0.480556 0.320312 0.480556 0.322396 0.484259 0.322917 0.484259 0.326562 0.490741 0.327083 0.490741 0.332813 0.500926 0.333333 0.500926 0.344792 0.521296 0.345313 0.521296 0.348438 0.526852 0.348958 0.526852 0.349479 0.527778 0.351562 0.527778 0.352083 0.526852 0.352604 0.526852 0.352604 0.525000 0.353125 0.524074 0.352604 0.523148 0.352604 0.522222 0.351562 0.520370 0.351562 0.519444 0.350000 0.516667 0.350000 0.515741 0.347917 0.512037 0.347917 0.511111 0.345833 0.507407 0.345833 0.506481 0.344271 0.503704 0.344271 0.502778 0.326042 0.470370 0.325521 0.470370 0.317188 0.455556 0.317188 0.454630 0.315625 0.451852 0.315625 0.450926 0.314583 0.449074 0.314583 0.448148 0.313021 0.445370 0.313021 0.444444 0.309896 0.438889
0 0.397656 0.492130 0.081771 0.078704 0.396354 0.452778 0.395313 0.454630 0.395313 0.455556 0.359896 0.518519 0.359375 0.518519 0.357812 0.521296 0.356771 0.521296 0.359375 0.525926 0.359375 0.526852 0.361979 0.531481 0.363542 0.531481 0.366146 0.526852 0.366667 0.526852 0.386458 0.491667 0.386979 0.491667 0.390625 0.485185 0.391146 0.485185 0.393229 0.481481 0.393750 0.481481 0.395313 0.478704 0.395833 0.478704 0.396354 0.477778 0.396875 0.477778 0.397396 0.476852 0.397917 0.476852 0.398438 0.475926 0.399479 0.475926 0.400000 0.476852 0.400521 0.476852 0.401562 0.478704 0.402083 0.478704 0.402604 0.479630 0.403125 0.479630 0.404167 0.481481 0.404687 0.481481 0.406250 0.484259 0.406771 0.484259 0.423438 0.513889 0.423958 0.513889 0.426563 0.518519 0.427083 0.518519 0.428125 0.520370 0.428646 0.520370 0.429688 0.522222 0.430208 0.522222 0.431250 0.524074 0.431771 0.524074 0.432812 0.525926 0.433333 0.525926 0.434375 0.527778 0.434896 0.527778 0.435417 0.528704 0.437500 0.528704 0.438542 0.526852 0.438542 0.523148 0.437500 0.521296 0.437500 0.520370 0.402083 0.457407 0.401562 0.457407 0.401042 0.456481 0.400521 0.456481 0.400000 0.455556 0.399479 0.455556 0.398958 0.454630 0.398438 0.454630 0.397396 0.452778
0 0.481771 0.483796 0.082292 0.078704 0.477083 0.444444 0.477604 0.445370 0.477604 0.447222 0.477083 0.448148 0.477083 0.449074 0.473438 0.455556 0.473438 0.456481 0.440625 0.514815 0.441146 0.514815 0.442188 0.516667 0.442708 0.516667 0.443229 0.517593 0.443750 0.517593 0.444271 0.518519 0.444792 0.518519 0.445833 0.520370 0.446354 0.520370 0.446875 0.521296 0.447396 0.521296 0.447917 0.522222 0.448437 0.522222 0.448958 0.523148 0.450521 0.523148 0.451562 0.521296 0.452083 0.521296 0.461458 0.504630 0.461458 0.503704 0.464583 0.498148 0.465104 0.498148 0.475521 0.479630 0.476042 0.479630 0.479167 0.474074 0.480208 0.474074 0.480729 0.475000 0.481771 0.475000 0.482292 0.475926 0.482812 0.475926 0.483333 0.476852 0.484375 0.476852 0.484896 0.477778 0.485938 0.477778 0.486458 0.478704 0.486979 0.478704 0.487500 0.479630 0.488542 0.479630 0.489063 0.480556 0.490104 0.480556 0.490625 0.481481 0.491146 0.481481 0.491667 0.482407 0.492708 0.482407 0.493229 0.483333 0.494271 0.483333 0.494792 0.484259 0.495312 0.484259 0.495833 0.485185 0.496354 0.485185 0.513542 0.515741 0.514062 0.515741 0.514583 0.516667 0.515104 0.516667 0.515625 0.517593 0.516146 0.517593 0.516667 0.518519 0.517708 0.518519 0.518229 0.519444 0.518750 0.519444 0.519271 0.520370 0.520312 0.520370 0.520833 0.521296 0.521354 0.521296 0.521875 0.520370 0.522396 0.520370 0.522917 0.519444 0.522917 0.514815 0.521354 0.512037 0.521354 0.511111 0.510417 0.491667 0.510417 0.490741 0.495312 0.463889 0.495312 0.462963 0.488542 0.450926 0.488021 0.450926 0.486979 0.449074 0.485938 0.449074 0.485417 0.448148 0.484375 0.448148 0.483854 0.447222 0.482292 0.447222 0.481771 0.446296 0.480729 0.446296 0.480208 0.445370 0.478646 0.445370 0.478125 0.444444
0 0.567708 0.479167 0.071875 0.073148 0.564583 0.442593 0.563542 0.444444 0.565104 0.447222 0.565104 0.448148 0.565625 0.449074 0.565625 0.450000 0.565104 0.450926 0.565104 0.451852 0.560937 0.459259 0.560937 0.460185 0.548438 0.482407 0.548438 0.483333 0.535937 0.505556 0.535937 0.506481 0.531771 0.513889 0.532292 0.513889 0.532813 0.514815 0.533854 0.514815 0.534375 0.515741 0.535417 0.515741 0.536458 0.513889 0.536979 0.513889 0.540104 0.508333 0.540104 0.507407 0.559896 0.472222 0.560417 0.472222 0.560937 0.471296 0.561979 0.471296 0.562500 0.472222 0.564063 0.472222 0.564583 0.473148 0.565625 0.473148 0.566146 0.474074 0.567708 0.474074 0.568229 0.475000 0.569792 0.475000 0.570312 0.475926 0.571354 0.475926 0.571875 0.476852 0.573438 0.476852 0.573958 0.477778 0.575521 0.477778 0.576042 0.478704 0.577604 0.478704 0.578125 0.479630 0.579167 0.479630 0.579688 0.480556 0.581250 0.480556 0.581771 0.481481 0.583333 0.481481 0.583854 0.482407 0.584896 0.482407 0.585417 0.483333 0.586979 0.483333 0.587500 0.484259 0.588021 0.484259 0.603125 0.511111 0.603646 0.510185 0.603646 0.508333 0.603125 0.507407 0.603125 0.506481 0.602083 0.504630 0.602083 0.503704 0.596354 0.493519 0.596354 0.492593 0.586979 0.475926 0.586979 0.475000 0.578125 0.459259 0.578125 0.458333 0.570312 0.444444 0.569271 0.444444 0.568750 0.443519 0.566667 0.443519 0.566146 0.442593
0 0.646875 0.490278 0.087500 0.073148 0.653125 0.453704 0.653125 0.454630 0.645833 0.467593 0.645833 0.468519 0.636979 0.484259 0.636979 0.485185 0.627604 0.501852 0.627604 0.502778 0.619792 0.516667 0.619271 0.516667 0.618750 0.517593 0.617188 0.517593 0.616667 0.516667 0.615625 0.516667 0.615104 0.515741 0.614062 0.515741 0.613542 0.514815 0.611979 0.514815 0.611458 0.513889 0.610417 0.513889 0.609896 0.512963 0.608854 0.512963 0.608333 0.512037 0.606771 0.512037 0.606250 0.511111 0.605208 0.511111 0.604688 0.510185 0.604167 0.510185 0.603125 0.512037 0.606250 0.517593 0.607292 0.517593 0.607812 0.518519 0.608854 0.518519 0.609375 0.519444 0.610417 0.519444 0.610938 0.520370 0.612500 0.520370 0.613021 0.521296 0.614062 0.521296 0.614583 0.522222 0.615625 0.522222 0.616146 0.523148 0.617188 0.523148 0.617708 0.524074 0.619271 0.524074 0.619792 0.525000 0.620833 0.525000 0.621354 0.525926 0.622396 0.525926 0.622917 0.526852 0.623958 0.526852 0.633333 0.510185 0.633333 0.509259 0.647917 0.483333 0.648438 0.483333 0.650521 0.479630 0.651042 0.479630 0.651563 0.480556 0.653125 0.480556 0.653646 0.481481 0.654167 0.481481 0.655729 0.484259 0.655729 0.485185 0.656250 0.485185 0.656771 0.486111 0.658333 0.486111 0.658854 0.487037 0.660937 0.487037 0.661458 0.487963 0.662500 0.487963 0.669271 0.500000 0.669271 0.500926 0.676042 0.512963 0.676042 0.513889 0.679167 0.519444 0.680208 0.519444 0.680729 0.520370 0.682292 0.520370 0.682813 0.521296 0.684375 0.521296 0.684896 0.522222 0.686458 0.522222 0.686979 0.523148 0.689063 0.523148 0.689583 0.522222 0.690104 0.522222 0.690104 0.520370 0.690625 0.519444 0.690104 0.518519 0.690104 0.517593 0.689583 0.516667 0.689583 0.515741 0.686458 0.510185 0.686458 0.509259 0.680729 0.499074 0.680729 0.498148 0.675521 0.488889 0.675521 0.487963 0.669792 0.477778 0.669792 0.476852 0.664062 0.466667 0.664062 0.465741 0.658333 0.455556 0.657813 0.455556 0.657292 0.454630 0.654687 0.454630 0.654167 0.453704
0 0.353646 0.478704 0.085417 0.083333 0.312500 0.437037 0.311979 0.437963 0.310937 0.437963 0.311458 0.438889 0.311458 0.439815 0.312500 0.441667 0.312500 0.442593 0.313542 0.444444 0.313542 0.445370 0.315104 0.448148 0.315104 0.449074 0.316146 0.450926 0.316146 0.451852 0.317708 0.454630 0.317708 0.455556 0.325521 0.469444 0.326042 0.469444 0.343750 0.500926 0.344271 0.500926 0.354167 0.518519 0.354687 0.518519 0.355729 0.520370 0.357812 0.520370 0.359375 0.517593 0.359896 0.517593 0.394792 0.455556 0.394792 0.454630 0.396354 0.451852 0.396354 0.449074 0.395833 0.448148 0.395833 0.447222 0.395313 0.446296 0.394792 0.446296 0.394271 0.445370 0.392708 0.445370 0.389583 0.450926 0.389062 0.450926 0.382292 0.462963 0.381771 0.462963 0.364583 0.493519 0.364063 0.493519 0.363542 0.494444 0.362500 0.494444 0.359896 0.489815 0.359375 0.489815 0.352083 0.476852 0.351562 0.476852 0.345313 0.465741 0.344271 0.465741 0.343750 0.466667 0.352604 0.482407 0.352604 0.483333 0.353646 0.485185 0.353646 0.487963 0.353125 0.488889 0.353125 0.489815 0.352604 0.490741 0.352083 0.490741 0.351562 0.491667 0.350000 0.491667 0.349479 0.490741 0.348958 0.490741 0.345833 0.485185 0.345313 0.485185 0.333333 0.463889 0.332813 0.463889 0.326562 0.452778 0.326042 0.452778 0.322917 0.447222 0.322396 0.447222 0.320312 0.443519 0.319792 0.443519 0.318229 0.440741 0.317708 0.440741 0.317188 0.439815 0.316667 0.439815 0.316146 0.438889 0.315625 0.438889 0.315104 0.437963 0.313542 0.437963 0.313021 0.437037
0 0.435417 0.476852 0.083333 0.075926 0.398438 0.438889 0.397917 0.439815 0.397396 0.439815 0.396875 0.440741 0.396354 0.440741 0.395313 0.442593 0.394792 0.442593 0.393750 0.444444 0.394271 0.444444 0.394792 0.445370 0.395313 0.445370 0.396354 0.447222 0.396354 0.448148 0.396875 0.449074 0.396875 0.451852 0.397396 0.451852 0.398438 0.453704 0.398958 0.453704 0.399479 0.454630 0.400000 0.454630 0.400521 0.455556 0.401042 0.455556 0.401562 0.456481 0.402083 0.456481 0.430729 0.507407 0.431250 0.507407 0.432292 0.509259 0.432812 0.509259 0.433333 0.510185 0.433854 0.510185 0.434896 0.512037 0.435417 0.512037 0.435937 0.512963 0.436458 0.512963 0.437500 0.514815 0.440104 0.514815 0.472917 0.456481 0.472917 0.455556 0.476562 0.449074 0.476562 0.448148 0.477083 0.447222 0.477083 0.445370 0.476562 0.444444 0.476562 0.443519 0.476042 0.442593 0.475521 0.442593 0.475000 0.441667 0.473438 0.444444 0.472917 0.444444 0.450000 0.485185 0.449479 0.485185 0.448958 0.486111 0.448437 0.486111 0.447917 0.485185 0.447396 0.485185 0.446875 0.484259 0.446354 0.484259 0.445833 0.483333 0.444792 0.483333 0.444271 0.482407 0.443750 0.482407 0.443229 0.481481 0.442708 0.481481 0.442188 0.480556 0.441667 0.480556 0.441146 0.479630 0.440625 0.479630 0.440104 0.478704 0.439583 0.478704 0.439063 0.477778 0.438021 0.477778 0.437500 0.476852 0.436979 0.476852 0.436458 0.475926 0.435937 0.475926 0.435417 0.475000 0.434375 0.475000 0.433854 0.474074 0.438021 0.481481 0.438021 0.482407 0.439583 0.485185 0.439583 0.486111 0.440104 0.487037 0.440104 0.487963 0.439583 0.488889 0.439583 0.489815 0.438542 0.491667 0.438021 0.491667 0.437500 0.492593 0.436979 0.492593 0.436458 0.491667 0.435417 0.491667 0.434375 0.489815 0.433854 0.489815 0.433333 0.488889 0.432812 0.488889 0.432292 0.487963 0.431771 0.487963 0.431250 0.487037 0.430729 0.487037 0.430208 0.486111 0.429688 0.486111 0.429167 0.485185 0.428646 0.485185 0.426563 0.481481 0.426042 0.481481 0.406250 0.446296 0.405729 0.446296 0.404167 0.443519 0.403646 0.443519 0.403125 0.442593 0.402604 0.442593 0.402083 0.441667 0.401042 0.441667 0.400521 0.440741 0.400000 0.440741 0.399479 0.439815 0.398958 0.439815
0 0.520312 0.478241 0.089583 0.078704 0.476562 0.438889 0.475521 0.440741 0.475521 0.441667 0.476042 0.441667 0.477083 0.443519 0.478125 0.443519 0.478646 0.444444 0.480208 0.444444 0.480729 0.445370 0.481771 0.445370 0.482292 0.446296 0.483854 0.446296 0.484375 0.447222 0.485417 0.447222 0.485938 0.448148 0.486979 0.448148 0.488021 0.450000 0.488542 0.450000 0.495833 0.462963 0.495833 0.463889 0.510938 0.490741 0.510938 0.491667 0.521875 0.511111 0.521875 0.512037 0.523438 0.514815 0.524479 0.514815 0.525000 0.515741 0.525521 0.515741 0.526042 0.516667 0.527083 0.516667 0.527604 0.517593 0.528646 0.517593 0.529687 0.515741 0.530208 0.515741 0.535417 0.506481 0.535417 0.505556 0.547917 0.483333 0.547917 0.482407 0.560417 0.460185 0.560417 0.459259 0.564583 0.451852 0.564583 0.450926 0.565104 0.450000 0.565104 0.449074 0.564583 0.448148 0.564583 0.447222 0.563542 0.445370 0.563021 0.445370 0.561979 0.447222 0.561458 0.447222 0.554167 0.460185 0.554167 0.461111 0.541667 0.483333 0.539583 0.483333 0.539062 0.482407 0.537500 0.482407 0.536979 0.481481 0.535937 0.481481 0.535417 0.480556 0.534375 0.480556 0.533854 0.479630 0.531771 0.479630 0.530208 0.482407 0.528646 0.482407 0.528125 0.481481 0.527083 0.481481 0.526563 0.480556 0.525521 0.480556 0.525000 0.479630 0.523958 0.479630 0.523438 0.478704 0.522396 0.478704 0.522396 0.480556 0.520833 0.483333 0.518750 0.483333 0.518229 0.482407 0.517188 0.482407 0.516667 0.481481 0.515625 0.481481 0.515104 0.480556 0.514062 0.480556 0.513542 0.479630 0.513021 0.479630 0.504167 0.463889 0.504167 0.462963 0.496354 0.449074 0.495833 0.449074 0.494792 0.447222 0.494271 0.447222 0.493750 0.446296 0.492188 0.446296 0.491667 0.445370 0.490104 0.445370 0.489583 0.444444 0.488542 0.444444 0.488021 0.443519 0.486458 0.443519 0.485938 0.442593 0.484896 0.442593 0.484375 0.441667 0.482812 0.441667 0.482292 0.440741 0.480729 0.440741 0.480208 0.439815 0.479167 0.439815 0.478646 0.438889
0 0.609635 0.478241 0.089063 0.076852 0.566146 0.439815 0.565104 0.441667 0.566146 0.441667 0.566667 0.442593 0.568750 0.442593 0.569271 0.443519 0.570312 0.443519 0.578646 0.458333 0.578646 0.459259 0.587500 0.475000 0.587500 0.475926 0.596875 0.492593 0.596875 0.493519 0.602604 0.503704 0.602604 0.504630 0.603646 0.506481 0.603646 0.507407 0.604167 0.508333 0.604167 0.509259 0.604688 0.509259 0.605208 0.510185 0.606250 0.510185 0.606771 0.511111 0.608333 0.511111 0.608854 0.512037 0.609896 0.512037 0.610417 0.512963 0.611458 0.512963 0.611979 0.513889 0.613542 0.513889 0.614062 0.514815 0.615104 0.514815 0.615625 0.515741 0.616667 0.515741 0.617188 0.516667 0.618750 0.516667 0.619271 0.515741 0.619792 0.515741 0.627083 0.502778 0.627083 0.501852 0.636458 0.485185 0.636458 0.484259 0.645312 0.468519 0.645312 0.467593 0.652604 0.454630 0.652604 0.453704 0.654167 0.450926 0.654167 0.448148 0.653646 0.447222 0.653646 0.446296 0.653125 0.445370 0.652083 0.445370 0.651563 0.444444 0.648958 0.444444 0.648438 0.443519 0.646875 0.443519 0.645312 0.446296 0.644792 0.446296 0.629167 0.474074 0.629167 0.475000 0.621354 0.488889 0.620833 0.488889 0.620313 0.489815 0.619792 0.489815 0.619271 0.488889 0.617708 0.488889 0.617188 0.487963 0.615625 0.487963 0.615104 0.487037 0.613542 0.487037 0.613021 0.486111 0.611458 0.486111 0.610938 0.485185 0.609375 0.485185 0.608854 0.484259 0.607292 0.484259 0.592708 0.458333 0.592708 0.457407 0.587500 0.448148 0.586979 0.448148 0.586458 0.447222 0.585417 0.447222 0.584896 0.446296 0.582812 0.446296 0.582292 0.445370 0.580208 0.445370 0.579688 0.444444 0.577604 0.444444 0.577083 0.443519 0.575000 0.443519 0.574479 0.442593 0.572396 0.442593 0.571875 0.441667 0.570312 0.441667 0.569792 0.440741 0.567708 0.440741 0.567187 0.439815
0 0.692969 0.491667 0.064062 0.068519 0.723437 0.457407 0.716146 0.470370 0.716146 0.471296 0.708854 0.484259 0.708854 0.485185 0.699479 0.501852 0.697396 0.501852 0.696875 0.500926 0.695312 0.500926 0.694792 0.500000 0.692708 0.500000 0.692187 0.499074 0.690104 0.499074 0.689583 0.498148 0.688021 0.498148 0.687500 0.497222 0.685417 0.497222 0.684896 0.496296 0.683333 0.496296 0.682813 0.495370 0.681250 0.495370 0.673438 0.481481 0.673438 0.480556 0.667188 0.469444 0.667188 0.468519 0.662500 0.460185 0.661458 0.460185 0.660937 0.459259 0.664583 0.465741 0.664583 0.466667 0.670312 0.476852 0.670312 0.477778 0.676042 0.487963 0.676042 0.488889 0.681250 0.498148 0.681250 0.499074 0.686979 0.509259 0.686979 0.510185 0.690104 0.515741 0.690104 0.516667 0.690625 0.517593 0.690625 0.518519 0.691146 0.519444 0.690625 0.520370 0.690625 0.522222 0.690104 0.523148 0.689583 0.523148 0.689063 0.524074 0.686979 0.524074 0.686458 0.523148 0.684896 0.523148 0.684375 0.522222 0.682813 0.522222 0.682292 0.521296 0.680729 0.521296 0.680208 0.520370 0.679688 0.520370 0.680208 0.521296 0.681250 0.521296 0.681771 0.522222 0.683333 0.522222 0.683854 0.523148 0.685417 0.523148 0.685937 0.524074 0.687500 0.524074 0.688021 0.525000 0.689583 0.525000 0.690104 0.525926 0.692187 0.525926 0.702083 0.508333 0.702083 0.507407 0.709375 0.494444 0.709375 0.493519 0.716667 0.480556 0.716667 0.479630 0.722917 0.468519 0.722917 0.467593 0.725000 0.463889 0.725000 0.459259 0.724479 0.458333 0.723958 0.458333
0 0.312500 0.447685 0.081250 0.089815 0.306250 0.402778 0.305729 0.403704 0.305208 0.403704 0.303125 0.407407 0.302604 0.407407 0.299479 0.412963 0.298958 0.412963 0.292187 0.425000 0.292708 0.425926 0.292708 0.426852 0.293229 0.427778 0.293229 0.428704 0.293750 0.429630 0.293750 0.430556 0.294271 0.431481 0.294271 0.432407 0.294792 0.433333 0.294792 0.434259 0.295312 0.435185 0.295312 0.438889 0.294792 0.439815 0.294792 0.440741 0.271875 0.481481 0.271875 0.489815 0.272396 0.490741 0.272396 0.491667 0.272917 0.491667 0.273438 0.492593 0.275521 0.492593 0.286979 0.472222 0.287500 0.472222 0.297396 0.454630 0.297917 0.454630 0.302083 0.447222 0.302604 0.447222 0.305208 0.442593 0.305729 0.442593 0.307292 0.439815 0.307812 0.439815 0.308333 0.438889 0.308854 0.438889 0.309375 0.437963 0.309896 0.437963 0.310417 0.437037 0.311979 0.437037 0.312500 0.436111 0.313021 0.436111 0.313542 0.437037 0.315104 0.437037 0.315625 0.437963 0.316146 0.437963 0.316667 0.438889 0.317188 0.438889 0.317708 0.439815 0.318229 0.439815 0.319792 0.442593 0.320312 0.442593 0.322396 0.446296 0.322917 0.446296 0.326042 0.451852 0.326562 0.451852 0.332813 0.462963 0.333333 0.462963 0.345313 0.484259 0.345833 0.484259 0.348958 0.489815 0.349479 0.489815 0.350000 0.490741 0.351562 0.490741 0.352083 0.489815 0.352604 0.489815 0.352604 0.488889 0.353125 0.487963 0.353125 0.485185 0.352083 0.483333 0.352083 0.482407 0.324479 0.433333 0.323958 0.433333 0.307292 0.403704 0.306771 0.403704
0 0.398438 0.455093 0.082292 0.076852 0.398438 0.416667 0.397396 0.418519 0.397396 0.419444 0.361458 0.483333 0.360938 0.483333 0.359375 0.486111 0.357812 0.486111 0.357292 0.485185 0.359375 0.488889 0.359896 0.488889 0.362500 0.493519 0.363542 0.493519 0.364063 0.492593 0.364583 0.492593 0.381771 0.462037 0.382292 0.462037 0.389062 0.450000 0.389583 0.450000 0.392708 0.444444 0.393229 0.444444 0.394792 0.441667 0.395313 0.441667 0.396354 0.439815 0.396875 0.439815 0.397396 0.438889 0.397917 0.438889 0.398438 0.437963 0.398958 0.438889 0.399479 0.438889 0.400000 0.439815 0.400521 0.439815 0.401042 0.440741 0.402083 0.440741 0.402604 0.441667 0.403125 0.441667 0.403646 0.442593 0.404167 0.442593 0.405729 0.445370 0.406250 0.445370 0.426042 0.480556 0.426563 0.480556 0.428646 0.484259 0.429167 0.484259 0.429688 0.485185 0.430208 0.485185 0.430729 0.486111 0.431250 0.486111 0.431771 0.487037 0.432292 0.487037 0.432812 0.487963 0.433333 0.487963 0.433854 0.488889 0.434375 0.488889 0.435417 0.490741 0.436458 0.490741 0.436979 0.491667 0.437500 0.491667 0.438021 0.490741 0.438542 0.490741 0.439063 0.489815 0.439063 0.488889 0.439583 0.487963 0.439583 0.487037 0.439063 0.486111 0.439063 0.485185 0.437500 0.482407 0.437500 0.481481 0.402083 0.418519 0.401562 0.418519 0.401042 0.417593 0.400000 0.417593 0.399479 0.416667
0 0.480729 0.446759 0.082292 0.076852 0.477604 0.408333 0.477604 0.409259 0.477083 0.410185 0.477083 0.411111 0.467187 0.428704 0.467187 0.429630 0.440104 0.477778 0.439583 0.477778 0.440104 0.477778 0.440625 0.478704 0.441146 0.478704 0.441667 0.479630 0.442188 0.479630 0.442708 0.480556 0.443229 0.480556 0.443750 0.481481 0.444271 0.481481 0.444792 0.482407 0.445833 0.482407 0.446354 0.483333 0.446875 0.483333 0.447396 0.484259 0.447917 0.484259 0.448437 0.485185 0.448958 0.485185 0.449479 0.484259 0.450000 0.484259 0.472917 0.443519 0.473438 0.443519 0.476562 0.437963 0.478646 0.437963 0.479167 0.438889 0.480208 0.438889 0.480729 0.439815 0.482292 0.439815 0.482812 0.440741 0.484375 0.440741 0.484896 0.441667 0.485938 0.441667 0.486458 0.442593 0.488021 0.442593 0.488542 0.443519 0.489583 0.443519 0.490104 0.444444 0.491667 0.444444 0.492188 0.445370 0.493750 0.445370 0.494271 0.446296 0.494792 0.446296 0.495833 0.448148 0.496354 0.448148 0.504687 0.462963 0.504687 0.463889 0.513021 0.478704 0.513542 0.478704 0.514062 0.479630 0.515104 0.479630 0.515625 0.480556 0.516667 0.480556 0.517188 0.481481 0.518229 0.481481 0.518750 0.482407 0.520833 0.482407 0.521875 0.480556 0.521875 0.476852 0.520833 0.475000 0.520833 0.474074 0.511979 0.458333 0.511979 0.457407 0.495833 0.428704 0.495833 0.427778 0.486979 0.412037 0.486458 0.412037 0.485938 0.411111 0.485417 0.411111 0.484896 0.410185 0.482812 0.410185 0.482292 0.409259 0.480208 0.409259 0.479687 0.408333
0 0.571875 0.444444 0.078125 0.075926 0.563021 0.406481 0.562500 0.407407 0.564583 0.407407 0.565104 0.408333 0.565625 0.408333 0.566667 0.410185 0.566667 0.411111 0.567187 0.412037 0.567187 0.413889 0.566667 0.414815 0.566667 0.415741 0.562500 0.423148 0.562500 0.424074 0.549479 0.447222 0.549479 0.448148 0.536458 0.471296 0.536458 0.472222 0.532813 0.478704 0.533854 0.478704 0.534375 0.479630 0.535417 0.479630 0.535937 0.480556 0.536979 0.480556 0.537500 0.481481 0.539062 0.481481 0.539583 0.482407 0.541667 0.482407 0.553646 0.461111 0.553646 0.460185 0.561458 0.446296 0.561979 0.446296 0.566146 0.438889 0.567187 0.438889 0.567708 0.439815 0.569792 0.439815 0.570312 0.440741 0.571875 0.440741 0.572396 0.441667 0.574479 0.441667 0.575000 0.442593 0.577083 0.442593 0.577604 0.443519 0.579688 0.443519 0.580208 0.444444 0.582292 0.444444 0.582812 0.445370 0.584896 0.445370 0.585417 0.446296 0.586458 0.446296 0.586979 0.447222 0.587500 0.447222 0.593229 0.457407 0.593229 0.458333 0.604688 0.478704 0.606250 0.478704 0.606771 0.479630 0.608333 0.479630 0.608854 0.480556 0.609375 0.479630 0.609896 0.479630 0.610938 0.477778 0.610938 0.475000 0.609896 0.473148 0.609896 0.472222 0.606250 0.465741 0.606250 0.464815 0.598437 0.450926 0.598437 0.450000 0.590625 0.436111 0.590625 0.435185 0.582812 0.421296 0.582812 0.420370 0.577083 0.410185 0.576562 0.410185 0.576042 0.409259 0.572917 0.409259 0.572396 0.408333 0.569271 0.408333 0.568750 0.407407 0.565625 0.407407 0.565104 0.406481
0 0.645833 0.453241 0.081250 0.071296 0.650000 0.417593 0.650000 0.418519 0.641667 0.433333 0.641667 0.434259 0.631771 0.451852 0.631771 0.452778 0.621875 0.470370 0.621875 0.471296 0.618229 0.477778 0.617708 0.477778 0.616667 0.479630 0.616146 0.479630 0.615625 0.480556 0.615104 0.479630 0.613542 0.479630 0.613021 0.478704 0.610938 0.478704 0.609896 0.480556 0.609375 0.480556 0.608854 0.481481 0.608333 0.480556 0.606771 0.480556 0.606250 0.479630 0.605208 0.479630 0.607292 0.483333 0.608854 0.483333 0.609375 0.484259 0.610938 0.484259 0.611458 0.485185 0.613021 0.485185 0.613542 0.486111 0.615104 0.486111 0.615625 0.487037 0.617188 0.487037 0.617708 0.487963 0.619271 0.487963 0.619792 0.488889 0.620313 0.488889 0.620833 0.487963 0.621354 0.487963 0.628646 0.475000 0.628646 0.474074 0.644792 0.445370 0.645312 0.445370 0.646875 0.442593 0.648438 0.442593 0.648958 0.443519 0.651563 0.443519 0.652083 0.444444 0.653125 0.444444 0.654167 0.446296 0.654167 0.447222 0.654687 0.448148 0.654687 0.450926 0.653646 0.452778 0.654167 0.452778 0.654687 0.453704 0.657292 0.453704 0.657813 0.454630 0.658333 0.454630 0.660417 0.458333 0.660937 0.458333 0.661458 0.459259 0.662500 0.459259 0.667708 0.468519 0.667708 0.469444 0.673958 0.480556 0.673958 0.481481 0.674479 0.482407 0.675521 0.482407 0.676042 0.483333 0.678125 0.483333 0.678646 0.484259 0.680729 0.484259 0.681250 0.485185 0.682813 0.485185 0.683333 0.486111 0.685417 0.486111 0.686458 0.484259 0.686458 0.480556 0.685937 0.479630 0.685937 0.478704 0.682813 0.473148 0.682813 0.472222 0.678125 0.463889 0.678125 0.462963 0.672917 0.453704 0.672917 0.452778 0.667708 0.443519 0.667708 0.442593 0.662500 0.433333 0.662500 0.432407 0.654167 0.417593
0 0.353646 0.441667 0.090625 0.087037 0.310417 0.398148 0.309896 0.399074 0.309375 0.399074 0.308854 0.400000 0.308333 0.400000 0.308854 0.400926 0.308854 0.401852 0.318750 0.419444 0.319271 0.419444 0.337500 0.451852 0.338021 0.451852 0.351562 0.475926 0.352083 0.475926 0.356771 0.484259 0.357292 0.484259 0.357812 0.485185 0.359375 0.485185 0.360938 0.482407 0.361458 0.482407 0.396875 0.419444 0.396875 0.418519 0.398438 0.415741 0.398438 0.414815 0.398958 0.413889 0.398958 0.412037 0.396875 0.408333 0.395833 0.408333 0.395313 0.407407 0.393750 0.407407 0.393229 0.406481 0.392188 0.406481 0.391667 0.405556 0.390625 0.407407 0.390104 0.407407 0.386458 0.413889 0.385937 0.413889 0.365625 0.450000 0.365104 0.450000 0.363021 0.453704 0.362500 0.453704 0.361979 0.454630 0.361458 0.453704 0.360938 0.453704 0.360417 0.452778 0.359896 0.452778 0.358333 0.450000 0.357812 0.450000 0.356771 0.448148 0.356250 0.448148 0.354687 0.445370 0.354167 0.445370 0.353125 0.443519 0.352604 0.443519 0.351562 0.441667 0.351042 0.441667 0.349479 0.438889 0.352604 0.444444 0.352604 0.445370 0.353125 0.446296 0.353125 0.449074 0.351562 0.451852 0.351042 0.451852 0.350521 0.452778 0.350000 0.452778 0.349479 0.451852 0.348958 0.451852 0.348438 0.450926 0.347917 0.450926 0.345313 0.446296 0.344792 0.446296 0.342708 0.442593 0.342187 0.442593 0.340625 0.439815 0.339583 0.439815 0.339062 0.438889 0.338542 0.438889 0.336979 0.436111 0.336458 0.436111 0.323437 0.412963 0.322917 0.412963 0.320833 0.409259 0.320312 0.409259 0.318229 0.405556 0.317708 0.405556 0.315625 0.401852 0.315104 0.401852 0.313021 0.398148
0 0.434635 0.438889 0.084896 0.075926 0.395313 0.400926 0.394792 0.401852 0.394271 0.401852 0.393229 0.403704 0.392708 0.403704 0.392188 0.404630 0.392188 0.405556 0.393229 0.405556 0.393750 0.406481 0.395313 0.406481 0.395833 0.407407 0.396875 0.407407 0.399479 0.412037 0.399479 0.413889 0.398958 0.414815 0.398958 0.415741 0.399479 0.415741 0.400000 0.416667 0.401042 0.416667 0.401562 0.417593 0.402083 0.417593 0.433333 0.473148 0.433854 0.473148 0.434375 0.474074 0.435417 0.474074 0.435937 0.475000 0.436458 0.475000 0.436979 0.475926 0.437500 0.475926 0.438021 0.476852 0.440104 0.476852 0.466667 0.429630 0.466667 0.428704 0.476562 0.411111 0.476562 0.410185 0.477083 0.409259 0.477083 0.407407 0.476562 0.406481 0.476562 0.405556 0.475521 0.403704 0.474479 0.403704 0.472917 0.406481 0.472396 0.406481 0.449479 0.447222 0.448958 0.447222 0.448437 0.448148 0.447917 0.448148 0.447396 0.447222 0.446354 0.447222 0.445833 0.446296 0.444792 0.446296 0.444271 0.445370 0.443750 0.445370 0.443229 0.444444 0.442188 0.444444 0.441667 0.443519 0.440625 0.443519 0.440104 0.442593 0.439063 0.442593 0.438542 0.441667 0.437500 0.441667 0.436979 0.440741 0.435937 0.440741 0.435417 0.439815 0.434896 0.439815 0.435937 0.441667 0.435937 0.442593 0.437500 0.445370 0.437500 0.446296 0.438021 0.447222 0.438021 0.449074 0.435937 0.452778 0.434896 0.452778 0.434375 0.451852 0.433333 0.451852 0.432812 0.450926 0.431771 0.450926 0.431250 0.450000 0.430729 0.450000 0.429167 0.447222 0.428646 0.447222 0.422917 0.437037 0.422396 0.437037 0.405208 0.406481 0.404687 0.406481 0.403646 0.404630 0.402604 0.404630 0.402083 0.403704 0.400521 0.403704 0.400000 0.402778 0.398438 0.402778 0.397917 0.401852 0.396875 0.401852 0.396354 0.400926
0 0.520833 0.442130 0.091667 0.078704 0.476042 0.403704 0.477083 0.405556 0.477083 0.406481 0.477604 0.407407 0.479687 0.407407 0.480208 0.408333 0.482292 0.408333 0.482812 0.409259 0.484896 0.409259 0.485417 0.410185 0.485938 0.410185 0.486458 0.411111 0.486979 0.411111 0.496354 0.427778 0.496354 0.428704 0.512500 0.457407 0.512500 0.458333 0.521354 0.474074 0.521354 0.475000 0.522396 0.476852 0.522396 0.477778 0.523438 0.477778 0.523958 0.478704 0.525000 0.478704 0.525521 0.479630 0.526563 0.479630 0.527083 0.480556 0.528125 0.480556 0.528646 0.481481 0.530208 0.481481 0.531771 0.478704 0.532292 0.478704 0.535937 0.472222 0.535937 0.471296 0.548958 0.448148 0.548958 0.447222 0.561979 0.424074 0.561979 0.423148 0.566146 0.415741 0.566146 0.414815 0.566667 0.413889 0.566667 0.412037 0.566146 0.411111 0.566146 0.410185 0.565625 0.409259 0.565104 0.409259 0.564583 0.408333 0.561979 0.408333 0.540625 0.446296 0.539062 0.446296 0.538542 0.445370 0.536979 0.445370 0.536458 0.444444 0.534896 0.444444 0.534375 0.445370 0.533854 0.445370 0.533333 0.446296 0.530729 0.446296 0.530208 0.445370 0.528646 0.445370 0.528125 0.444444 0.526563 0.444444 0.526042 0.443519 0.523958 0.443519 0.523438 0.442593 0.521875 0.442593 0.519792 0.446296 0.519271 0.446296 0.518750 0.445370 0.516667 0.445370 0.516146 0.444444 0.515625 0.444444 0.514062 0.441667 0.513542 0.441667 0.508854 0.433333 0.508854 0.432407 0.496875 0.411111 0.496354 0.411111 0.495833 0.410185 0.495312 0.410185 0.494792 0.409259 0.492188 0.409259 0.491667 0.408333 0.489583 0.408333 0.489063 0.407407 0.486979 0.407407 0.486458 0.406481 0.483854 0.406481 0.483333 0.405556 0.481250 0.405556 0.480729 0.404630 0.478125 0.404630 0.477604 0.403704
0 0.607552 0.442130 0.088021 0.075000 0.564063 0.404630 0.563542 0.405556 0.565104 0.405556 0.565625 0.406481 0.568750 0.406481 0.569271 0.407407 0.572396 0.407407 0.572917 0.408333 0.576042 0.408333 0.576562 0.409259 0.577083 0.409259 0.583333 0.420370 0.583333 0.421296 0.591146 0.435185 0.591146 0.436111 0.598958 0.450000 0.598958 0.450926 0.606771 0.464815 0.606771 0.465741 0.610417 0.472222 0.610417 0.473148 0.611458 0.475000 0.611458 0.477778 0.613021 0.477778 0.613542 0.478704 0.615104 0.478704 0.615625 0.479630 0.616146 0.478704 0.616667 0.478704 0.617708 0.476852 0.618229 0.476852 0.621354 0.471296 0.621354 0.470370 0.631250 0.452778 0.631250 0.451852 0.641146 0.434259 0.641146 0.433333 0.649479 0.418519 0.649479 0.417593 0.651042 0.414815 0.651042 0.413889 0.651563 0.412963 0.651563 0.412037 0.651042 0.411111 0.651042 0.410185 0.650000 0.408333 0.647917 0.408333 0.647396 0.407407 0.643229 0.407407 0.642708 0.408333 0.642188 0.408333 0.622396 0.443519 0.622396 0.444444 0.618750 0.450926 0.618229 0.450926 0.617188 0.452778 0.616146 0.452778 0.615625 0.451852 0.613542 0.451852 0.613021 0.450926 0.610938 0.450926 0.610417 0.450000 0.608333 0.450000 0.607812 0.449074 0.605729 0.449074 0.596875 0.433333 0.596875 0.432407 0.588542 0.417593 0.588542 0.416667 0.585938 0.412037 0.585417 0.412037 0.583854 0.409259 0.580729 0.409259 0.580208 0.408333 0.577083 0.408333 0.576562 0.407407 0.573438 0.407407 0.572917 0.406481 0.569271 0.406481 0.568750 0.405556 0.565625 0.405556 0.565104 0.404630
0 0.697917 0.460185 0.069792 0.081481 0.670833 0.419444 0.675521 0.427778 0.675521 0.428704 0.680208 0.437037 0.680208 0.437963 0.682813 0.442593 0.682813 0.443519 0.683333 0.444444 0.683333 0.447222 0.682813 0.448148 0.682813 0.449074 0.682292 0.450000 0.681771 0.450000 0.681250 0.450926 0.680729 0.450926 0.680208 0.450000 0.678125 0.450000 0.672396 0.439815 0.672396 0.438889 0.670833 0.436111 0.670312 0.436111 0.669271 0.434259 0.668229 0.434259 0.667708 0.433333 0.664583 0.433333 0.664062 0.432407 0.663021 0.432407 0.663021 0.433333 0.668229 0.442593 0.668229 0.443519 0.673438 0.452778 0.673438 0.453704 0.678646 0.462963 0.678646 0.463889 0.683333 0.472222 0.683333 0.473148 0.686458 0.478704 0.686458 0.479630 0.686979 0.480556 0.686979 0.484259 0.685417 0.487037 0.683333 0.487037 0.682813 0.486111 0.681250 0.486111 0.680729 0.485185 0.678646 0.485185 0.678125 0.484259 0.676042 0.484259 0.675521 0.483333 0.675000 0.483333 0.681250 0.494444 0.682813 0.494444 0.683333 0.495370 0.684896 0.495370 0.685417 0.496296 0.687500 0.496296 0.688021 0.497222 0.689583 0.497222 0.690104 0.498148 0.692187 0.498148 0.692708 0.499074 0.694792 0.499074 0.695312 0.500000 0.696875 0.500000 0.697396 0.500926 0.699479 0.500926 0.708333 0.485185 0.708333 0.484259 0.715625 0.471296 0.715625 0.470370 0.723437 0.456481 0.723437 0.455556 0.730208 0.443519 0.730208 0.442593 0.732292 0.438889 0.732292 0.437963 0.732812 0.437037 0.732812 0.436111 0.732292 0.435185 0.732292 0.434259 0.731250 0.432407 0.729688 0.432407 0.729167 0.431481 0.725521 0.431481 0.725000 0.430556 0.720833 0.430556 0.720313 0.429630 0.716667 0.429630 0.716146 0.428704 0.712500 0.428704 0.711979 0.427778 0.707812 0.427778 0.707292 0.426852 0.703646 0.426852 0.703125 0.425926 0.699479 0.425926 0.698958 0.425000 0.695312 0.425000 0.694792 0.424074 0.690625 0.424074 0.690104 0.423148 0.686458 0.423148 0.685937 0.422222 0.682292 0.422222 0.681771 0.421296 0.677604 0.421296 0.677083 0.420370 0.673438 0.420370 0.672917 0.419444
0 0.311979 0.411111 0.081250 0.085185 0.303646 0.368519 0.303125 0.369444 0.302604 0.369444 0.301563 0.371296 0.301042 0.371296 0.286458 0.397222 0.287500 0.399074 0.287500 0.400000 0.288021 0.400926 0.288021 0.401852 0.288542 0.402778 0.288542 0.403704 0.289583 0.405556 0.289583 0.410185 0.288021 0.412963 0.288021 0.413889 0.271354 0.443519 0.271354 0.450000 0.272917 0.452778 0.273438 0.452778 0.273958 0.453704 0.274479 0.453704 0.275521 0.451852 0.276042 0.451852 0.291146 0.425000 0.291667 0.425000 0.298958 0.412037 0.299479 0.412037 0.302604 0.406481 0.303125 0.406481 0.305208 0.402778 0.305729 0.402778 0.307292 0.400000 0.307812 0.400000 0.308333 0.399074 0.308854 0.399074 0.309375 0.398148 0.309896 0.398148 0.310417 0.397222 0.314063 0.397222 0.314583 0.398148 0.315104 0.398148 0.316667 0.400926 0.317188 0.400926 0.328646 0.421296 0.329167 0.421296 0.333333 0.428704 0.333854 0.428704 0.336458 0.433333 0.336979 0.433333 0.339062 0.437037 0.339583 0.437037 0.342187 0.441667 0.342708 0.441667 0.344792 0.445370 0.345313 0.445370 0.347917 0.450000 0.348438 0.450000 0.348958 0.450926 0.349479 0.450926 0.350000 0.451852 0.350521 0.451852 0.351042 0.450926 0.351562 0.450926 0.352604 0.449074 0.352604 0.446296 0.352083 0.445370 0.352083 0.444444 0.336979 0.417593 0.336458 0.417593 0.317188 0.383333 0.316667 0.383333 0.313542 0.377778 0.313021 0.377778 0.312500 0.376852 0.311979 0.376852 0.311458 0.375926 0.310937 0.375926 0.310417 0.375000 0.309896 0.375000 0.308854 0.373148 0.308333 0.373148 0.307812 0.372222 0.307292 0.372222 0.306771 0.371296 0.306250 0.371296 0.305729 0.370370 0.305208 0.370370 0.304688 0.369444 0.304167 0.369444
0 0.391146 0.415741 0.092708 0.075926 0.395833 0.377778 0.358854 0.443519 0.358333 0.443519 0.357812 0.444444 0.355729 0.444444 0.355208 0.443519 0.354687 0.443519 0.353125 0.440741 0.352604 0.440741 0.351562 0.438889 0.351042 0.438889 0.350000 0.437037 0.349479 0.437037 0.347917 0.434259 0.347396 0.434259 0.346354 0.432407 0.345833 0.432407 0.344792 0.430556 0.348958 0.437963 0.349479 0.437963 0.351042 0.440741 0.351562 0.440741 0.352604 0.442593 0.353125 0.442593 0.354167 0.444444 0.354687 0.444444 0.356250 0.447222 0.356771 0.447222 0.357812 0.449074 0.358333 0.449074 0.359896 0.451852 0.360417 0.451852 0.360938 0.452778 0.361458 0.452778 0.361979 0.453704 0.362500 0.452778 0.363021 0.452778 0.365104 0.449074 0.365625 0.449074 0.385937 0.412963 0.386458 0.412963 0.390104 0.406481 0.390625 0.406481 0.392708 0.402778 0.393229 0.402778 0.394271 0.400926 0.394792 0.400926 0.395313 0.400000 0.396354 0.400000 0.396875 0.400926 0.397917 0.400926 0.398438 0.401852 0.400000 0.401852 0.400521 0.402778 0.402083 0.402778 0.402604 0.403704 0.403646 0.403704 0.404687 0.405556 0.405208 0.405556 0.422396 0.436111 0.422917 0.436111 0.428646 0.446296 0.429167 0.446296 0.430729 0.449074 0.431250 0.449074 0.431771 0.450000 0.432812 0.450000 0.433333 0.450926 0.434375 0.450926 0.434896 0.451852 0.435937 0.451852 0.437500 0.449074 0.437500 0.447222 0.436979 0.446296 0.436979 0.445370 0.435417 0.442593 0.435417 0.441667 0.400521 0.379630 0.400000 0.379630 0.399479 0.378704 0.397917 0.378704 0.397396 0.377778
0 0.477344 0.409722 0.088021 0.075000 0.478125 0.372222 0.478125 0.373148 0.476562 0.375926 0.476562 0.376852 0.454688 0.415741 0.454688 0.416667 0.442188 0.438889 0.441667 0.438889 0.440625 0.440741 0.439063 0.440741 0.438542 0.439815 0.437500 0.439815 0.436979 0.438889 0.435937 0.438889 0.435417 0.437963 0.434375 0.437963 0.433854 0.437037 0.433333 0.437037 0.434375 0.438889 0.435417 0.438889 0.435937 0.439815 0.436979 0.439815 0.437500 0.440741 0.438542 0.440741 0.439063 0.441667 0.440104 0.441667 0.440625 0.442593 0.441667 0.442593 0.442188 0.443519 0.443229 0.443519 0.443750 0.444444 0.444271 0.444444 0.444792 0.445370 0.445833 0.445370 0.446354 0.446296 0.447396 0.446296 0.447917 0.447222 0.448437 0.447222 0.448958 0.446296 0.449479 0.446296 0.472396 0.405556 0.472917 0.405556 0.475000 0.401852 0.475521 0.402778 0.477604 0.402778 0.478125 0.403704 0.480729 0.403704 0.481250 0.404630 0.483333 0.404630 0.483854 0.405556 0.486458 0.405556 0.486979 0.406481 0.489063 0.406481 0.489583 0.407407 0.491667 0.407407 0.492188 0.408333 0.494792 0.408333 0.495312 0.409259 0.495833 0.409259 0.496354 0.410185 0.496875 0.410185 0.509375 0.432407 0.509375 0.433333 0.513542 0.440741 0.514062 0.440741 0.515625 0.443519 0.516146 0.443519 0.516667 0.444444 0.518750 0.444444 0.519271 0.445370 0.519792 0.445370 0.521354 0.442593 0.521354 0.439815 0.520833 0.438889 0.520833 0.437963 0.516667 0.430556 0.516667 0.429630 0.503125 0.405556 0.503125 0.404630 0.489063 0.379630 0.489063 0.378704 0.488021 0.376852 0.487500 0.376852 0.485417 0.373148 0.484896 0.373148 0.484375 0.372222
0 0.563021 0.405093 0.093750 0.080556 0.567187 0.371296 0.568750 0.371296 0.570312 0.374074 0.570312 0.375000 0.570833 0.375926 0.570833 0.376852 0.570312 0.377778 0.570312 0.378704 0.569271 0.380556 0.569271 0.381481 0.560417 0.397222 0.560417 0.398148 0.546354 0.423148 0.546354 0.424074 0.535417 0.443519 0.536458 0.443519 0.536979 0.444444 0.538542 0.444444 0.539062 0.445370 0.540625 0.445370 0.564063 0.403704 0.565104 0.403704 0.565625 0.404630 0.568750 0.404630 0.569271 0.405556 0.572917 0.405556 0.573438 0.406481 0.576562 0.406481 0.577083 0.407407 0.580208 0.407407 0.580729 0.408333 0.583854 0.408333 0.585417 0.411111 0.585938 0.411111 0.589063 0.416667 0.589063 0.417593 0.597396 0.432407 0.597396 0.433333 0.602083 0.441667 0.603646 0.441667 0.604167 0.442593 0.606771 0.442593 0.607292 0.443519 0.608333 0.443519 0.608854 0.442593 0.609375 0.442593 0.609375 0.441667 0.609896 0.440741 0.609896 0.437963 0.608854 0.436111 0.608854 0.435185 0.605729 0.429630 0.605729 0.428704 0.598958 0.416667 0.598958 0.415741 0.591667 0.402778 0.591667 0.401852 0.584896 0.389815 0.584896 0.388889 0.576042 0.373148 0.575521 0.373148 0.575000 0.372222 0.570312 0.372222 0.569792 0.371296
0 0.642708 0.416667 0.080208 0.070370 0.650000 0.381481 0.641667 0.396296 0.641667 0.397222 0.631250 0.415741 0.631250 0.416667 0.620833 0.435185 0.620833 0.436111 0.617708 0.441667 0.617188 0.441667 0.616146 0.443519 0.613021 0.443519 0.612500 0.442593 0.609896 0.442593 0.609375 0.443519 0.608854 0.443519 0.608333 0.444444 0.607292 0.444444 0.606771 0.443519 0.604167 0.443519 0.603646 0.442593 0.602604 0.442593 0.605729 0.448148 0.607812 0.448148 0.608333 0.449074 0.610417 0.449074 0.610938 0.450000 0.613021 0.450000 0.613542 0.450926 0.615625 0.450926 0.616146 0.451852 0.617188 0.451852 0.618229 0.450000 0.618750 0.450000 0.621875 0.444444 0.621875 0.443519 0.642188 0.407407 0.642708 0.407407 0.643229 0.406481 0.647396 0.406481 0.647917 0.407407 0.650000 0.407407 0.651563 0.410185 0.651563 0.411111 0.652083 0.412037 0.652083 0.412963 0.651563 0.413889 0.651563 0.414815 0.650521 0.416667 0.654167 0.416667 0.662500 0.431481 0.664062 0.431481 0.664583 0.432407 0.667708 0.432407 0.668229 0.433333 0.669271 0.433333 0.670312 0.435185 0.670833 0.435185 0.672917 0.438889 0.672917 0.439815 0.678125 0.449074 0.680208 0.449074 0.680729 0.450000 0.681250 0.450000 0.681771 0.449074 0.682292 0.449074 0.682292 0.448148 0.682813 0.447222 0.682813 0.444444 0.682292 0.443519 0.682292 0.442593 0.679688 0.437963 0.679688 0.437037 0.675000 0.428704 0.675000 0.427778 0.669792 0.418519 0.669792 0.417593 0.665104 0.409259 0.665104 0.408333 0.660417 0.400000 0.660417 0.399074 0.655208 0.389815 0.655208 0.388889 0.651563 0.382407 0.651042 0.382407 0.650521 0.381481