0 0.271615 0.564352 0.082812 0.089815 0.230208 0.519444 0.230208 0.546296 0.230729 0.547222 0.230729 0.548148 0.231250 0.549074 0.231771 0.549074 0.239583 0.562963 0.240104 0.562963 0.243750 0.569444 0.244271 0.569444 0.248438 0.576852 0.248958 0.576852 0.252604 0.583333 0.253125 0.583333 0.257292 0.590741 0.257812 0.590741 0.261979 0.598148 0.262500 0.598148 0.266146 0.604630 0.266667 0.604630 0.269271 0.609259 0.276562 0.609259 0.285417 0.593519 0.285417 0.592593 0.302604 0.562037 0.302604 0.561111 0.311979 0.544444 0.311979 0.543519 0.313021 0.541667 0.313021 0.537037 0.312500 0.536111 0.312500 0.535185 0.311458 0.533333 0.311458 0.532407 0.310937 0.531481 0.310937 0.530556 0.309896 0.528704 0.309896 0.527778 0.309375 0.526852 0.309375 0.525926 0.307812 0.525926 0.306250 0.528704 0.305729 0.528704 0.303125 0.533333 0.302604 0.533333 0.296354 0.544444 0.295833 0.544444 0.277083 0.577778 0.275000 0.577778 0.273438 0.575000 0.273438 0.567593 0.272917 0.566667 0.272917 0.562037 0.267188 0.572222 0.266667 0.572222 0.266146 0.573148 0.263542 0.573148 0.262500 0.571296 0.261979 0.571296 0.257812 0.563889 0.257292 0.563889 0.252083 0.554630 0.251563 0.554630 0.246354 0.545370 0.245833 0.545370 0.240625 0.536111 0.240104 0.536111 0.234896 0.526852 0.234375 0.526852
0 0.263802 0.530556 0.083854 0.085185 0.303646 0.487963 0.303125 0.488889 0.302604 0.488889 0.297396 0.498148 0.296875 0.498148 0.277604 0.532407 0.277083 0.532407 0.276042 0.534259 0.275000 0.534259 0.272396 0.529630 0.272396 0.528704 0.265104 0.541667 0.264583 0.541667 0.261979 0.546296 0.261458 0.546296 0.260937 0.547222 0.259896 0.547222 0.259375 0.546296 0.258854 0.546296 0.256771 0.542593 0.256250 0.542593 0.252083 0.535185 0.251563 0.535185 0.246354 0.525926 0.245833 0.525926 0.240625 0.516667 0.240104 0.516667 0.234896 0.507407 0.234375 0.507407 0.229167 0.498148 0.228646 0.498148 0.224479 0.490741 0.224479 0.491667 0.223958 0.492593 0.223958 0.494444 0.223438 0.495370 0.223438 0.497222 0.222917 0.498148 0.222917 0.500000 0.222396 0.500926 0.222396 0.501852 0.221875 0.502778 0.221875 0.504630 0.222396 0.505556 0.222396 0.506481 0.228125 0.516667 0.228646 0.516667 0.233854 0.525926 0.234375 0.525926 0.239583 0.535185 0.240104 0.535185 0.245312 0.544444 0.245833 0.544444 0.251042 0.553704 0.251563 0.553704 0.256771 0.562963 0.257292 0.562963 0.261458 0.570370 0.261979 0.570370 0.263021 0.572222 0.263542 0.572222 0.264062 0.573148 0.266146 0.573148 0.267188 0.571296 0.267708 0.571296 0.304167 0.506481 0.304167 0.505556 0.305729 0.502778 0.305729 0.500000 0.305208 0.499074 0.305208 0.497222 0.304688 0.496296 0.304688 0.494444 0.304167 0.493519 0.304167 0.490741 0.303646 0.489815
0 0.259375 0.501852 0.085417 0.088889 0.298958 0.457407 0.297917 0.459259 0.297396 0.459259 0.277083 0.495370 0.276562 0.495370 0.276042 0.496296 0.273958 0.496296 0.272396 0.493519 0.272396 0.492593 0.271875 0.491667 0.271875 0.486111 0.256771 0.512963 0.256250 0.512963 0.255729 0.513889 0.253646 0.513889 0.253125 0.512963 0.252604 0.512963 0.250521 0.509259 0.250000 0.509259 0.245833 0.501852 0.245312 0.501852 0.240104 0.492593 0.239583 0.492593 0.234375 0.483333 0.233854 0.483333 0.228646 0.474074 0.228125 0.474074 0.222917 0.464815 0.222396 0.464815 0.220312 0.461111 0.219792 0.461111 0.219792 0.462037 0.219271 0.462963 0.219271 0.463889 0.218750 0.464815 0.218750 0.465741 0.218229 0.466667 0.218229 0.468519 0.217708 0.469444 0.217708 0.470370 0.217188 0.471296 0.217188 0.472222 0.216667 0.473148 0.216667 0.475926 0.217188 0.476852 0.217188 0.477778 0.222917 0.487963 0.223438 0.487963 0.228646 0.497222 0.229167 0.497222 0.234375 0.506481 0.234896 0.506481 0.240104 0.515741 0.240625 0.515741 0.245833 0.525000 0.246354 0.525000 0.251563 0.534259 0.252083 0.534259 0.256250 0.541667 0.256771 0.541667 0.258854 0.545370 0.259375 0.545370 0.259896 0.546296 0.260937 0.546296 0.261458 0.545370 0.261979 0.545370 0.264583 0.540741 0.265104 0.540741 0.280729 0.512963 0.280729 0.512037 0.301563 0.475000 0.301563 0.473148 0.302083 0.472222 0.301563 0.471296 0.301563 0.469444 0.301042 0.468519 0.301042 0.466667 0.300521 0.465741 0.300521 0.463889 0.300000 0.462963 0.300000 0.461111 0.299479 0.460185 0.299479 0.457407
0 0.253125 0.469444 0.084375 0.087037 0.293229 0.425926 0.276042 0.456481 0.275521 0.456481 0.275000 0.457407 0.274479 0.457407 0.273958 0.456481 0.273438 0.456481 0.271875 0.453704 0.271875 0.451852 0.271354 0.450926 0.271354 0.448148 0.271354 0.449074 0.251042 0.485185 0.250521 0.485185 0.249479 0.487037 0.248438 0.487037 0.247917 0.486111 0.247396 0.486111 0.246875 0.485185 0.246354 0.485185 0.244271 0.481481 0.243750 0.481481 0.239583 0.474074 0.239063 0.474074 0.234375 0.465741 0.233854 0.465741 0.229167 0.457407 0.228646 0.457407 0.223958 0.449074 0.223438 0.449074 0.218750 0.440741 0.218229 0.440741 0.214062 0.433333 0.213021 0.435185 0.213021 0.436111 0.212500 0.437037 0.212500 0.437963 0.211458 0.439815 0.211458 0.440741 0.210938 0.441667 0.210938 0.443519 0.211458 0.444444 0.211458 0.445370 0.217188 0.455556 0.217708 0.455556 0.222396 0.463889 0.222917 0.463889 0.228125 0.473148 0.228646 0.473148 0.233854 0.482407 0.234375 0.482407 0.239583 0.491667 0.240104 0.491667 0.245312 0.500926 0.245833 0.500926 0.250000 0.508333 0.250521 0.508333 0.252604 0.512037 0.253125 0.512037 0.253646 0.512963 0.255729 0.512963 0.256250 0.512037 0.256771 0.512037 0.293750 0.446296 0.293750 0.445370 0.295312 0.442593 0.295312 0.437963 0.294792 0.437037 0.294792 0.435185 0.294271 0.434259 0.294271 0.432407 0.293750 0.431481 0.293750 0.428704 0.293229 0.427778
0 0.246875 0.433796 0.085417 0.104630 0.282292 0.381481 0.264062 0.413889 0.263542 0.413889 0.259375 0.421296 0.258854 0.421296 0.257292 0.424074 0.256771 0.424074 0.255729 0.425926 0.255208 0.425926 0.254688 0.426852 0.254167 0.426852 0.253646 0.427778 0.250521 0.427778 0.250000 0.426852 0.249479 0.426852 0.248958 0.425926 0.248438 0.425926 0.247917 0.425000 0.247396 0.425000 0.246354 0.423148 0.245833 0.423148 0.244271 0.420370 0.243750 0.420370 0.241667 0.416667 0.241146 0.416667 0.238021 0.411111 0.237500 0.411111 0.233854 0.404630 0.233333 0.404630 0.228646 0.396296 0.228125 0.396296 0.222917 0.387037 0.222396 0.387037 0.220833 0.384259 0.220312 0.384259 0.219792 0.383333 0.218229 0.383333 0.216146 0.387037 0.216146 0.387963 0.213542 0.392593 0.213542 0.393519 0.210938 0.398148 0.210938 0.399074 0.208333 0.403704 0.208333 0.404630 0.205208 0.410185 0.205208 0.411111 0.204167 0.412963 0.204167 0.415741 0.205208 0.417593 0.205208 0.418519 0.207292 0.422222 0.207813 0.422222 0.213021 0.431481 0.213542 0.431481 0.218229 0.439815 0.218750 0.439815 0.223438 0.448148 0.223958 0.448148 0.228646 0.456481 0.229167 0.456481 0.233854 0.464815 0.234375 0.464815 0.239063 0.473148 0.239583 0.473148 0.243750 0.480556 0.244271 0.480556 0.246354 0.484259 0.246875 0.484259 0.247396 0.485185 0.247917 0.485185 0.248438 0.486111 0.249479 0.486111 0.250521 0.484259 0.251042 0.484259 0.270833 0.449074 0.270833 0.448148 0.288542 0.416667 0.288542 0.415741 0.289583 0.413889 0.289583 0.409259 0.289062 0.408333 0.289062 0.406481 0.288542 0.405556 0.288542 0.403704 0.288021 0.402778 0.288021 0.400000 0.287500 0.399074 0.287500 0.397222 0.286979 0.396296 0.286979 0.394444 0.286458 0.393519 0.286458 0.390741 0.285938 0.389815 0.285938 0.387963 0.285417 0.387037 0.285417 0.385185 0.284896 0.384259 0.284896 0.383333 0.283854 0.381481
0 0.351823 0.399537 0.089063 0.093519 0.369271 0.352778 0.355729 0.376852 0.355208 0.376852 0.348438 0.388889 0.347917 0.388889 0.345313 0.393519 0.344792 0.393519 0.343750 0.395370 0.343229 0.395370 0.342708 0.396296 0.342187 0.396296 0.341667 0.397222 0.338542 0.397222 0.338021 0.396296 0.337500 0.396296 0.336979 0.395370 0.336458 0.395370 0.335938 0.394444 0.335417 0.394444 0.333854 0.391667 0.333333 0.391667 0.330729 0.387037 0.330208 0.387037 0.325000 0.377778 0.324479 0.377778 0.314063 0.359259 0.313542 0.359259 0.310937 0.354630 0.310417 0.354630 0.309896 0.353704 0.308333 0.353704 0.307292 0.355556 0.307292 0.357407 0.307812 0.358333 0.307812 0.359259 0.309896 0.362963 0.309896 0.363889 0.311979 0.367593 0.311979 0.368519 0.314583 0.373148 0.314583 0.374074 0.316667 0.377778 0.316667 0.378704 0.327083 0.397222 0.327604 0.397222 0.340104 0.419444 0.340625 0.419444 0.352083 0.439815 0.352604 0.439815 0.355729 0.445370 0.356771 0.445370 0.357292 0.446296 0.357812 0.445370 0.358333 0.445370 0.358854 0.444444 0.359375 0.444444 0.375521 0.415741 0.375521 0.414815 0.395313 0.379630 0.395313 0.378704 0.396354 0.376852 0.396354 0.373148 0.394792 0.370370 0.393750 0.370370 0.393229 0.369444 0.392708 0.369444 0.392188 0.368519 0.391146 0.368519 0.390625 0.367593 0.390104 0.367593 0.389583 0.366667 0.389062 0.366667 0.388542 0.365741 0.387500 0.365741 0.386979 0.364815 0.386458 0.364815 0.385937 0.363889 0.384896 0.363889 0.384375 0.362963 0.383854 0.362963 0.383333 0.362037 0.382292 0.362037 0.381771 0.361111 0.381250 0.361111 0.380729 0.360185 0.380208 0.360185 0.379688 0.359259 0.378646 0.359259 0.378125 0.358333 0.377604 0.358333 0.377083 0.357407 0.376042 0.357407 0.375521 0.356481 0.375000 0.356481 0.374479 0.355556 0.373958 0.355556 0.373437 0.354630 0.372396 0.354630 0.371875 0.353704 0.371354 0.353704 0.370833 0.352778
0 0.426823 0.395370 0.102604 0.090741 0.435417 0.350000 0.418229 0.380556 0.417708 0.380556 0.415104 0.385185 0.414583 0.385185 0.406771 0.371296 0.406250 0.371296 0.404687 0.368519 0.403646 0.368519 0.403125 0.367593 0.402604 0.367593 0.402083 0.366667 0.401042 0.366667 0.400521 0.365741 0.399479 0.365741 0.398958 0.364815 0.398438 0.364815 0.397917 0.363889 0.396875 0.363889 0.396354 0.362963 0.395313 0.362963 0.394792 0.362037 0.394271 0.362037 0.393750 0.361111 0.392708 0.361111 0.392188 0.360185 0.391146 0.360185 0.390625 0.359259 0.390104 0.359259 0.389583 0.358333 0.388542 0.358333 0.388021 0.357407 0.386979 0.357407 0.386458 0.356481 0.385937 0.356481 0.385417 0.355556 0.384375 0.355556 0.383854 0.354630 0.382812 0.354630 0.382292 0.353704 0.381771 0.353704 0.381250 0.352778 0.380208 0.352778 0.379688 0.351852 0.378646 0.351852 0.378125 0.350926 0.376563 0.350926 0.375521 0.352778 0.375521 0.354630 0.376042 0.355556 0.376042 0.356481 0.377083 0.356481 0.377604 0.357407 0.378125 0.357407 0.378646 0.358333 0.379688 0.358333 0.380208 0.359259 0.380729 0.359259 0.381250 0.360185 0.381771 0.360185 0.382292 0.361111 0.383333 0.361111 0.383854 0.362037 0.384375 0.362037 0.384896 0.362963 0.385937 0.362963 0.386458 0.363889 0.386979 0.363889 0.387500 0.364815 0.388542 0.364815 0.389062 0.365741 0.389583 0.365741 0.390104 0.366667 0.390625 0.366667 0.391146 0.367593 0.392188 0.367593 0.392708 0.368519 0.393229 0.368519 0.393750 0.369444 0.394792 0.369444 0.396875 0.373148 0.396875 0.376852 0.397396 0.377778 0.397917 0.377778 0.398438 0.378704 0.399479 0.378704 0.400521 0.380556 0.401042 0.380556 0.429688 0.431481 0.430208 0.431481 0.431250 0.433333 0.431771 0.433333 0.432292 0.434259 0.432812 0.434259 0.433333 0.435185 0.433854 0.435185 0.434375 0.436111 0.434896 0.436111 0.435417 0.437037 0.435937 0.437037 0.436458 0.437963 0.436979 0.437963 0.438021 0.439815 0.438542 0.439815 0.439063 0.440741 0.440625 0.440741 0.441146 0.439815 0.441667 0.439815 0.453646 0.418519 0.453646 0.417593 0.471875 0.385185 0.471875 0.384259 0.477604 0.374074 0.477604 0.373148 0.478125 0.372222 0.478125 0.370370 0.477604 0.369444 0.477604 0.368519 0.476562 0.366667 0.475000 0.366667 0.474479 0.365741 0.472917 0.365741 0.472396 0.364815 0.470833 0.364815 0.470313 0.363889 0.468750 0.363889 0.468229 0.362963 0.466667 0.362963 0.466146 0.362037 0.464062 0.362037 0.463542 0.361111 0.461979 0.361111 0.461458 0.360185 0.459896 0.360185 0.459375 0.359259 0.457813 0.359259 0.457292 0.358333 0.455729 0.358333 0.455208 0.357407 0.453125 0.357407 0.452604 0.356481 0.451042 0.356481 0.450521 0.355556 0.448958 0.355556 0.448437 0.354630 0.446875 0.354630 0.446354 0.353704 0.444792 0.353704 0.444271 0.352778 0.442188 0.352778 0.441667 0.351852 0.440104 0.351852 0.439583 0.350926 0.438021 0.350926 0.437500 0.350000
0 0.510938 0.400000 0.118750 0.092593 0.509896 0.353704 0.509375 0.354630 0.508854 0.354630 0.502604 0.365741 0.502604 0.366667 0.498437 0.374074 0.496875 0.374074 0.496354 0.373148 0.494271 0.373148 0.493750 0.372222 0.492188 0.372222 0.491667 0.371296 0.490104 0.371296 0.489583 0.370370 0.488021 0.370370 0.487500 0.369444 0.485938 0.369444 0.485417 0.368519 0.483854 0.368519 0.483333 0.367593 0.481771 0.367593 0.481250 0.366667 0.479167 0.366667 0.478646 0.365741 0.477083 0.365741 0.476562 0.364815 0.475000 0.364815 0.474479 0.363889 0.472917 0.363889 0.472396 0.362963 0.470833 0.362963 0.470313 0.362037 0.468750 0.362037 0.468229 0.361111 0.466146 0.361111 0.465625 0.360185 0.464062 0.360185 0.463542 0.359259 0.461979 0.359259 0.461458 0.358333 0.459896 0.358333 0.459375 0.357407 0.457813 0.357407 0.457292 0.356481 0.455729 0.356481 0.455208 0.355556 0.453125 0.355556 0.452604 0.354630 0.452083 0.354630 0.451562 0.355556 0.452604 0.355556 0.453125 0.356481 0.455208 0.356481 0.455729 0.357407 0.457292 0.357407 0.457813 0.358333 0.459375 0.358333 0.459896 0.359259 0.461458 0.359259 0.461979 0.360185 0.463542 0.360185 0.464062 0.361111 0.466146 0.361111 0.466667 0.362037 0.468229 0.362037 0.468750 0.362963 0.470313 0.362963 0.470833 0.363889 0.472396 0.363889 0.472917 0.364815 0.474479 0.364815 0.475000 0.365741 0.476562 0.365741 0.478125 0.368519 0.478125 0.369444 0.478646 0.370370 0.480208 0.370370 0.480729 0.371296 0.482292 0.371296 0.482812 0.372222 0.484375 0.372222 0.484896 0.373148 0.485417 0.373148 0.486458 0.375000 0.486979 0.375000 0.494271 0.387963 0.494271 0.388889 0.513542 0.423148 0.513542 0.424074 0.521354 0.437963 0.521354 0.438889 0.521875 0.439815 0.522396 0.439815 0.522917 0.440741 0.523958 0.440741 0.524479 0.441667 0.525000 0.441667 0.525521 0.442593 0.526563 0.442593 0.527083 0.443519 0.528125 0.443519 0.528646 0.444444 0.529687 0.444444 0.530208 0.445370 0.530729 0.445370 0.531250 0.446296 0.533333 0.446296 0.534375 0.444444 0.534896 0.444444 0.539583 0.436111 0.539583 0.435185 0.552083 0.412963 0.552083 0.412037 0.564583 0.389815 0.564583 0.388889 0.569271 0.380556 0.569271 0.379630 0.569792 0.378704 0.569792 0.377778 0.570312 0.376852 0.569792 0.375926 0.569792 0.375000 0.569271 0.374074 0.569271 0.373148 0.568750 0.373148 0.568229 0.372222 0.566146 0.372222 0.565625 0.371296 0.563542 0.371296 0.563021 0.370370 0.560417 0.370370 0.559896 0.369444 0.557813 0.369444 0.557292 0.368519 0.554688 0.368519 0.554167 0.367593 0.552083 0.367593 0.551562 0.366667 0.548958 0.366667 0.548438 0.365741 0.546354 0.365741 0.545833 0.364815 0.543229 0.364815 0.542708 0.363889 0.540104 0.363889 0.539583 0.362963 0.537500 0.362963 0.536979 0.362037 0.534375 0.362037 0.533854 0.361111 0.531771 0.361111 0.531250 0.360185 0.528646 0.360185 0.528125 0.359259 0.526042 0.359259 0.525521 0.358333 0.522917 0.358333 0.522396 0.357407 0.520312 0.357407 0.519792 0.356481 0.517188 0.356481 0.516667 0.355556 0.514583 0.355556 0.514062 0.354630 0.511458 0.354630 0.510938 0.353704
0 0.586198 0.397222 0.128646 0.088889 0.577083 0.352778 0.568750 0.367593 0.567708 0.367593 0.567187 0.366667 0.564583 0.366667 0.564063 0.365741 0.561979 0.365741 0.561458 0.364815 0.558854 0.364815 0.558333 0.363889 0.555729 0.363889 0.555208 0.362963 0.553125 0.362963 0.552604 0.362037 0.550000 0.362037 0.549479 0.361111 0.546875 0.361111 0.546354 0.360185 0.544271 0.360185 0.543750 0.359259 0.541146 0.359259 0.540625 0.358333 0.538021 0.358333 0.537500 0.357407 0.534896 0.357407 0.534375 0.356481 0.532292 0.356481 0.531771 0.355556 0.529167 0.355556 0.528646 0.354630 0.526042 0.354630 0.525521 0.353704 0.521875 0.353704 0.521875 0.354630 0.523958 0.354630 0.524479 0.355556 0.527083 0.355556 0.527604 0.356481 0.529687 0.356481 0.530208 0.357407 0.532813 0.357407 0.533333 0.358333 0.535937 0.358333 0.536458 0.359259 0.538542 0.359259 0.539062 0.360185 0.541667 0.360185 0.542188 0.361111 0.544271 0.361111 0.544792 0.362037 0.547396 0.362037 0.547917 0.362963 0.550000 0.362963 0.550521 0.363889 0.553125 0.363889 0.553646 0.364815 0.555729 0.364815 0.556250 0.365741 0.558854 0.365741 0.559375 0.366667 0.561979 0.366667 0.562500 0.367593 0.564583 0.367593 0.565104 0.368519 0.567708 0.368519 0.568229 0.369444 0.570312 0.369444 0.570833 0.370370 0.573438 0.370370 0.573958 0.371296 0.575521 0.371296 0.576562 0.373148 0.577083 0.373148 0.579688 0.377778 0.579688 0.378704 0.587500 0.392593 0.587500 0.393519 0.595313 0.407407 0.595313 0.408333 0.603125 0.422222 0.603125 0.423148 0.608854 0.433333 0.608854 0.434259 0.609896 0.436111 0.609896 0.437037 0.610417 0.437963 0.610417 0.438889 0.610938 0.439815 0.612500 0.439815 0.613021 0.440741 0.614062 0.440741 0.614583 0.441667 0.615104 0.441667 0.615625 0.440741 0.616146 0.440741 0.628125 0.419444 0.628125 0.418519 0.638021 0.400926 0.638021 0.400000 0.647917 0.382407 0.647917 0.381481 0.650521 0.376852 0.650521 0.372222 0.649479 0.370370 0.647917 0.370370 0.647396 0.369444 0.644271 0.369444 0.643750 0.368519 0.640625 0.368519 0.640104 0.367593 0.636979 0.367593 0.636458 0.366667 0.633333 0.366667 0.632812 0.365741 0.629167 0.365741 0.628646 0.364815 0.625521 0.364815 0.625000 0.363889 0.621875 0.363889 0.621354 0.362963 0.618229 0.362963 0.617708 0.362037 0.614583 0.362037 0.614062 0.361111 0.610938 0.361111 0.610417 0.360185 0.607292 0.360185 0.606771 0.359259 0.603646 0.359259 0.603125 0.358333 0.600000 0.358333 0.599479 0.357407 0.596354 0.357407 0.595833 0.356481 0.592708 0.356481 0.592187 0.355556 0.589063 0.355556 0.588542 0.354630 0.585417 0.354630 0.584896 0.353704 0.581771 0.353704 0.581250 0.352778
0 0.351823 0.562037 0.078646 0.081481 0.313021 0.521296 0.312500 0.522222 0.313021 0.523148 0.313021 0.526852 0.313542 0.527778 0.313542 0.528704 0.314063 0.529630 0.314063 0.530556 0.314583 0.531481 0.314583 0.532407 0.315625 0.534259 0.315625 0.535185 0.316667 0.537037 0.316667 0.537963 0.318229 0.540741 0.318229 0.541667 0.319271 0.543519 0.319271 0.544444 0.320312 0.546296 0.320312 0.547222 0.321875 0.550000 0.321875 0.550926 0.322917 0.552778 0.322917 0.553704 0.323958 0.555556 0.323958 0.556481 0.325521 0.559259 0.325521 0.560185 0.326562 0.562037 0.326562 0.562963 0.327604 0.564815 0.327604 0.565741 0.329167 0.568519 0.329167 0.569444 0.330208 0.571296 0.330208 0.572222 0.331250 0.574074 0.331250 0.575000 0.332813 0.577778 0.332813 0.578704 0.333854 0.580556 0.333854 0.581481 0.335417 0.584259 0.335417 0.585185 0.336458 0.587037 0.336458 0.587963 0.337500 0.589815 0.337500 0.590741 0.339062 0.593519 0.339062 0.594444 0.340104 0.596296 0.340104 0.597222 0.341667 0.600000 0.341667 0.600926 0.342708 0.602778 0.348958 0.602778 0.349479 0.601852 0.350000 0.601852 0.351042 0.600000 0.351562 0.600000 0.352604 0.598148 0.353125 0.598148 0.354167 0.596296 0.354687 0.596296 0.355729 0.594444 0.356250 0.594444 0.357292 0.592593 0.357812 0.592593 0.358854 0.590741 0.359375 0.590741 0.360417 0.588889 0.360938 0.588889 0.361979 0.587037 0.362500 0.587037 0.363542 0.585185 0.364063 0.585185 0.365104 0.583333 0.365625 0.583333 0.367188 0.580556 0.367708 0.580556 0.368750 0.578704 0.369271 0.578704 0.370312 0.576852 0.370833 0.576852 0.371875 0.575000 0.372396 0.575000 0.373437 0.573148 0.373958 0.573148 0.375000 0.571296 0.375521 0.571296 0.376563 0.569444 0.377083 0.569444 0.378125 0.567593 0.378646 0.567593 0.379688 0.565741 0.380208 0.565741 0.381250 0.563889 0.381771 0.563889 0.382812 0.562037 0.383333 0.562037 0.384375 0.560185 0.384896 0.560185 0.386458 0.557407 0.386979 0.557407 0.388021 0.555556 0.388542 0.555556 0.391146 0.550926 0.391146 0.548148 0.390104 0.546296 0.390104 0.545370 0.388542 0.542593 0.388542 0.541667 0.386979 0.538889 0.386979 0.537963 0.385417 0.535185 0.385417 0.534259 0.384896 0.533333 0.383333 0.536111 0.382812 0.536111 0.378125 0.544444 0.377604 0.544444 0.369792 0.558333 0.369271 0.558333 0.363021 0.569444 0.362500 0.569444 0.361979 0.570370 0.360417 0.570370 0.359896 0.569444 0.359375 0.569444 0.358854 0.568519 0.358854 0.567593 0.358333 0.566667 0.358333 0.565741 0.356771 0.562963 0.356250 0.562963 0.352083 0.555556 0.352604 0.556481 0.352604 0.557407 0.353125 0.558333 0.353125 0.559259 0.353646 0.560185 0.353646 0.561111 0.354167 0.562037 0.354167 0.562963 0.354687 0.563889 0.354687 0.564815 0.355208 0.565741 0.355208 0.566667 0.355729 0.567593 0.355729 0.571296 0.354167 0.574074 0.352083 0.574074 0.351042 0.572222 0.350521 0.572222 0.348438 0.568519 0.347917 0.568519 0.340625 0.555556 0.340104 0.555556 0.333854 0.544444 0.333333 0.544444 0.329167 0.537037 0.328646 0.537037 0.326042 0.532407 0.325521 0.532407 0.323437 0.528704 0.322917 0.528704 0.321354 0.525926 0.320833 0.525926 0.319792 0.524074 0.319271 0.524074 0.318750 0.523148 0.318229 0.523148 0.317708 0.522222 0.317188 0.522222 0.316667 0.521296
0 0.432552 0.560185 0.086979 0.088889 0.415104 0.515741 0.414062 0.517593 0.413542 0.517593 0.412500 0.519444 0.418229 0.529630 0.418229 0.530556 0.428646 0.549074 0.428646 0.550000 0.434896 0.561111 0.434896 0.562037 0.435937 0.563889 0.435937 0.564815 0.436458 0.565741 0.436458 0.566667 0.435937 0.567593 0.435937 0.568519 0.434896 0.570370 0.432292 0.570370 0.431250 0.568519 0.430729 0.568519 0.407813 0.527778 0.406771 0.527778 0.406250 0.528704 0.405729 0.528704 0.405208 0.529630 0.404167 0.529630 0.403646 0.530556 0.402604 0.530556 0.402083 0.529630 0.401042 0.529630 0.400521 0.528704 0.400000 0.528704 0.398958 0.526852 0.398438 0.526852 0.396875 0.524074 0.396354 0.524074 0.394271 0.520370 0.393750 0.521296 0.393229 0.521296 0.392188 0.523148 0.391667 0.523148 0.390104 0.525926 0.389583 0.525926 0.389062 0.526852 0.393229 0.534259 0.393229 0.535185 0.408333 0.562037 0.408854 0.562037 0.416667 0.575926 0.417187 0.575926 0.424479 0.588889 0.425000 0.588889 0.432292 0.601852 0.432812 0.601852 0.434375 0.604630 0.437500 0.604630 0.438021 0.603704 0.441146 0.603704 0.446354 0.594444 0.446354 0.593519 0.455208 0.577778 0.455208 0.576852 0.463542 0.562037 0.463542 0.561111 0.471875 0.546296 0.471875 0.545370 0.475000 0.539815 0.475000 0.538889 0.475521 0.537963 0.475521 0.537037 0.476042 0.536111 0.475521 0.535185 0.475521 0.534259 0.473958 0.531481 0.473438 0.531481 0.472396 0.529630 0.471875 0.529630 0.470833 0.527778 0.470313 0.527778 0.469271 0.525926 0.468750 0.525926 0.468229 0.525000 0.467708 0.525000 0.467187 0.524074 0.448437 0.557407 0.447917 0.557407 0.447396 0.558333 0.445833 0.558333 0.442708 0.552778 0.441667 0.552778 0.441146 0.553704 0.440625 0.553704 0.440104 0.554630 0.439063 0.554630 0.438542 0.553704 0.438021 0.553704 0.434896 0.548148 0.434375 0.548148 0.427083 0.535185 0.426563 0.535185 0.419271 0.522222 0.418750 0.522222
0 0.516927 0.548148 0.093229 0.083333 0.478646 0.506481 0.478125 0.507407 0.477604 0.507407 0.476042 0.510185 0.475521 0.510185 0.472396 0.515741 0.471875 0.515741 0.470313 0.518519 0.475000 0.526852 0.475521 0.526852 0.477604 0.530556 0.478125 0.530556 0.479167 0.532407 0.479687 0.532407 0.480729 0.534259 0.481250 0.534259 0.482812 0.537037 0.483333 0.537037 0.484375 0.538889 0.484896 0.538889 0.485938 0.540741 0.486458 0.540741 0.488021 0.543519 0.488542 0.543519 0.489583 0.545370 0.490104 0.545370 0.491146 0.547222 0.491667 0.547222 0.493229 0.550000 0.493750 0.550000 0.494792 0.551852 0.495312 0.551852 0.496354 0.553704 0.496875 0.553704 0.498437 0.556481 0.498958 0.556481 0.500000 0.558333 0.500521 0.558333 0.501563 0.560185 0.502083 0.560185 0.503646 0.562963 0.504167 0.562963 0.505208 0.564815 0.505729 0.564815 0.506771 0.566667 0.507292 0.566667 0.508854 0.569444 0.509375 0.569444 0.510417 0.571296 0.510938 0.571296 0.511979 0.573148 0.512500 0.573148 0.514062 0.575926 0.514583 0.575926 0.515625 0.577778 0.516146 0.577778 0.517188 0.579630 0.517708 0.579630 0.519271 0.582407 0.519792 0.582407 0.520833 0.584259 0.521354 0.584259 0.522396 0.586111 0.522917 0.586111 0.524479 0.588889 0.525000 0.588889 0.525521 0.589815 0.527604 0.589815 0.541667 0.564815 0.541667 0.563889 0.555208 0.539815 0.555208 0.538889 0.562500 0.525926 0.562500 0.525000 0.563021 0.524074 0.563021 0.523148 0.563542 0.522222 0.563021 0.521296 0.563021 0.520370 0.561458 0.517593 0.560417 0.517593 0.559896 0.516667 0.538542 0.554630 0.538021 0.554630 0.537500 0.555556 0.536979 0.554630 0.536458 0.554630 0.535417 0.552778 0.534896 0.552778 0.534375 0.551852 0.533854 0.551852 0.532813 0.550000 0.529687 0.555556 0.528125 0.555556 0.527604 0.554630 0.527083 0.554630 0.526563 0.553704 0.526042 0.553704 0.525000 0.551852 0.524479 0.551852 0.523958 0.550926 0.523438 0.550926 0.522396 0.549074 0.521875 0.549074 0.521354 0.548148 0.520833 0.548148 0.519792 0.546296 0.519271 0.546296 0.518229 0.544444 0.517708 0.544444 0.517188 0.543519 0.518229 0.545370 0.518229 0.546296 0.519271 0.548148 0.519271 0.550926 0.518750 0.551852 0.518750 0.552778 0.518229 0.553704 0.517708 0.553704 0.517188 0.554630 0.516146 0.554630 0.515625 0.553704 0.515104 0.553704 0.514583 0.552778 0.514062 0.552778 0.513021 0.550926 0.512500 0.550926 0.511458 0.549074 0.510938 0.549074 0.510417 0.548148 0.509896 0.548148 0.508854 0.546296 0.508333 0.546296 0.507292 0.544444 0.506771 0.544444 0.495312 0.524074 0.494792 0.524074 0.493750 0.522222 0.493229 0.522222 0.492188 0.520370 0.491667 0.520370 0.490625 0.518519 0.490104 0.518519 0.489583 0.517593 0.489063 0.517593 0.488021 0.515741 0.487500 0.515741 0.486458 0.513889 0.485938 0.513889 0.484896 0.512037 0.484375 0.512037 0.483854 0.511111 0.483333 0.511111 0.482292 0.509259 0.481771 0.509259 0.480729 0.507407 0.480208 0.507407 0.479687 0.506481
0 0.602604 0.543981 0.088542 0.076852 0.566667 0.505556 0.564583 0.509259 0.564063 0.509259 0.560417 0.515741 0.560417 0.516667 0.561458 0.516667 0.563542 0.520370 0.563542 0.521296 0.564063 0.522222 0.563542 0.523148 0.563542 0.524074 0.563021 0.525000 0.563021 0.525926 0.558333 0.534259 0.558854 0.534259 0.559375 0.535185 0.559896 0.535185 0.560417 0.536111 0.560937 0.536111 0.561458 0.537037 0.561979 0.537037 0.562500 0.537963 0.563021 0.537963 0.563542 0.538889 0.564063 0.538889 0.564583 0.539815 0.565104 0.539815 0.565625 0.540741 0.566146 0.540741 0.567187 0.542593 0.567708 0.542593 0.568229 0.543519 0.568750 0.543519 0.569271 0.544444 0.569792 0.544444 0.570312 0.545370 0.570833 0.545370 0.571354 0.546296 0.571875 0.546296 0.572396 0.547222 0.572917 0.547222 0.573438 0.548148 0.573958 0.548148 0.574479 0.549074 0.575000 0.549074 0.575521 0.550000 0.576042 0.550000 0.576562 0.550926 0.577083 0.550926 0.577604 0.551852 0.578125 0.551852 0.578646 0.552778 0.579167 0.552778 0.579688 0.553704 0.580208 0.553704 0.581250 0.555556 0.581771 0.555556 0.582292 0.556481 0.582812 0.556481 0.583333 0.557407 0.583854 0.557407 0.584375 0.558333 0.584896 0.558333 0.585417 0.559259 0.585938 0.559259 0.586458 0.560185 0.586979 0.560185 0.587500 0.561111 0.588021 0.561111 0.588542 0.562037 0.589063 0.562037 0.589583 0.562963 0.590104 0.562963 0.590625 0.563889 0.591146 0.563889 0.591667 0.564815 0.592187 0.564815 0.592708 0.565741 0.593229 0.565741 0.594271 0.567593 0.594792 0.567593 0.595313 0.568519 0.595833 0.568519 0.596354 0.569444 0.596875 0.569444 0.597396 0.570370 0.597917 0.570370 0.598437 0.571296 0.598958 0.571296 0.599479 0.572222 0.600000 0.572222 0.600521 0.573148 0.601042 0.573148 0.601562 0.574074 0.602083 0.574074 0.602604 0.575000 0.603125 0.575000 0.603646 0.575926 0.604167 0.575926 0.604688 0.576852 0.605208 0.576852 0.605729 0.577778 0.606250 0.577778 0.607292 0.579630 0.607812 0.579630 0.608333 0.580556 0.608854 0.580556 0.609375 0.581481 0.609896 0.581481 0.610417 0.582407 0.612500 0.582407 0.613021 0.581481 0.613542 0.581481 0.617708 0.574074 0.617708 0.573148 0.626563 0.557407 0.626563 0.556481 0.635938 0.539815 0.635938 0.538889 0.644271 0.524074 0.644271 0.523148 0.646875 0.518519 0.646875 0.514815 0.645833 0.512963 0.645312 0.512963 0.644792 0.512037 0.644271 0.512037 0.643750 0.511111 0.642708 0.512963 0.642188 0.512963 0.626563 0.540741 0.626563 0.541667 0.617708 0.557407 0.615625 0.557407 0.615104 0.556481 0.614583 0.556481 0.614062 0.555556 0.613542 0.555556 0.613021 0.554630 0.612500 0.554630 0.611979 0.553704 0.611458 0.553704 0.610938 0.552778 0.610417 0.552778 0.609896 0.551852 0.609375 0.551852 0.608854 0.550926 0.607812 0.550926 0.607292 0.550000 0.606771 0.550000 0.606250 0.549074 0.605729 0.550000 0.603646 0.550000 0.603125 0.549074 0.602604 0.549074 0.602083 0.548148 0.601562 0.548148 0.601042 0.547222 0.600000 0.547222 0.599479 0.546296 0.598958 0.546296 0.598437 0.545370 0.597917 0.545370 0.597396 0.544444 0.596875 0.544444 0.596354 0.543519 0.595833 0.543519 0.589063 0.531481 0.589063 0.530556 0.582292 0.518519 0.581771 0.518519 0.580729 0.516667 0.580208 0.516667 0.579688 0.515741 0.578646 0.515741 0.578125 0.514815 0.577604 0.514815 0.577083 0.513889 0.576562 0.513889 0.576042 0.512963 0.575521 0.512963 0.575000 0.512037 0.574479 0.512037 0.573958 0.511111 0.572917 0.511111 0.572396 0.510185 0.571875 0.510185 0.571354 0.509259 0.570833 0.509259 0.570312 0.508333 0.569792 0.508333 0.569271 0.507407 0.568229 0.507407 0.567708 0.506481 0.567187 0.506481
0 0.676042 0.541204 0.080208 0.067593 0.646354 0.507407 0.645312 0.509259 0.644792 0.509259 0.644271 0.510185 0.644271 0.511111 0.644792 0.511111 0.645312 0.512037 0.645833 0.512037 0.647396 0.514815 0.647396 0.518519 0.644792 0.523148 0.644792 0.524074 0.636458 0.538889 0.636458 0.539815 0.635938 0.540741 0.635938 0.541667 0.636979 0.541667 0.637500 0.542593 0.638021 0.542593 0.638542 0.543519 0.639583 0.543519 0.640104 0.544444 0.640625 0.544444 0.641146 0.545370 0.641667 0.545370 0.642188 0.546296 0.643229 0.546296 0.643750 0.547222 0.644271 0.547222 0.644792 0.548148 0.645833 0.548148 0.646354 0.549074 0.646875 0.549074 0.647396 0.550000 0.647917 0.550000 0.648438 0.550926 0.649479 0.550926 0.650000 0.551852 0.650521 0.551852 0.651042 0.552778 0.651563 0.552778 0.652083 0.553704 0.653125 0.553704 0.653646 0.554630 0.654167 0.554630 0.654687 0.555556 0.655729 0.555556 0.656250 0.556481 0.656771 0.556481 0.657292 0.557407 0.657813 0.557407 0.658333 0.558333 0.659375 0.558333 0.659896 0.559259 0.660417 0.559259 0.660937 0.560185 0.661979 0.560185 0.662500 0.561111 0.663021 0.561111 0.663542 0.562037 0.664062 0.562037 0.664583 0.562963 0.665625 0.562963 0.666146 0.563889 0.666667 0.563889 0.667188 0.564815 0.668229 0.564815 0.668750 0.565741 0.669271 0.565741 0.669792 0.566667 0.670312 0.566667 0.670833 0.567593 0.671875 0.567593 0.672396 0.568519 0.672917 0.568519 0.673438 0.569444 0.674479 0.569444 0.675000 0.570370 0.675521 0.570370 0.676042 0.571296 0.676562 0.571296 0.677083 0.572222 0.678125 0.572222 0.678646 0.573148 0.679167 0.573148 0.679688 0.574074 0.680729 0.574074 0.681250 0.575000 0.682813 0.575000 0.683854 0.573148 0.684375 0.573148 0.685937 0.570370 0.685937 0.569444 0.694271 0.554630 0.694271 0.553704 0.702083 0.539815 0.702083 0.538889 0.709896 0.525000 0.709896 0.524074 0.715104 0.514815 0.715104 0.513889 0.716146 0.512037 0.716146 0.509259 0.715625 0.508333 0.711979 0.514815 0.711979 0.515741 0.704167 0.529630 0.704167 0.530556 0.695833 0.545370 0.695833 0.546296 0.693229 0.550926 0.692708 0.550926 0.691667 0.552778 0.690104 0.552778 0.689583 0.551852 0.689063 0.551852 0.688542 0.550926 0.687500 0.550926 0.686979 0.550000 0.685937 0.550000 0.685417 0.549074 0.684896 0.549074 0.684375 0.548148 0.683333 0.548148 0.682813 0.547222 0.682813 0.550000 0.681250 0.552778 0.679688 0.552778 0.679167 0.551852 0.678125 0.551852 0.677604 0.550926 0.676562 0.550926 0.676042 0.550000 0.675521 0.550000 0.675000 0.549074 0.673958 0.549074 0.664583 0.532407 0.664583 0.531481 0.656771 0.517593 0.656771 0.516667 0.654687 0.512963 0.654167 0.512963 0.653125 0.511111 0.652604 0.511111 0.652083 0.510185 0.651042 0.510185 0.650521 0.509259 0.649479 0.509259 0.648958 0.508333 0.648438 0.508333 0.647917 0.507407
0 0.314323 0.527778 0.081771 0.100000 0.311979 0.477778 0.311458 0.478704 0.310417 0.478704 0.309896 0.479630 0.309375 0.479630 0.308333 0.481481 0.307812 0.481481 0.306250 0.484259 0.305729 0.484259 0.304167 0.487037 0.304167 0.489815 0.304688 0.490741 0.304688 0.493519 0.305208 0.494444 0.305208 0.496296 0.305729 0.497222 0.305729 0.499074 0.306250 0.500000 0.306250 0.502778 0.304688 0.505556 0.304688 0.506481 0.273438 0.562037 0.273438 0.575000 0.275000 0.577778 0.276562 0.577778 0.277083 0.576852 0.277604 0.576852 0.296354 0.543519 0.296875 0.543519 0.303125 0.532407 0.303646 0.532407 0.306250 0.527778 0.306771 0.527778 0.308854 0.524074 0.309375 0.524074 0.309896 0.523148 0.310417 0.523148 0.310937 0.522222 0.311458 0.522222 0.311979 0.521296 0.312500 0.521296 0.313021 0.520370 0.316667 0.520370 0.317188 0.521296 0.317708 0.521296 0.318229 0.522222 0.318750 0.522222 0.319271 0.523148 0.319792 0.523148 0.320833 0.525000 0.321354 0.525000 0.322917 0.527778 0.323437 0.527778 0.325521 0.531481 0.326042 0.531481 0.328646 0.536111 0.329167 0.536111 0.333333 0.543519 0.333854 0.543519 0.340104 0.554630 0.340625 0.554630 0.347917 0.567593 0.348438 0.567593 0.350521 0.571296 0.351042 0.571296 0.352083 0.573148 0.354167 0.573148 0.355208 0.571296 0.355208 0.567593 0.354687 0.566667 0.354687 0.565741 0.354167 0.564815 0.354167 0.563889 0.353646 0.562963 0.353646 0.562037 0.353125 0.561111 0.353125 0.560185 0.352604 0.559259 0.352604 0.558333 0.352083 0.557407 0.352083 0.556481 0.351562 0.555556 0.351562 0.554630 0.351042 0.553704 0.350521 0.553704 0.341146 0.537037 0.340625 0.537037 0.331250 0.520370 0.330729 0.520370 0.317708 0.497222 0.317708 0.496296 0.317188 0.495370 0.317188 0.494444 0.316667 0.493519 0.316667 0.491667 0.316146 0.490741 0.316146 0.489815 0.315625 0.488889 0.315625 0.487037 0.315104 0.486111 0.315104 0.484259 0.314583 0.483333 0.314583 0.482407 0.314063 0.481481 0.314063 0.479630 0.313542 0.478704 0.313542 0.477778
0 0.397135 0.532407 0.077604 0.074074 0.398438 0.495370 0.394271 0.502778 0.394271 0.503704 0.360938 0.562963 0.360417 0.562963 0.359375 0.564815 0.358333 0.564815 0.358854 0.565741 0.358854 0.566667 0.359375 0.567593 0.359375 0.568519 0.359896 0.568519 0.360417 0.569444 0.361979 0.569444 0.362500 0.568519 0.363021 0.568519 0.369271 0.557407 0.369792 0.557407 0.377604 0.543519 0.378125 0.543519 0.382812 0.535185 0.383333 0.535185 0.386979 0.528704 0.387500 0.528704 0.389583 0.525000 0.390104 0.525000 0.391667 0.522222 0.392188 0.522222 0.393229 0.520370 0.393750 0.520370 0.394792 0.518519 0.395313 0.518519 0.395833 0.517593 0.396875 0.517593 0.397396 0.516667 0.400000 0.516667 0.400521 0.517593 0.401042 0.517593 0.401562 0.518519 0.402083 0.518519 0.402604 0.519444 0.403125 0.519444 0.404167 0.521296 0.404687 0.521296 0.430729 0.567593 0.431250 0.567593 0.432292 0.569444 0.434896 0.569444 0.435417 0.568519 0.435417 0.567593 0.435937 0.566667 0.435937 0.565741 0.435417 0.564815 0.435417 0.563889 0.434375 0.562037 0.434375 0.561111 0.428125 0.550000 0.428125 0.549074 0.417708 0.530556 0.417708 0.529630 0.407292 0.511111 0.407292 0.510185 0.400521 0.498148 0.400000 0.498148
0 0.480469 0.518056 0.076563 0.078704 0.477604 0.478704 0.477083 0.479630 0.477083 0.480556 0.478125 0.482407 0.478125 0.486111 0.476042 0.489815 0.476042 0.490741 0.459896 0.519444 0.459896 0.520370 0.442188 0.551852 0.442708 0.551852 0.445833 0.557407 0.447396 0.557407 0.447917 0.556481 0.448437 0.556481 0.471875 0.514815 0.472396 0.514815 0.475521 0.509259 0.476042 0.509259 0.477604 0.506481 0.478125 0.506481 0.478646 0.505556 0.479687 0.505556 0.480208 0.506481 0.480729 0.506481 0.481771 0.508333 0.482292 0.508333 0.483333 0.510185 0.483854 0.510185 0.484375 0.511111 0.484896 0.511111 0.485938 0.512963 0.486458 0.512963 0.487500 0.514815 0.488021 0.514815 0.489063 0.516667 0.489583 0.516667 0.490104 0.517593 0.490625 0.517593 0.491667 0.519444 0.492188 0.519444 0.493229 0.521296 0.493750 0.521296 0.494792 0.523148 0.495312 0.523148 0.506771 0.543519 0.507292 0.543519 0.508333 0.545370 0.508854 0.545370 0.509896 0.547222 0.510417 0.547222 0.510938 0.548148 0.511458 0.548148 0.512500 0.550000 0.513021 0.550000 0.514062 0.551852 0.514583 0.551852 0.515104 0.552778 0.515625 0.552778 0.516146 0.553704 0.517188 0.553704 0.517708 0.552778 0.518229 0.552778 0.518229 0.551852 0.518750 0.550926 0.518750 0.548148 0.517708 0.546296 0.517708 0.545370 0.495312 0.505556 0.495312 0.504630 0.485417 0.487037 0.484896 0.487037 0.483333 0.484259 0.482812 0.484259 0.482292 0.483333 0.481771 0.483333 0.481250 0.482407 0.480729 0.482407 0.480208 0.481481 0.479687 0.481481 0.479167 0.480556 0.478646 0.480556
0 0.570052 0.513426 0.073438 0.082407 0.559375 0.472222 0.557292 0.475926 0.557813 0.476852 0.558333 0.476852 0.558854 0.477778 0.559896 0.477778 0.560417 0.478704 0.560937 0.478704 0.561458 0.479630 0.562500 0.479630 0.563021 0.480556 0.563542 0.480556 0.564063 0.481481 0.564583 0.481481 0.566146 0.484259 0.566146 0.487963 0.564063 0.491667 0.564063 0.492593 0.554167 0.510185 0.554167 0.511111 0.542708 0.531481 0.542708 0.532407 0.533333 0.549074 0.533333 0.550000 0.533854 0.550926 0.534375 0.550926 0.534896 0.551852 0.535417 0.551852 0.536458 0.553704 0.536979 0.553704 0.537500 0.554630 0.538021 0.553704 0.538542 0.553704 0.564063 0.508333 0.564583 0.508333 0.566667 0.504630 0.567187 0.505556 0.567708 0.505556 0.568229 0.506481 0.569271 0.506481 0.569792 0.507407 0.570312 0.507407 0.570833 0.508333 0.571354 0.508333 0.571875 0.509259 0.572396 0.509259 0.572917 0.510185 0.573958 0.510185 0.574479 0.511111 0.575000 0.511111 0.575521 0.512037 0.576042 0.512037 0.576562 0.512963 0.577083 0.512963 0.577604 0.513889 0.578125 0.513889 0.578646 0.514815 0.579688 0.514815 0.580208 0.515741 0.580729 0.515741 0.581771 0.517593 0.582292 0.517593 0.589583 0.530556 0.589583 0.531481 0.595833 0.542593 0.596354 0.542593 0.596875 0.543519 0.597396 0.543519 0.597917 0.544444 0.598437 0.544444 0.598958 0.545370 0.599479 0.545370 0.600000 0.546296 0.601042 0.546296 0.601562 0.547222 0.602083 0.547222 0.602604 0.548148 0.603125 0.548148 0.603646 0.549074 0.605729 0.549074 0.606771 0.547222 0.606771 0.544444 0.606250 0.543519 0.606250 0.542593 0.602083 0.535185 0.602083 0.534259 0.589063 0.511111 0.589063 0.510185 0.573438 0.482407 0.572917 0.482407 0.572396 0.481481 0.571875 0.481481 0.571354 0.480556 0.570312 0.480556 0.569792 0.479630 0.569271 0.479630 0.568750 0.478704 0.567708 0.478704 0.567187 0.477778 0.566667 0.477778 0.566146 0.476852 0.565104 0.476852 0.564583 0.475926 0.563542 0.475926 0.563021 0.475000 0.562500 0.475000 0.561979 0.474074 0.560937 0.474074 0.560417 0.473148 0.559896 0.473148
0 0.644531 0.523611 0.075521 0.065741 0.606771 0.543519 0.607292 0.544444 0.607292 0.547222 0.606771 0.548148 0.606771 0.549074 0.607292 0.549074 0.607812 0.550000 0.608854 0.550000 0.609375 0.550926 0.609896 0.550926 0.610417 0.551852 0.610938 0.551852 0.611458 0.552778 0.611979 0.552778 0.612500 0.553704 0.613021 0.553704 0.613542 0.554630 0.614062 0.554630 0.614583 0.555556 0.615104 0.555556 0.615625 0.556481 0.617708 0.556481 0.620313 0.551852 0.619271 0.553704 0.618750 0.553704 0.618229 0.552778 0.617708 0.552778 0.617188 0.551852 0.616146 0.551852 0.615625 0.550926 0.615104 0.550926 0.614583 0.550000 0.614062 0.550000 0.613542 0.549074 0.613021 0.549074 0.612500 0.548148 0.611979 0.548148 0.611458 0.547222 0.610417 0.547222 0.609896 0.546296 0.609375 0.546296 0.608854 0.545370 0.608333 0.545370 0.607812 0.544444 0.607292 0.544444
0 0.356250 0.520833 0.084375 0.086111 0.314063 0.477778 0.314063 0.478704 0.314583 0.479630 0.314583 0.481481 0.315104 0.482407 0.315104 0.483333 0.315625 0.484259 0.315625 0.486111 0.316146 0.487037 0.316146 0.488889 0.316667 0.489815 0.316667 0.490741 0.317188 0.491667 0.317188 0.493519 0.317708 0.494444 0.317708 0.495370 0.318229 0.496296 0.318229 0.497222 0.330729 0.519444 0.331250 0.519444 0.340625 0.536111 0.341146 0.536111 0.350521 0.552778 0.351042 0.552778 0.356250 0.562037 0.356771 0.562037 0.357812 0.563889 0.359375 0.563889 0.360417 0.562037 0.360938 0.562037 0.393750 0.503704 0.393750 0.502778 0.397917 0.495370 0.397917 0.494444 0.398438 0.493519 0.398438 0.490741 0.394271 0.483333 0.393229 0.485185 0.392708 0.485185 0.389583 0.490741 0.389062 0.490741 0.381250 0.504630 0.380729 0.504630 0.364063 0.534259 0.363021 0.534259 0.362500 0.533333 0.361979 0.533333 0.360938 0.531481 0.360938 0.530556 0.359896 0.528704 0.359896 0.527778 0.358854 0.525926 0.358854 0.525000 0.358333 0.524074 0.358333 0.523148 0.356771 0.523148 0.356250 0.522222 0.355729 0.522222 0.352604 0.516667 0.352083 0.516667 0.350000 0.512963 0.351042 0.514815 0.351042 0.515741 0.351562 0.516667 0.351562 0.517593 0.352604 0.519444 0.352604 0.520370 0.353646 0.522222 0.353646 0.523148 0.354167 0.524074 0.354167 0.526852 0.352604 0.529630 0.350000 0.529630 0.349479 0.528704 0.348958 0.528704 0.345833 0.523148 0.345313 0.523148 0.336458 0.507407 0.335938 0.507407 0.330208 0.497222 0.329688 0.497222 0.326042 0.490741 0.325521 0.490741 0.322917 0.486111 0.322396 0.486111 0.320833 0.483333 0.320312 0.483333 0.319271 0.481481 0.318750 0.481481 0.317708 0.479630 0.317188 0.479630 0.316667 0.478704 0.315625 0.478704 0.315104 0.477778
0 0.436719 0.516204 0.081771 0.075000 0.398438 0.478704 0.397917 0.479630 0.397396 0.479630 0.396875 0.480556 0.396354 0.480556 0.395833 0.481481 0.395833 0.482407 0.403646 0.496296 0.404167 0.496296 0.411458 0.509259 0.411979 0.509259 0.418750 0.521296 0.419271 0.521296 0.426563 0.534259 0.427083 0.534259 0.434375 0.547222 0.434896 0.547222 0.438021 0.552778 0.438542 0.552778 0.439063 0.553704 0.440104 0.553704 0.440625 0.552778 0.441146 0.552778 0.459375 0.520370 0.459375 0.519444 0.475521 0.490741 0.475521 0.489815 0.477604 0.486111 0.477604 0.482407 0.476562 0.480556 0.474479 0.484259 0.473958 0.484259 0.451042 0.525000 0.450521 0.525000 0.450000 0.525926 0.449479 0.525000 0.448958 0.525000 0.448437 0.524074 0.447917 0.524074 0.445833 0.520370 0.445312 0.520370 0.443750 0.517593 0.443229 0.517593 0.441667 0.514815 0.440625 0.514815 0.439583 0.516667 0.438542 0.516667 0.438021 0.515741 0.437500 0.515741 0.435417 0.512037 0.434896 0.512037 0.432812 0.508333 0.432292 0.508333 0.430208 0.504630 0.429688 0.504630 0.427604 0.500926 0.427083 0.500926 0.425000 0.497222 0.424479 0.497222 0.422396 0.493519 0.426563 0.500926 0.427083 0.500926 0.437500 0.519444 0.437500 0.520370 0.439063 0.523148 0.439063 0.524074 0.439583 0.525000 0.439583 0.526852 0.437500 0.530556 0.435937 0.530556 0.434896 0.528704 0.434375 0.528704 0.431771 0.524074 0.431250 0.524074 0.428125 0.518519 0.427604 0.518519 0.424479 0.512963 0.423958 0.512963 0.420833 0.507407 0.420312 0.507407 0.416667 0.500926 0.416146 0.500926 0.413021 0.495370 0.412500 0.495370 0.409375 0.489815 0.408854 0.489815 0.405729 0.484259 0.405208 0.484259 0.402083 0.478704
0 0.521875 0.513889 0.087500 0.081481 0.481771 0.473148 0.481250 0.474074 0.480729 0.474074 0.479167 0.476852 0.478646 0.476852 0.478125 0.477778 0.478125 0.478704 0.478646 0.479630 0.479167 0.479630 0.479687 0.480556 0.480208 0.480556 0.480729 0.481481 0.481250 0.481481 0.481771 0.482407 0.482292 0.482407 0.482812 0.483333 0.483333 0.483333 0.484896 0.486111 0.485417 0.486111 0.495833 0.504630 0.495833 0.505556 0.516667 0.542593 0.517188 0.542593 0.517708 0.543519 0.518229 0.543519 0.519271 0.545370 0.519792 0.545370 0.520833 0.547222 0.521354 0.547222 0.521875 0.548148 0.522396 0.548148 0.523438 0.550000 0.523958 0.550000 0.524479 0.550926 0.525000 0.550926 0.526042 0.552778 0.526563 0.552778 0.527083 0.553704 0.527604 0.553704 0.528125 0.554630 0.529687 0.554630 0.542188 0.532407 0.542188 0.531481 0.553646 0.511111 0.553646 0.510185 0.563542 0.492593 0.563542 0.491667 0.565625 0.487963 0.565625 0.484259 0.564583 0.482407 0.564063 0.482407 0.563542 0.481481 0.563021 0.481481 0.562500 0.480556 0.561458 0.480556 0.560937 0.479630 0.560417 0.479630 0.559896 0.478704 0.558854 0.478704 0.558333 0.477778 0.557813 0.477778 0.557292 0.476852 0.556771 0.476852 0.541667 0.503704 0.541667 0.504630 0.536458 0.513889 0.535937 0.513889 0.535417 0.514815 0.533854 0.514815 0.533333 0.513889 0.532813 0.513889 0.532292 0.512963 0.531771 0.512963 0.530208 0.515741 0.529687 0.515741 0.528646 0.517593 0.527083 0.517593 0.526563 0.516667 0.526042 0.516667 0.525521 0.515741 0.525000 0.515741 0.524479 0.514815 0.523958 0.514815 0.523438 0.513889 0.522917 0.513889 0.522396 0.512963 0.523438 0.514815 0.523438 0.518519 0.522917 0.519444 0.522917 0.520370 0.522396 0.521296 0.521875 0.521296 0.521354 0.522222 0.520833 0.522222 0.520312 0.521296 0.519271 0.521296 0.518229 0.519444 0.517708 0.519444 0.517188 0.518519 0.516667 0.518519 0.516146 0.517593 0.515625 0.517593 0.515104 0.516667 0.514583 0.516667 0.514062 0.515741 0.513542 0.515741 0.512500 0.513889 0.511979 0.513889 0.497396 0.487963 0.496875 0.487963 0.495833 0.486111 0.495312 0.486111 0.494792 0.485185 0.494271 0.485185 0.493750 0.484259 0.493229 0.484259 0.492708 0.483333 0.492188 0.483333 0.491146 0.481481 0.490625 0.481481 0.490104 0.480556 0.489583 0.480556 0.489063 0.479630 0.488542 0.479630 0.488021 0.478704 0.487500 0.478704 0.486979 0.477778 0.486458 0.477778 0.485938 0.476852 0.485417 0.476852 0.484896 0.475926 0.484375 0.475926 0.483854 0.475000 0.483333 0.475000 0.482812 0.474074 0.482292 0.474074
0 0.607292 0.510185 0.094792 0.085185 0.562500 0.467593 0.559896 0.472222 0.560417 0.472222 0.560937 0.473148 0.561979 0.473148 0.562500 0.474074 0.563021 0.474074 0.563542 0.475000 0.564583 0.475000 0.565104 0.475926 0.566146 0.475926 0.566667 0.476852 0.567187 0.476852 0.567708 0.477778 0.568750 0.477778 0.569271 0.478704 0.569792 0.478704 0.570312 0.479630 0.571354 0.479630 0.571875 0.480556 0.572396 0.480556 0.572917 0.481481 0.573438 0.481481 0.589583 0.510185 0.589583 0.511111 0.602604 0.534259 0.602604 0.535185 0.607292 0.543519 0.607812 0.543519 0.608333 0.544444 0.608854 0.544444 0.609375 0.545370 0.609896 0.545370 0.610417 0.546296 0.611458 0.546296 0.611979 0.547222 0.612500 0.547222 0.613021 0.548148 0.613542 0.548148 0.614062 0.549074 0.614583 0.549074 0.615104 0.550000 0.615625 0.550000 0.616146 0.550926 0.617188 0.550926 0.617708 0.551852 0.618229 0.551852 0.618750 0.552778 0.619271 0.552778 0.620313 0.550926 0.620833 0.550926 0.626042 0.541667 0.626042 0.540741 0.635417 0.524074 0.635417 0.523148 0.644271 0.507407 0.644271 0.506481 0.652604 0.491667 0.652604 0.490741 0.654687 0.487037 0.654687 0.482407 0.653646 0.480556 0.652604 0.480556 0.652083 0.479630 0.651042 0.479630 0.650521 0.478704 0.650000 0.478704 0.644271 0.488889 0.643750 0.488889 0.639062 0.497222 0.639062 0.498148 0.627083 0.519444 0.627083 0.520370 0.625000 0.524074 0.624479 0.524074 0.623437 0.525926 0.621875 0.525926 0.621354 0.525000 0.620833 0.525000 0.620313 0.524074 0.619271 0.524074 0.618750 0.523148 0.618229 0.523148 0.617708 0.522222 0.616667 0.522222 0.616146 0.521296 0.615625 0.521296 0.615104 0.520370 0.614062 0.520370 0.613542 0.519444 0.613021 0.519444 0.612500 0.518519 0.611458 0.518519 0.610938 0.517593 0.610417 0.517593 0.609896 0.516667 0.608854 0.516667 0.608333 0.515741 0.607812 0.515741 0.607292 0.514815 0.606250 0.514815 0.605729 0.513889 0.605208 0.513889 0.604688 0.512963 0.603646 0.512963 0.588021 0.485185 0.587500 0.485185 0.586979 0.484259 0.586458 0.484259 0.585938 0.483333 0.584896 0.483333 0.584375 0.482407 0.583854 0.482407 0.583333 0.481481 0.582292 0.481481 0.581771 0.480556 0.580729 0.480556 0.580208 0.479630 0.579688 0.479630 0.579167 0.478704 0.578125 0.478704 0.577604 0.477778 0.576562 0.477778 0.576042 0.476852 0.575521 0.476852 0.575000 0.475926 0.573958 0.475926 0.573438 0.475000 0.572396 0.475000 0.571875 0.474074 0.571354 0.474074 0.570833 0.473148 0.569792 0.473148 0.569271 0.472222 0.568229 0.472222 0.567708 0.471296 0.567187 0.471296 0.566667 0.470370 0.565625 0.470370 0.565104 0.469444 0.564063 0.469444 0.563542 0.468519 0.563021 0.468519
0 0.689583 0.515278 0.071875 0.073148 0.715104 0.478704 0.711458 0.485185 0.711458 0.486111 0.703646 0.500000 0.703646 0.500926 0.695312 0.515741 0.695312 0.516667 0.692708 0.521296 0.692187 0.521296 0.691146 0.523148 0.690104 0.523148 0.689583 0.522222 0.688542 0.522222 0.688021 0.521296 0.685937 0.521296 0.685417 0.520370 0.684375 0.520370 0.683854 0.519444 0.682813 0.519444 0.682292 0.518519 0.681250 0.518519 0.680729 0.517593 0.679688 0.517593 0.679167 0.516667 0.678125 0.516667 0.673958 0.509259 0.673958 0.508333 0.667188 0.496296 0.667188 0.495370 0.662500 0.487037 0.661979 0.487037 0.661458 0.486111 0.660417 0.486111 0.659896 0.485185 0.658854 0.485185 0.658333 0.484259 0.657292 0.484259 0.656771 0.483333 0.655208 0.483333 0.655208 0.487037 0.653646 0.489815 0.655208 0.492593 0.655208 0.493519 0.661979 0.505556 0.661979 0.506481 0.668750 0.518519 0.668750 0.519444 0.675521 0.531481 0.675521 0.532407 0.681250 0.542593 0.681250 0.543519 0.683333 0.547222 0.684375 0.547222 0.684896 0.548148 0.685417 0.548148 0.685937 0.549074 0.686979 0.549074 0.687500 0.550000 0.688542 0.550000 0.689063 0.550926 0.689583 0.550926 0.690104 0.551852 0.691667 0.551852 0.692708 0.550000 0.693229 0.550000 0.695312 0.546296 0.695312 0.545370 0.703646 0.530556 0.703646 0.529630 0.711458 0.515741 0.711458 0.514815 0.719271 0.500926 0.719271 0.500000 0.724479 0.490741 0.724479 0.489815 0.725521 0.487963 0.725521 0.485185 0.723958 0.482407 0.722917 0.482407 0.722396 0.481481 0.720833 0.481481 0.720313 0.480556 0.718750 0.480556 0.718229 0.479630 0.716667 0.479630 0.716146 0.478704
0 0.313281 0.486574 0.080729 0.093519 0.312500 0.439815 0.311979 0.440741 0.310937 0.440741 0.310417 0.441667 0.309375 0.441667 0.308333 0.443519 0.307812 0.443519 0.306250 0.446296 0.305729 0.446296 0.303125 0.450926 0.302604 0.450926 0.299479 0.456481 0.300000 0.457407 0.300000 0.460185 0.300521 0.461111 0.300521 0.462963 0.301042 0.463889 0.301042 0.465741 0.301563 0.466667 0.301563 0.468519 0.302083 0.469444 0.302083 0.471296 0.302604 0.472222 0.302083 0.473148 0.302083 0.475000 0.281250 0.512037 0.281250 0.512963 0.272917 0.527778 0.272917 0.529630 0.275000 0.533333 0.276042 0.533333 0.277083 0.531481 0.277604 0.531481 0.296875 0.497222 0.297396 0.497222 0.302604 0.487963 0.303125 0.487963 0.305729 0.483333 0.306250 0.483333 0.307812 0.480556 0.308333 0.480556 0.309375 0.478704 0.309896 0.478704 0.310417 0.477778 0.311458 0.477778 0.311979 0.476852 0.315104 0.476852 0.315625 0.477778 0.316667 0.477778 0.317188 0.478704 0.317708 0.478704 0.318750 0.480556 0.319271 0.480556 0.320312 0.482407 0.320833 0.482407 0.322396 0.485185 0.322917 0.485185 0.325521 0.489815 0.326042 0.489815 0.329688 0.496296 0.330208 0.496296 0.335938 0.506481 0.336458 0.506481 0.345313 0.522222 0.345833 0.522222 0.348958 0.527778 0.349479 0.527778 0.350000 0.528704 0.352604 0.528704 0.353646 0.526852 0.353646 0.524074 0.353125 0.523148 0.353125 0.522222 0.352083 0.520370 0.352083 0.519444 0.351042 0.517593 0.351042 0.516667 0.350521 0.515741 0.350521 0.514815 0.349479 0.512963 0.349479 0.512037 0.342187 0.499074 0.341667 0.499074 0.331250 0.480556 0.330729 0.480556 0.316667 0.455556 0.316667 0.454630 0.316146 0.453704 0.316146 0.452778 0.315625 0.451852 0.315625 0.450926 0.315104 0.450000 0.315104 0.448148 0.314583 0.447222 0.314583 0.446296 0.314063 0.445370 0.314063 0.444444 0.313542 0.443519 0.313542 0.442593 0.313021 0.441667 0.313021 0.440741
0 0.398698 0.493056 0.080729 0.080556 0.396875 0.452778 0.396875 0.453704 0.395833 0.455556 0.395833 0.456481 0.358854 0.522222 0.358333 0.522222 0.358854 0.523148 0.358854 0.524074 0.359375 0.525000 0.359375 0.525926 0.360417 0.527778 0.360417 0.528704 0.361458 0.530556 0.361458 0.531481 0.361979 0.532407 0.362500 0.532407 0.363021 0.533333 0.364063 0.533333 0.380729 0.503704 0.381250 0.503704 0.389062 0.489815 0.389583 0.489815 0.392708 0.484259 0.393229 0.484259 0.394792 0.481481 0.395313 0.481481 0.396354 0.479630 0.396875 0.479630 0.397396 0.478704 0.397917 0.478704 0.398438 0.477778 0.402083 0.477778 0.405208 0.483333 0.405729 0.483333 0.408854 0.488889 0.409375 0.488889 0.412500 0.494444 0.413021 0.494444 0.416146 0.500000 0.416667 0.500000 0.420312 0.506481 0.420833 0.506481 0.423958 0.512037 0.424479 0.512037 0.427604 0.517593 0.428125 0.517593 0.431250 0.523148 0.431771 0.523148 0.434375 0.527778 0.434896 0.527778 0.435937 0.529630 0.437500 0.529630 0.439063 0.526852 0.439063 0.525000 0.438542 0.524074 0.438542 0.523148 0.436979 0.520370 0.436979 0.519444 0.427083 0.501852 0.426563 0.501852 0.403125 0.460185 0.402604 0.460185 0.400521 0.456481 0.400000 0.456481 0.398438 0.453704 0.397917 0.453704 0.397396 0.452778
0 0.482292 0.483333 0.081250 0.083333 0.475521 0.441667 0.476042 0.441667 0.477083 0.443519 0.477083 0.444444 0.477604 0.445370 0.477604 0.448148 0.476042 0.450926 0.476042 0.451852 0.456771 0.486111 0.456771 0.487037 0.441667 0.513889 0.443229 0.516667 0.443750 0.516667 0.445312 0.519444 0.445833 0.519444 0.447917 0.523148 0.448437 0.523148 0.448958 0.524074 0.449479 0.524074 0.450000 0.525000 0.450521 0.524074 0.451042 0.524074 0.473958 0.483333 0.474479 0.483333 0.478646 0.475926 0.479167 0.475926 0.480729 0.473148 0.481250 0.473148 0.481771 0.472222 0.482292 0.473148 0.482812 0.473148 0.483333 0.474074 0.483854 0.474074 0.484375 0.475000 0.484896 0.475000 0.485417 0.475926 0.485938 0.475926 0.486458 0.476852 0.486979 0.476852 0.487500 0.477778 0.488021 0.477778 0.488542 0.478704 0.489063 0.478704 0.489583 0.479630 0.490104 0.479630 0.490625 0.480556 0.491146 0.480556 0.492188 0.482407 0.492708 0.482407 0.493229 0.483333 0.493750 0.483333 0.494271 0.484259 0.494792 0.484259 0.495312 0.485185 0.495833 0.485185 0.496875 0.487037 0.497396 0.487037 0.511979 0.512963 0.512500 0.512963 0.513542 0.514815 0.514062 0.514815 0.514583 0.515741 0.515104 0.515741 0.515625 0.516667 0.516146 0.516667 0.516667 0.517593 0.517188 0.517593 0.517708 0.518519 0.518229 0.518519 0.519271 0.520370 0.520312 0.520370 0.520833 0.521296 0.521354 0.521296 0.521875 0.520370 0.522396 0.520370 0.522396 0.519444 0.522917 0.518519 0.522917 0.514815 0.519792 0.509259 0.519792 0.508333 0.497396 0.468519 0.497396 0.467593 0.488542 0.451852 0.488021 0.451852 0.486979 0.450000 0.486458 0.450000 0.485938 0.449074 0.484896 0.449074 0.484375 0.448148 0.483854 0.448148 0.483333 0.447222 0.482812 0.447222 0.482292 0.446296 0.481771 0.446296 0.481250 0.445370 0.480208 0.445370 0.479687 0.444444 0.479167 0.444444 0.478646 0.443519 0.478125 0.443519 0.477604 0.442593 0.477083 0.442593 0.476562 0.441667
0 0.567708 0.477315 0.070833 0.073148 0.565104 0.440741 0.563542 0.443519 0.565104 0.446296 0.565104 0.450000 0.564583 0.450926 0.564583 0.451852 0.558854 0.462037 0.558854 0.462963 0.547396 0.483333 0.547396 0.484259 0.535417 0.505556 0.535417 0.506481 0.532292 0.512037 0.532813 0.512963 0.533333 0.512963 0.533854 0.513889 0.535417 0.513889 0.535937 0.512963 0.536458 0.512963 0.541146 0.504630 0.541146 0.503704 0.559375 0.471296 0.559896 0.471296 0.562500 0.466667 0.563021 0.467593 0.563542 0.467593 0.564063 0.468519 0.565104 0.468519 0.565625 0.469444 0.566667 0.469444 0.567187 0.470370 0.567708 0.470370 0.568229 0.471296 0.569271 0.471296 0.569792 0.472222 0.570833 0.472222 0.571354 0.473148 0.571875 0.473148 0.572396 0.474074 0.573438 0.474074 0.573958 0.475000 0.575000 0.475000 0.575521 0.475926 0.576042 0.475926 0.576562 0.476852 0.577604 0.476852 0.578125 0.477778 0.579167 0.477778 0.579688 0.478704 0.580208 0.478704 0.580729 0.479630 0.581771 0.479630 0.582292 0.480556 0.583333 0.480556 0.583854 0.481481 0.584375 0.481481 0.584896 0.482407 0.585938 0.482407 0.586458 0.483333 0.586979 0.483333 0.587500 0.484259 0.588021 0.484259 0.602083 0.509259 0.602604 0.509259 0.603125 0.508333 0.603125 0.504630 0.601562 0.501852 0.601562 0.500926 0.593750 0.487037 0.593750 0.486111 0.583333 0.467593 0.583333 0.466667 0.569792 0.442593 0.568750 0.442593 0.568229 0.441667 0.567187 0.441667 0.566667 0.440741
0 0.646094 0.488426 0.086979 0.073148 0.653125 0.451852 0.650521 0.456481 0.650521 0.457407 0.641667 0.473148 0.641667 0.474074 0.632292 0.490741 0.632292 0.491667 0.621875 0.510185 0.621875 0.511111 0.621354 0.512037 0.620833 0.512037 0.618750 0.515741 0.616667 0.515741 0.616146 0.514815 0.615104 0.514815 0.614583 0.513889 0.614062 0.513889 0.613542 0.512963 0.612500 0.512963 0.611979 0.512037 0.611458 0.512037 0.610938 0.511111 0.609896 0.511111 0.609375 0.510185 0.608333 0.510185 0.607812 0.509259 0.607292 0.509259 0.606771 0.508333 0.605729 0.508333 0.605208 0.507407 0.604688 0.507407 0.604167 0.506481 0.603646 0.506481 0.603646 0.508333 0.602604 0.510185 0.603646 0.512037 0.604688 0.512037 0.605208 0.512963 0.605729 0.512963 0.606250 0.513889 0.607292 0.513889 0.607812 0.514815 0.608333 0.514815 0.608854 0.515741 0.609896 0.515741 0.610417 0.516667 0.610938 0.516667 0.611458 0.517593 0.612500 0.517593 0.613021 0.518519 0.613542 0.518519 0.614062 0.519444 0.615104 0.519444 0.615625 0.520370 0.616146 0.520370 0.616667 0.521296 0.617708 0.521296 0.618229 0.522222 0.618750 0.522222 0.619271 0.523148 0.620313 0.523148 0.620833 0.524074 0.621354 0.524074 0.621875 0.525000 0.623437 0.525000 0.624479 0.523148 0.625000 0.523148 0.626563 0.520370 0.626563 0.519444 0.638542 0.498148 0.638542 0.497222 0.643750 0.487963 0.644271 0.487963 0.650000 0.477778 0.650521 0.477778 0.651042 0.478704 0.652083 0.478704 0.652604 0.479630 0.653646 0.479630 0.655208 0.482407 0.656771 0.482407 0.657292 0.483333 0.658333 0.483333 0.658854 0.484259 0.659896 0.484259 0.660417 0.485185 0.661458 0.485185 0.661979 0.486111 0.662500 0.486111 0.667708 0.495370 0.667708 0.496296 0.674479 0.508333 0.674479 0.509259 0.678125 0.515741 0.679167 0.515741 0.679688 0.516667 0.680729 0.516667 0.681250 0.517593 0.682292 0.517593 0.682813 0.518519 0.683854 0.518519 0.684375 0.519444 0.685417 0.519444 0.685937 0.520370 0.688542 0.520370 0.689583 0.518519 0.689583 0.515741 0.689063 0.514815 0.689063 0.513889 0.686979 0.510185 0.686979 0.509259 0.681250 0.499074 0.681250 0.498148 0.675521 0.487963 0.675521 0.487037 0.669792 0.476852 0.669792 0.475926 0.663542 0.464815 0.663542 0.463889 0.657813 0.453704 0.656771 0.453704 0.656250 0.452778 0.654687 0.452778 0.654167 0.451852
0 0.354948 0.481019 0.083854 0.082407 0.313021 0.439815 0.313542 0.440741 0.313542 0.441667 0.314063 0.442593 0.314063 0.443519 0.314583 0.444444 0.314583 0.445370 0.315104 0.446296 0.315104 0.447222 0.315625 0.448148 0.315625 0.450000 0.316146 0.450926 0.316146 0.451852 0.316667 0.452778 0.316667 0.453704 0.317188 0.454630 0.317188 0.455556 0.330729 0.479630 0.331250 0.479630 0.341667 0.498148 0.342187 0.498148 0.352083 0.515741 0.352604 0.515741 0.355729 0.521296 0.356250 0.521296 0.356771 0.522222 0.357812 0.522222 0.358333 0.521296 0.358854 0.521296 0.395313 0.456481 0.395313 0.455556 0.396354 0.453704 0.396354 0.452778 0.396875 0.451852 0.396354 0.450926 0.396354 0.449074 0.395313 0.447222 0.394792 0.447222 0.394271 0.446296 0.393750 0.446296 0.391146 0.450926 0.390625 0.450926 0.383854 0.462963 0.383333 0.462963 0.364583 0.496296 0.363021 0.496296 0.362500 0.495370 0.361979 0.495370 0.360938 0.493519 0.360938 0.492593 0.359375 0.489815 0.359375 0.488889 0.358333 0.488889 0.357812 0.487963 0.357292 0.487963 0.355208 0.484259 0.354687 0.484259 0.348438 0.473148 0.350000 0.475926 0.350000 0.476852 0.351042 0.478704 0.351042 0.479630 0.352083 0.481481 0.352083 0.482407 0.353646 0.485185 0.353646 0.486111 0.354167 0.487037 0.354167 0.489815 0.352604 0.492593 0.352083 0.492593 0.351562 0.493519 0.351042 0.493519 0.350521 0.492593 0.350000 0.492593 0.349479 0.491667 0.348958 0.491667 0.344792 0.484259 0.344271 0.484259 0.334896 0.467593 0.334375 0.467593 0.329167 0.458333 0.328646 0.458333 0.325000 0.451852 0.324479 0.451852 0.322396 0.448148 0.321875 0.448148 0.320312 0.445370 0.319792 0.445370 0.318229 0.442593 0.317708 0.442593 0.317188 0.441667 0.316667 0.441667 0.316146 0.440741 0.315104 0.440741 0.314583 0.439815
0 0.435937 0.478241 0.082292 0.075000 0.398958 0.440741 0.398438 0.441667 0.397917 0.441667 0.397396 0.442593 0.396875 0.442593 0.395833 0.444444 0.395313 0.444444 0.394792 0.445370 0.394792 0.446296 0.395313 0.446296 0.396875 0.449074 0.396875 0.450926 0.397917 0.452778 0.398438 0.452778 0.400000 0.455556 0.400521 0.455556 0.402604 0.459259 0.403125 0.459259 0.421875 0.492593 0.422396 0.492593 0.424479 0.496296 0.425000 0.496296 0.427083 0.500000 0.427604 0.500000 0.429688 0.503704 0.430208 0.503704 0.432292 0.507407 0.432812 0.507407 0.434896 0.511111 0.435417 0.511111 0.437500 0.514815 0.438021 0.514815 0.438542 0.515741 0.439583 0.515741 0.440625 0.513889 0.441146 0.513889 0.456250 0.487037 0.456250 0.486111 0.475521 0.451852 0.475521 0.450926 0.477083 0.448148 0.477083 0.445370 0.476562 0.444444 0.476562 0.443519 0.476042 0.442593 0.475000 0.442593 0.471875 0.448148 0.471354 0.448148 0.456250 0.475000 0.456250 0.475926 0.451042 0.485185 0.450521 0.485185 0.449479 0.487037 0.448437 0.487037 0.447917 0.486111 0.447396 0.486111 0.446354 0.484259 0.445833 0.484259 0.444792 0.482407 0.444271 0.482407 0.443229 0.480556 0.442708 0.480556 0.441667 0.478704 0.441146 0.478704 0.440625 0.477778 0.440104 0.477778 0.439583 0.478704 0.439063 0.478704 0.438542 0.477778 0.438021 0.477778 0.437500 0.476852 0.436979 0.476852 0.435937 0.475000 0.435417 0.475000 0.434375 0.473148 0.433854 0.473148 0.432812 0.471296 0.432292 0.471296 0.431250 0.469444 0.430729 0.469444 0.429688 0.467593 0.439063 0.484259 0.439063 0.485185 0.440104 0.487037 0.440104 0.489815 0.438021 0.493519 0.436979 0.493519 0.436458 0.492593 0.435937 0.492593 0.435417 0.491667 0.434896 0.491667 0.433333 0.488889 0.432812 0.488889 0.431250 0.486111 0.430729 0.486111 0.429688 0.484259 0.429167 0.484259 0.427604 0.481481 0.427083 0.481481 0.426042 0.479630 0.425521 0.479630 0.423958 0.476852 0.423438 0.476852 0.421354 0.473148 0.420833 0.473148 0.406250 0.447222 0.405729 0.447222 0.404167 0.444444 0.403646 0.444444 0.402083 0.441667 0.401562 0.441667 0.401042 0.440741
0 0.520312 0.476389 0.088542 0.080556 0.479167 0.436111 0.477604 0.438889 0.477083 0.438889 0.476042 0.440741 0.476562 0.440741 0.477083 0.441667 0.477604 0.441667 0.478125 0.442593 0.478646 0.442593 0.479167 0.443519 0.479687 0.443519 0.480208 0.444444 0.481250 0.444444 0.481771 0.445370 0.482292 0.445370 0.482812 0.446296 0.483333 0.446296 0.483854 0.447222 0.484375 0.447222 0.484896 0.448148 0.485938 0.448148 0.486458 0.449074 0.486979 0.449074 0.488021 0.450926 0.488542 0.450926 0.497917 0.467593 0.497917 0.468519 0.520312 0.508333 0.520312 0.509259 0.521875 0.512037 0.522396 0.512037 0.522917 0.512963 0.523438 0.512963 0.523958 0.513889 0.524479 0.513889 0.525000 0.514815 0.525521 0.514815 0.526042 0.515741 0.526563 0.515741 0.527083 0.516667 0.528646 0.516667 0.529687 0.514815 0.530208 0.514815 0.534896 0.506481 0.534896 0.505556 0.546875 0.484259 0.546875 0.483333 0.558333 0.462963 0.558333 0.462037 0.564063 0.451852 0.564063 0.450926 0.564583 0.450000 0.564583 0.446296 0.563542 0.444444 0.563021 0.444444 0.548438 0.470370 0.548438 0.471296 0.542188 0.482407 0.541667 0.482407 0.541146 0.483333 0.539583 0.483333 0.539062 0.482407 0.538542 0.482407 0.538021 0.481481 0.536979 0.481481 0.536458 0.480556 0.535937 0.480556 0.535417 0.479630 0.534896 0.479630 0.534375 0.478704 0.533333 0.478704 0.532813 0.477778 0.530729 0.481481 0.530208 0.481481 0.529687 0.482407 0.528646 0.482407 0.528125 0.481481 0.527604 0.481481 0.527083 0.480556 0.526563 0.480556 0.526042 0.479630 0.525521 0.479630 0.525000 0.478704 0.523958 0.478704 0.523438 0.477778 0.522917 0.477778 0.522396 0.476852 0.522396 0.480556 0.520833 0.483333 0.518750 0.483333 0.518229 0.482407 0.517708 0.482407 0.517188 0.481481 0.516667 0.481481 0.516146 0.480556 0.515625 0.480556 0.515104 0.479630 0.514583 0.479630 0.514062 0.478704 0.513542 0.478704 0.513021 0.477778 0.511979 0.477778 0.495312 0.448148 0.494792 0.448148 0.494271 0.447222 0.493750 0.447222 0.493229 0.446296 0.492708 0.446296 0.492188 0.445370 0.491146 0.445370 0.490625 0.444444 0.490104 0.444444 0.489583 0.443519 0.489063 0.443519 0.488542 0.442593 0.487500 0.442593 0.486979 0.441667 0.486458 0.441667 0.485938 0.440741 0.485417 0.440741 0.484896 0.439815 0.483854 0.439815 0.483333 0.438889 0.482812 0.438889 0.482292 0.437963 0.481771 0.437963 0.481250 0.437037 0.480208 0.437037 0.479687 0.436111
0 0.609896 0.475926 0.087500 0.077778 0.567708 0.437037 0.566146 0.439815 0.566667 0.439815 0.567187 0.440741 0.568229 0.440741 0.568750 0.441667 0.569792 0.441667 0.583854 0.466667 0.583854 0.467593 0.594271 0.486111 0.594271 0.487037 0.602083 0.500926 0.602083 0.501852 0.603646 0.504630 0.603646 0.505556 0.604167 0.505556 0.604688 0.506481 0.605208 0.506481 0.605729 0.507407 0.606771 0.507407 0.607292 0.508333 0.607812 0.508333 0.608333 0.509259 0.609375 0.509259 0.609896 0.510185 0.610938 0.510185 0.611458 0.511111 0.611979 0.511111 0.612500 0.512037 0.613542 0.512037 0.614062 0.512963 0.614583 0.512963 0.615104 0.513889 0.616146 0.513889 0.616667 0.514815 0.618750 0.514815 0.620833 0.511111 0.621354 0.511111 0.621354 0.510185 0.631771 0.491667 0.631771 0.490741 0.641146 0.474074 0.641146 0.473148 0.650000 0.457407 0.650000 0.456481 0.653125 0.450926 0.653125 0.450000 0.653646 0.449074 0.653646 0.446296 0.653125 0.445370 0.653125 0.444444 0.652604 0.444444 0.652083 0.443519 0.651042 0.443519 0.650521 0.442593 0.648958 0.442593 0.648438 0.441667 0.646354 0.441667 0.643229 0.447222 0.642708 0.447222 0.631771 0.466667 0.631771 0.467593 0.620313 0.487963 0.619271 0.487963 0.618750 0.487037 0.617708 0.487037 0.617188 0.486111 0.616146 0.486111 0.615625 0.485185 0.614583 0.485185 0.614062 0.484259 0.613021 0.484259 0.612500 0.483333 0.611458 0.483333 0.610938 0.482407 0.609896 0.482407 0.609375 0.481481 0.608854 0.481481 0.608333 0.480556 0.607292 0.480556 0.606771 0.479630 0.605729 0.479630 0.605208 0.478704 0.604167 0.478704 0.594271 0.461111 0.594271 0.460185 0.587500 0.448148 0.586979 0.448148 0.585938 0.446296 0.584375 0.446296 0.583854 0.445370 0.582812 0.445370 0.582292 0.444444 0.581250 0.444444 0.580729 0.443519 0.579688 0.443519 0.579167 0.442593 0.577604 0.442593 0.577083 0.441667 0.576042 0.441667 0.575521 0.440741 0.574479 0.440741 0.573958 0.439815 0.572917 0.439815 0.572396 0.438889 0.570833 0.438889 0.570312 0.437963 0.569271 0.437963 0.568750 0.437037
0 0.691927 0.487963 0.065104 0.068519 0.722917 0.453704 0.715104 0.467593 0.715104 0.468519 0.707292 0.482407 0.707292 0.483333 0.698958 0.498148 0.696875 0.498148 0.696354 0.497222 0.695312 0.497222 0.694792 0.496296 0.693229 0.496296 0.692708 0.495370 0.691667 0.495370 0.691146 0.494444 0.690104 0.494444 0.689583 0.493519 0.688021 0.493519 0.687500 0.492593 0.686458 0.492593 0.685937 0.491667 0.684375 0.491667 0.683854 0.490741 0.682813 0.490741 0.682292 0.489815 0.681250 0.489815 0.680729 0.488889 0.679167 0.488889 0.671354 0.475000 0.671354 0.474074 0.665104 0.462963 0.665104 0.462037 0.663542 0.459259 0.663021 0.459259 0.661458 0.456481 0.659896 0.456481 0.659375 0.455556 0.664062 0.463889 0.664062 0.464815 0.670312 0.475926 0.670312 0.476852 0.676042 0.487037 0.676042 0.487963 0.681771 0.498148 0.681771 0.499074 0.687500 0.509259 0.687500 0.510185 0.689583 0.513889 0.689583 0.514815 0.690104 0.515741 0.690104 0.518519 0.688542 0.521296 0.689583 0.521296 0.690104 0.522222 0.691146 0.522222 0.692187 0.520370 0.692708 0.520370 0.694792 0.516667 0.694792 0.515741 0.703125 0.500926 0.703125 0.500000 0.710938 0.486111 0.710938 0.485185 0.719271 0.470370 0.719271 0.469444 0.723958 0.461111 0.723958 0.460185 0.724479 0.459259 0.724479 0.455556 0.723437 0.453704
0 0.313021 0.448148 0.081250 0.094444 0.310417 0.400926 0.309896 0.401852 0.309375 0.401852 0.308854 0.402778 0.308333 0.402778 0.307292 0.404630 0.306771 0.404630 0.305208 0.407407 0.304688 0.407407 0.302083 0.412037 0.301563 0.412037 0.294792 0.424074 0.294271 0.424074 0.293750 0.425000 0.293750 0.427778 0.294271 0.428704 0.294271 0.431481 0.294792 0.432407 0.294792 0.434259 0.295312 0.435185 0.295312 0.437037 0.295833 0.437963 0.295833 0.442593 0.294271 0.445370 0.294271 0.446296 0.272396 0.485185 0.272396 0.491667 0.272917 0.492593 0.272917 0.493519 0.273958 0.495370 0.276042 0.495370 0.276562 0.494444 0.277083 0.494444 0.297396 0.458333 0.297917 0.458333 0.302604 0.450000 0.303125 0.450000 0.305729 0.445370 0.306250 0.445370 0.307812 0.442593 0.308333 0.442593 0.309375 0.440741 0.310417 0.440741 0.310937 0.439815 0.311979 0.439815 0.312500 0.438889 0.314583 0.438889 0.315104 0.439815 0.316146 0.439815 0.316667 0.440741 0.317188 0.440741 0.317708 0.441667 0.318229 0.441667 0.319792 0.444444 0.320312 0.444444 0.321875 0.447222 0.322396 0.447222 0.324479 0.450926 0.325000 0.450926 0.328646 0.457407 0.329167 0.457407 0.334375 0.466667 0.334896 0.466667 0.344271 0.483333 0.344792 0.483333 0.348958 0.490741 0.349479 0.490741 0.350000 0.491667 0.350521 0.491667 0.351042 0.492593 0.351562 0.492593 0.352083 0.491667 0.352604 0.491667 0.353646 0.489815 0.353646 0.487037 0.353125 0.486111 0.353125 0.485185 0.351562 0.482407 0.351562 0.481481 0.350521 0.479630 0.350521 0.478704 0.349479 0.476852 0.349479 0.475926 0.347917 0.473148 0.347917 0.472222 0.344792 0.466667 0.344271 0.466667 0.332813 0.446296 0.332292 0.446296 0.317188 0.419444 0.317188 0.418519 0.316667 0.417593 0.316667 0.416667 0.315625 0.414815 0.315625 0.413889 0.315104 0.412963 0.315104 0.412037 0.314063 0.410185 0.314063 0.409259 0.313542 0.408333 0.313542 0.407407 0.313021 0.406481 0.313021 0.405556 0.311979 0.403704 0.311979 0.402778 0.311458 0.401852 0.311458 0.400926
0 0.399740 0.456481 0.079687 0.077778 0.399479 0.417593 0.398438 0.419444 0.398438 0.420370 0.380208 0.452778 0.380208 0.453704 0.361458 0.487037 0.360938 0.487037 0.359896 0.488889 0.359896 0.489815 0.361458 0.492593 0.361458 0.493519 0.361979 0.494444 0.362500 0.494444 0.363021 0.495370 0.364583 0.495370 0.383333 0.462037 0.383854 0.462037 0.390625 0.450000 0.391146 0.450000 0.393750 0.445370 0.394271 0.445370 0.395313 0.443519 0.395833 0.443519 0.396875 0.441667 0.397396 0.441667 0.397917 0.440741 0.398438 0.440741 0.398958 0.439815 0.401042 0.439815 0.401562 0.440741 0.402083 0.440741 0.403646 0.443519 0.404167 0.443519 0.405729 0.446296 0.406250 0.446296 0.420833 0.472222 0.421354 0.472222 0.423438 0.475926 0.423958 0.475926 0.425521 0.478704 0.426042 0.478704 0.427083 0.480556 0.427604 0.480556 0.429167 0.483333 0.429688 0.483333 0.430729 0.485185 0.431250 0.485185 0.432812 0.487963 0.433333 0.487963 0.434896 0.490741 0.435417 0.490741 0.435937 0.491667 0.436458 0.491667 0.436979 0.492593 0.438021 0.492593 0.439583 0.489815 0.439583 0.487037 0.438542 0.485185 0.438542 0.484259 0.404687 0.424074 0.404167 0.424074 0.402083 0.420370 0.401562 0.420370 0.400521 0.418519 0.400000 0.418519
0 0.481510 0.446296 0.080729 0.079630 0.477083 0.406481 0.477604 0.407407 0.477604 0.409259 0.477083 0.410185 0.477083 0.411111 0.473958 0.416667 0.473958 0.417593 0.456250 0.449074 0.456250 0.450000 0.441146 0.476852 0.441146 0.477778 0.441667 0.477778 0.442708 0.479630 0.443229 0.479630 0.444271 0.481481 0.444792 0.481481 0.445833 0.483333 0.446354 0.483333 0.447396 0.485185 0.447917 0.485185 0.448437 0.486111 0.449479 0.486111 0.450521 0.484259 0.451042 0.484259 0.455729 0.475926 0.455729 0.475000 0.471354 0.447222 0.471875 0.447222 0.477083 0.437963 0.477604 0.437963 0.479167 0.435185 0.479687 0.435185 0.480208 0.436111 0.481250 0.436111 0.481771 0.437037 0.482292 0.437037 0.482812 0.437963 0.483333 0.437963 0.483854 0.438889 0.484896 0.438889 0.485417 0.439815 0.485938 0.439815 0.486458 0.440741 0.486979 0.440741 0.487500 0.441667 0.488542 0.441667 0.489063 0.442593 0.489583 0.442593 0.490104 0.443519 0.490625 0.443519 0.491146 0.444444 0.492188 0.444444 0.492708 0.445370 0.493229 0.445370 0.493750 0.446296 0.494271 0.446296 0.494792 0.447222 0.495312 0.447222 0.511979 0.476852 0.513021 0.476852 0.513542 0.477778 0.514062 0.477778 0.514583 0.478704 0.515104 0.478704 0.515625 0.479630 0.516146 0.479630 0.516667 0.480556 0.517188 0.480556 0.517708 0.481481 0.518229 0.481481 0.518750 0.482407 0.520833 0.482407 0.521875 0.480556 0.521875 0.476852 0.520312 0.474074 0.520312 0.473148 0.503125 0.442593 0.503125 0.441667 0.486979 0.412963 0.486458 0.412963 0.485417 0.411111 0.484375 0.411111 0.483854 0.410185 0.482812 0.410185 0.482292 0.409259 0.481250 0.409259 0.480729 0.408333 0.479687 0.408333 0.479167 0.407407 0.478125 0.407407 0.477604 0.406481
0 0.571875 0.443519 0.077083 0.077778 0.564063 0.404630 0.563021 0.406481 0.562500 0.406481 0.563542 0.406481 0.564063 0.407407 0.565104 0.407407 0.566667 0.410185 0.566667 0.411111 0.567187 0.412037 0.567187 0.412963 0.566667 0.413889 0.566667 0.414815 0.565104 0.417593 0.565104 0.418519 0.555729 0.435185 0.555729 0.436111 0.543750 0.457407 0.543750 0.458333 0.533333 0.476852 0.533333 0.477778 0.534375 0.477778 0.534896 0.478704 0.535417 0.478704 0.535937 0.479630 0.536458 0.479630 0.536979 0.480556 0.538021 0.480556 0.538542 0.481481 0.539062 0.481481 0.539583 0.482407 0.541146 0.482407 0.541667 0.481481 0.542188 0.481481 0.547917 0.471296 0.547917 0.470370 0.565104 0.439815 0.565625 0.439815 0.567708 0.436111 0.568750 0.436111 0.569271 0.437037 0.570312 0.437037 0.570833 0.437963 0.572396 0.437963 0.572917 0.438889 0.573958 0.438889 0.574479 0.439815 0.575521 0.439815 0.576042 0.440741 0.577083 0.440741 0.577604 0.441667 0.579167 0.441667 0.579688 0.442593 0.580729 0.442593 0.581250 0.443519 0.582292 0.443519 0.582812 0.444444 0.583854 0.444444 0.584375 0.445370 0.585938 0.445370 0.586979 0.447222 0.587500 0.447222 0.594792 0.460185 0.594792 0.461111 0.603125 0.475926 0.603646 0.475926 0.604167 0.476852 0.605208 0.476852 0.605729 0.477778 0.606250 0.477778 0.606771 0.478704 0.609375 0.478704 0.610417 0.476852 0.610417 0.474074 0.609896 0.473148 0.609896 0.472222 0.608333 0.469444 0.608333 0.468519 0.600521 0.454630 0.600521 0.453704 0.591667 0.437963 0.591667 0.437037 0.582812 0.421296 0.582812 0.420370 0.577083 0.410185 0.576562 0.410185 0.576042 0.409259 0.574479 0.409259 0.573958 0.408333 0.572396 0.408333 0.571875 0.407407 0.570312 0.407407 0.569792 0.406481 0.568229 0.406481 0.567708 0.405556 0.566146 0.405556 0.565625 0.404630
0 0.644792 0.450926 0.082292 0.072222 0.603646 0.476852 0.604167 0.477778 0.605208 0.477778 0.605729 0.478704 0.606250 0.478704 0.605729 0.478704 0.605208 0.477778 0.604167 0.477778
0 0.355469 0.444444 0.086979 0.087037 0.311979 0.400926 0.311979 0.401852 0.312500 0.402778 0.312500 0.403704 0.313542 0.405556 0.313542 0.406481 0.314063 0.407407 0.314063 0.408333 0.314583 0.409259 0.314583 0.410185 0.315625 0.412037 0.315625 0.412963 0.316146 0.413889 0.316146 0.414815 0.317188 0.416667 0.317188 0.417593 0.317708 0.418519 0.317708 0.419444 0.332292 0.445370 0.332813 0.445370 0.344271 0.465741 0.344792 0.465741 0.354687 0.483333 0.355208 0.483333 0.357292 0.487037 0.357812 0.487037 0.358333 0.487963 0.359896 0.487963 0.360938 0.486111 0.361458 0.486111 0.379688 0.453704 0.379688 0.452778 0.397917 0.420370 0.397917 0.419444 0.398958 0.417593 0.398958 0.414815 0.398438 0.413889 0.398438 0.412963 0.397917 0.412037 0.397396 0.412037 0.396354 0.410185 0.395833 0.410185 0.395313 0.409259 0.394792 0.409259 0.394271 0.408333 0.393750 0.408333 0.392708 0.406481 0.392188 0.406481 0.391146 0.408333 0.390625 0.408333 0.386979 0.414815 0.386458 0.414815 0.364063 0.454630 0.363542 0.454630 0.363021 0.455556 0.361458 0.455556 0.356250 0.446296 0.355729 0.446296 0.352604 0.440741 0.352083 0.440741 0.345313 0.428704 0.344271 0.428704 0.346354 0.432407 0.346354 0.433333 0.350000 0.439815 0.350000 0.440741 0.353125 0.446296 0.353125 0.447222 0.353646 0.448148 0.353646 0.450000 0.353125 0.450926 0.353125 0.451852 0.352083 0.453704 0.349479 0.453704 0.348438 0.451852 0.347917 0.451852 0.342708 0.442593 0.342187 0.442593 0.332813 0.425926 0.332292 0.425926 0.327604 0.417593 0.327083 0.417593 0.323437 0.411111 0.322917 0.411111 0.320833 0.407407 0.320312 0.407407 0.318750 0.404630 0.318229 0.404630 0.317188 0.402778 0.316667 0.402778 0.316146 0.401852 0.315104 0.401852 0.314583 0.400926
0 0.434896 0.439352 0.084375 0.076852 0.396875 0.400926 0.396354 0.401852 0.395833 0.401852 0.395313 0.402778 0.394792 0.402778 0.393750 0.404630 0.393229 0.404630 0.392708 0.405556 0.393750 0.407407 0.394271 0.407407 0.394792 0.408333 0.395313 0.408333 0.395833 0.409259 0.396354 0.409259 0.397396 0.411111 0.397917 0.411111 0.398958 0.412963 0.398958 0.413889 0.399479 0.414815 0.399479 0.416667 0.400000 0.417593 0.400521 0.417593 0.401562 0.419444 0.402083 0.419444 0.404167 0.423148 0.404687 0.423148 0.429167 0.466667 0.429688 0.466667 0.430729 0.468519 0.431250 0.468519 0.432292 0.470370 0.432812 0.470370 0.433854 0.472222 0.434375 0.472222 0.435417 0.474074 0.435937 0.474074 0.436979 0.475926 0.437500 0.475926 0.438021 0.476852 0.438542 0.476852 0.439063 0.477778 0.439583 0.477778 0.440104 0.476852 0.440625 0.476852 0.455729 0.450000 0.455729 0.449074 0.473438 0.417593 0.473438 0.416667 0.476562 0.411111 0.476562 0.410185 0.477083 0.409259 0.477083 0.407407 0.476562 0.406481 0.476562 0.405556 0.476042 0.404630 0.475521 0.404630 0.475000 0.403704 0.472396 0.408333 0.471875 0.408333 0.453646 0.440741 0.453646 0.441667 0.451042 0.446296 0.450521 0.446296 0.448958 0.449074 0.447917 0.449074 0.447396 0.448148 0.446875 0.448148 0.446354 0.447222 0.445833 0.447222 0.445312 0.446296 0.444792 0.446296 0.444271 0.445370 0.443750 0.445370 0.442708 0.443519 0.442188 0.443519 0.441667 0.442593 0.441146 0.442593 0.440625 0.441667 0.439063 0.441667 0.438542 0.440741 0.438021 0.440741 0.436979 0.438889 0.436458 0.438889 0.435937 0.437963 0.435417 0.437963 0.434896 0.437037 0.434375 0.437037 0.433854 0.436111 0.433333 0.436111 0.432812 0.435185 0.432292 0.435185 0.431771 0.434259 0.431250 0.434259 0.430208 0.432407 0.431771 0.435185 0.432292 0.435185 0.433333 0.437037 0.433333 0.437963 0.437500 0.445370 0.437500 0.446296 0.438021 0.447222 0.438021 0.450000 0.436458 0.452778 0.434375 0.452778 0.433854 0.451852 0.433333 0.451852 0.432812 0.450926 0.432292 0.450926 0.431250 0.449074 0.430729 0.449074 0.430208 0.448148 0.429688 0.448148 0.428646 0.446296 0.428125 0.446296 0.427083 0.444444 0.426563 0.444444 0.418229 0.429630 0.417708 0.429630 0.405208 0.407407 0.404687 0.407407 0.404167 0.406481 0.403646 0.406481 0.403125 0.405556 0.402604 0.405556 0.401562 0.403704 0.401042 0.403704 0.400521 0.402778 0.400000 0.402778 0.399479 0.401852 0.398958 0.401852 0.398438 0.400926
0 0.521094 0.440741 0.091146 0.081481 0.477604 0.400000 0.477083 0.400926 0.476562 0.400926 0.475521 0.402778 0.475521 0.403704 0.476042 0.403704 0.477083 0.405556 0.477604 0.405556 0.478125 0.406481 0.479167 0.406481 0.479687 0.407407 0.480729 0.407407 0.481250 0.408333 0.482292 0.408333 0.482812 0.409259 0.483854 0.409259 0.484375 0.410185 0.485417 0.410185 0.486458 0.412037 0.486979 0.412037 0.503646 0.441667 0.503646 0.442593 0.520833 0.473148 0.520833 0.474074 0.521875 0.475926 0.522396 0.475926 0.522917 0.476852 0.523438 0.476852 0.523958 0.477778 0.525000 0.477778 0.525521 0.478704 0.526042 0.478704 0.526563 0.479630 0.527083 0.479630 0.527604 0.480556 0.528125 0.480556 0.528646 0.481481 0.529687 0.481481 0.530208 0.480556 0.530729 0.480556 0.543229 0.458333 0.543229 0.457407 0.555208 0.436111 0.555208 0.435185 0.564583 0.418519 0.564583 0.417593 0.566146 0.414815 0.566146 0.413889 0.566667 0.412963 0.566667 0.412037 0.566146 0.411111 0.566146 0.410185 0.565104 0.408333 0.564063 0.408333 0.563542 0.407407 0.561979 0.407407 0.550521 0.427778 0.550521 0.428704 0.541146 0.445370 0.540625 0.445370 0.540104 0.446296 0.539062 0.446296 0.538542 0.445370 0.538021 0.445370 0.537500 0.444444 0.536458 0.444444 0.535937 0.443519 0.534896 0.445370 0.534375 0.445370 0.533333 0.447222 0.531250 0.447222 0.530729 0.446296 0.530208 0.446296 0.529687 0.445370 0.528646 0.445370 0.528125 0.444444 0.527083 0.444444 0.526563 0.443519 0.525521 0.443519 0.525000 0.442593 0.524479 0.442593 0.523958 0.441667 0.522917 0.441667 0.522396 0.440741 0.521875 0.440741 0.521875 0.442593 0.520312 0.445370 0.519792 0.445370 0.519271 0.446296 0.518750 0.446296 0.518229 0.445370 0.517708 0.445370 0.517188 0.444444 0.516146 0.444444 0.515625 0.443519 0.514583 0.443519 0.496875 0.412037 0.496354 0.412037 0.495833 0.411111 0.495312 0.411111 0.494792 0.410185 0.493750 0.410185 0.493229 0.409259 0.492188 0.409259 0.491667 0.408333 0.490625 0.408333 0.490104 0.407407 0.489063 0.407407 0.488542 0.406481 0.487500 0.406481 0.486979 0.405556 0.485938 0.405556 0.485417 0.404630 0.484375 0.404630 0.483854 0.403704 0.482812 0.403704 0.482292 0.402778 0.481250 0.402778 0.480729 0.401852 0.479687 0.401852 0.479167 0.400926 0.478125 0.400926
0 0.607812 0.439352 0.086458 0.076852 0.566146 0.400926 0.564583 0.403704 0.565625 0.403704 0.566146 0.404630 0.567708 0.404630 0.568229 0.405556 0.569792 0.405556 0.570312 0.406481 0.571875 0.406481 0.572396 0.407407 0.573958 0.407407 0.574479 0.408333 0.576042 0.408333 0.576562 0.409259 0.577083 0.409259 0.583333 0.420370 0.583333 0.421296 0.592187 0.437037 0.592187 0.437963 0.601042 0.453704 0.601042 0.454630 0.608854 0.468519 0.608854 0.469444 0.610417 0.472222 0.610417 0.473148 0.610938 0.474074 0.610938 0.475000 0.611458 0.475000 0.611979 0.475926 0.613021 0.475926 0.613542 0.476852 0.614583 0.476852 0.615104 0.477778 0.615625 0.477778 0.616146 0.476852 0.616667 0.476852 0.626042 0.460185 0.626042 0.459259 0.635938 0.441667 0.635938 0.440741 0.645833 0.423148 0.645833 0.422222 0.650521 0.413889 0.650521 0.412963 0.651042 0.412037 0.651042 0.409259 0.650521 0.408333 0.650521 0.407407 0.650000 0.407407 0.649479 0.406481 0.648438 0.406481 0.647917 0.405556 0.645833 0.405556 0.645312 0.404630 0.643229 0.404630 0.642708 0.405556 0.642188 0.405556 0.622917 0.439815 0.622917 0.440741 0.618229 0.449074 0.617708 0.449074 0.617188 0.450000 0.615104 0.450000 0.614583 0.449074 0.613021 0.449074 0.612500 0.448148 0.611458 0.448148 0.610938 0.447222 0.609375 0.447222 0.608854 0.446296 0.607812 0.446296 0.607292 0.445370 0.605729 0.445370 0.605208 0.444444 0.604167 0.444444 0.603646 0.443519 0.603125 0.443519 0.594271 0.427778 0.594271 0.426852 0.584375 0.409259 0.583854 0.409259 0.583333 0.408333 0.581771 0.408333 0.581250 0.407407 0.579167 0.407407 0.578646 0.406481 0.577083 0.406481 0.576562 0.405556 0.575000 0.405556 0.574479 0.404630 0.572917 0.404630 0.572396 0.403704 0.570833 0.403704 0.570312 0.402778 0.568750 0.402778 0.568229 0.401852 0.566667 0.401852
0 0.696875 0.451852 0.070833 0.090741 0.665625 0.406481 0.668229 0.411111 0.668229 0.412037 0.673438 0.421296 0.673438 0.422222 0.678125 0.430556 0.678125 0.431481 0.681771 0.437963 0.681771 0.438889 0.682813 0.440741 0.682813 0.444444 0.681250 0.447222 0.679167 0.447222 0.678646 0.446296 0.677083 0.446296 0.674479 0.441667 0.674479 0.440741 0.669271 0.431481 0.668229 0.431481 0.667708 0.430556 0.665625 0.430556 0.665104 0.429630 0.663542 0.429630 0.663021 0.428704 0.661458 0.428704 0.666667 0.437963 0.666667 0.438889 0.671875 0.448148 0.671875 0.449074 0.677604 0.459259 0.677604 0.460185 0.682813 0.469444 0.682813 0.470370 0.685937 0.475926 0.685937 0.476852 0.686458 0.477778 0.686458 0.481481 0.684896 0.484259 0.683333 0.484259 0.682813 0.483333 0.681771 0.483333 0.681250 0.482407 0.679688 0.482407 0.679167 0.481481 0.677604 0.481481 0.677083 0.480556 0.676042 0.480556 0.675521 0.479630 0.674479 0.479630 0.679167 0.487963 0.680729 0.487963 0.681250 0.488889 0.682292 0.488889 0.682813 0.489815 0.683854 0.489815 0.684375 0.490741 0.685937 0.490741 0.686458 0.491667 0.687500 0.491667 0.688021 0.492593 0.689583 0.492593 0.690104 0.493519 0.691146 0.493519 0.691667 0.494444 0.692708 0.494444 0.693229 0.495370 0.694792 0.495370 0.695312 0.496296 0.696354 0.496296 0.696875 0.497222 0.698958 0.497222 0.706771 0.483333 0.706771 0.482407 0.714583 0.468519 0.714583 0.467593 0.722396 0.453704 0.722396 0.452778 0.729688 0.439815 0.729688 0.438889 0.731771 0.435185 0.731771 0.434259 0.732292 0.433333 0.732292 0.431481 0.731771 0.430556 0.731771 0.429630 0.731250 0.428704 0.729688 0.428704 0.729167 0.427778 0.727083 0.427778 0.726562 0.426852 0.724479 0.426852 0.723958 0.425926 0.721354 0.425926 0.720833 0.425000 0.718750 0.425000 0.718229 0.424074 0.716146 0.424074 0.715625 0.423148 0.713542 0.423148 0.713021 0.422222 0.710417 0.422222 0.709896 0.421296 0.707812 0.421296 0.707292 0.420370 0.705208 0.420370 0.704688 0.419444 0.702083 0.419444 0.701562 0.418519 0.699479 0.418519 0.698958 0.417593 0.696875 0.417593 0.696354 0.416667 0.693750 0.416667 0.693229 0.415741 0.691146 0.415741 0.690625 0.414815 0.688542 0.414815 0.688021 0.413889 0.685937 0.413889 0.685417 0.412963 0.682813 0.412963 0.682292 0.412037 0.680208 0.412037 0.679688 0.411111 0.677604 0.411111 0.677083 0.410185 0.674479 0.410185 0.673958 0.409259 0.671875 0.409259 0.671354 0.408333 0.669271 0.408333 0.668750 0.407407 0.666146 0.407407
0 0.312500 0.407870 0.081250 0.097222 0.303125 0.359259 0.302604 0.360185 0.302083 0.360185 0.286458 0.387963 0.286458 0.389815 0.286979 0.390741 0.286979 0.393519 0.287500 0.394444 0.287500 0.396296 0.288021 0.397222 0.288021 0.399074 0.288542 0.400000 0.288542 0.402778 0.289062 0.403704 0.289062 0.405556 0.289583 0.406481 0.289583 0.408333 0.290104 0.409259 0.290104 0.413889 0.289062 0.415741 0.289062 0.416667 0.271875 0.447222 0.271875 0.450926 0.272396 0.451852 0.272396 0.453704 0.273438 0.455556 0.273958 0.455556 0.274479 0.456481 0.275000 0.456481 0.275521 0.455556 0.276042 0.455556 0.294271 0.423148 0.294792 0.423148 0.301563 0.411111 0.302083 0.411111 0.304688 0.406481 0.305208 0.406481 0.306771 0.403704 0.307292 0.403704 0.308333 0.401852 0.308854 0.401852 0.309375 0.400926 0.309896 0.400926 0.310417 0.400000 0.314583 0.400000 0.315104 0.400926 0.316146 0.400926 0.316667 0.401852 0.317188 0.401852 0.318229 0.403704 0.318750 0.403704 0.320312 0.406481 0.320833 0.406481 0.322917 0.410185 0.323437 0.410185 0.327083 0.416667 0.327604 0.416667 0.332292 0.425000 0.332813 0.425000 0.342187 0.441667 0.342708 0.441667 0.347917 0.450926 0.348438 0.450926 0.349479 0.452778 0.352083 0.452778 0.352604 0.451852 0.352604 0.450926 0.353125 0.450000 0.353125 0.448148 0.352604 0.447222 0.352604 0.446296 0.349479 0.440741 0.349479 0.439815 0.345833 0.433333 0.345833 0.432407 0.342187 0.425926 0.342187 0.425000 0.339062 0.419444 0.339062 0.418519 0.327604 0.398148 0.327083 0.398148 0.307292 0.362963 0.306771 0.362963 0.304688 0.359259
0 0.397135 0.416204 0.080729 0.076852 0.396354 0.377778 0.395833 0.378704 0.395833 0.379630 0.376042 0.414815 0.376042 0.415741 0.359375 0.445370 0.358854 0.445370 0.358333 0.446296 0.357812 0.446296 0.357292 0.447222 0.356771 0.446296 0.361458 0.454630 0.363021 0.454630 0.363542 0.453704 0.364063 0.453704 0.386458 0.413889 0.386979 0.413889 0.390625 0.407407 0.391146 0.407407 0.393229 0.403704 0.393750 0.403704 0.394792 0.401852 0.395313 0.401852 0.395833 0.400926 0.396354 0.400926 0.396875 0.400000 0.398438 0.400000 0.398958 0.400926 0.399479 0.400926 0.400000 0.401852 0.400521 0.401852 0.401042 0.402778 0.401562 0.402778 0.402604 0.404630 0.403125 0.404630 0.403646 0.405556 0.404167 0.405556 0.404687 0.406481 0.405208 0.406481 0.417708 0.428704 0.418229 0.428704 0.426563 0.443519 0.427083 0.443519 0.428125 0.445370 0.428646 0.445370 0.429688 0.447222 0.430208 0.447222 0.430729 0.448148 0.431250 0.448148 0.432292 0.450000 0.432812 0.450000 0.433333 0.450926 0.433854 0.450926 0.434375 0.451852 0.436458 0.451852 0.437500 0.450000 0.437500 0.447222 0.436979 0.446296 0.436979 0.445370 0.432812 0.437963 0.432812 0.437037 0.432292 0.436111 0.431771 0.436111 0.401042 0.381481 0.400521 0.381481 0.399479 0.379630 0.398438 0.379630 0.397917 0.378704 0.397396 0.378704 0.396875 0.377778
0 0.481250 0.409722 0.080208 0.076852 0.478646 0.371296 0.478646 0.372222 0.478125 0.373148 0.478125 0.374074 0.472396 0.384259 0.472396 0.385185 0.454167 0.417593 0.454167 0.418519 0.441667 0.440741 0.441146 0.440741 0.441146 0.441667 0.441667 0.441667 0.442188 0.442593 0.442708 0.442593 0.443750 0.444444 0.444271 0.444444 0.444792 0.445370 0.445312 0.445370 0.445833 0.446296 0.446354 0.446296 0.446875 0.447222 0.447396 0.447222 0.447917 0.448148 0.448958 0.448148 0.450521 0.445370 0.451042 0.445370 0.453125 0.441667 0.453125 0.440741 0.471875 0.407407 0.472396 0.407407 0.476562 0.400000 0.477083 0.400000 0.477604 0.399074 0.478125 0.400000 0.479167 0.400000 0.479687 0.400926 0.480729 0.400926 0.481250 0.401852 0.482292 0.401852 0.482812 0.402778 0.483854 0.402778 0.484375 0.403704 0.485417 0.403704 0.485938 0.404630 0.486979 0.404630 0.487500 0.405556 0.488542 0.405556 0.489063 0.406481 0.490104 0.406481 0.490625 0.407407 0.491667 0.407407 0.492188 0.408333 0.493229 0.408333 0.493750 0.409259 0.494792 0.409259 0.495312 0.410185 0.495833 0.410185 0.496354 0.411111 0.496875 0.411111 0.514583 0.442593 0.515625 0.442593 0.516146 0.443519 0.517188 0.443519 0.517708 0.444444 0.518229 0.444444 0.518750 0.445370 0.519271 0.445370 0.519792 0.444444 0.520312 0.444444 0.521354 0.442593 0.521354 0.439815 0.520833 0.438889 0.520833 0.437963 0.513021 0.424074 0.513021 0.423148 0.493750 0.388889 0.493750 0.387963 0.486979 0.375926 0.486458 0.375926 0.485417 0.374074 0.484896 0.374074 0.484375 0.373148 0.482812 0.373148 0.482292 0.372222 0.480729 0.372222 0.480208 0.371296
0 0.562500 0.399537 0.094792 0.091667 0.515625 0.353704 0.515104 0.354630 0.516667 0.354630 0.517188 0.355556 0.519792 0.355556 0.520312 0.356481 0.522396 0.356481 0.522917 0.357407 0.525521 0.357407 0.526042 0.358333 0.528125 0.358333 0.528646 0.359259 0.531250 0.359259 0.531771 0.360185 0.533854 0.360185 0.534375 0.361111 0.536979 0.361111 0.537500 0.362037 0.539583 0.362037 0.540104 0.362963 0.542708 0.362963 0.543229 0.363889 0.545833 0.363889 0.546354 0.364815 0.548438 0.364815 0.548958 0.365741 0.551562 0.365741 0.552083 0.366667 0.554167 0.366667 0.554688 0.367593 0.557292 0.367593 0.557813 0.368519 0.559896 0.368519 0.560417 0.369444 0.563021 0.369444 0.563542 0.370370 0.565625 0.370370 0.566146 0.371296 0.568229 0.371296 0.568750 0.372222 0.569271 0.372222 0.569792 0.373148 0.569792 0.374074 0.570312 0.375000 0.570312 0.375926 0.570833 0.376852 0.570312 0.377778 0.570312 0.378704 0.569792 0.379630 0.569792 0.380556 0.565104 0.388889 0.565104 0.389815 0.552604 0.412037 0.552604 0.412963 0.540104 0.435185 0.540104 0.436111 0.536458 0.442593 0.536458 0.443519 0.537500 0.443519 0.538021 0.444444 0.538542 0.444444 0.539062 0.445370 0.540104 0.445370 0.540625 0.444444 0.541146 0.444444 0.550000 0.428704 0.550000 0.427778 0.562500 0.405556 0.563021 0.405556 0.566146 0.400000 0.566667 0.400926 0.568229 0.400926 0.568750 0.401852 0.570312 0.401852 0.570833 0.402778 0.572396 0.402778 0.572917 0.403704 0.574479 0.403704 0.575000 0.404630 0.576562 0.404630 0.577083 0.405556 0.578646 0.405556 0.579167 0.406481 0.581250 0.406481 0.581771 0.407407 0.583333 0.407407 0.583854 0.408333 0.584375 0.408333 0.594792 0.426852 0.594792 0.427778 0.601562 0.439815 0.603125 0.439815 0.603646 0.440741 0.604688 0.440741 0.605208 0.441667 0.606771 0.441667 0.607292 0.442593 0.607812 0.442593 0.608333 0.441667 0.608854 0.441667 0.609375 0.440741 0.609375 0.439815 0.609896 0.438889 0.609896 0.437963 0.609375 0.437037 0.609375 0.436111 0.608333 0.434259 0.608333 0.433333 0.602604 0.423148 0.602604 0.422222 0.594792 0.408333 0.594792 0.407407 0.586979 0.393519 0.586979 0.392593 0.579167 0.378704 0.579167 0.377778 0.577083 0.374074 0.576562 0.374074 0.575521 0.372222 0.573958 0.372222 0.573438 0.371296 0.570833 0.371296 0.570312 0.370370 0.568229 0.370370 0.567708 0.369444 0.565104 0.369444 0.564583 0.368519 0.562500 0.368519 0.561979 0.367593 0.559375 0.367593 0.558854 0.366667 0.556250 0.366667 0.555729 0.365741 0.553646 0.365741 0.553125 0.364815 0.550521 0.364815 0.550000 0.363889 0.547917 0.363889 0.547396 0.362963 0.544792 0.362963 0.544271 0.362037 0.542188 0.362037 0.541667 0.361111 0.539062 0.361111 0.538542 0.360185 0.536458 0.360185 0.535937 0.359259 0.533333 0.359259 0.532813 0.358333 0.530208 0.358333 0.529687 0.357407 0.527604 0.357407 0.527083 0.356481 0.524479 0.356481 0.523958 0.355556 0.521875 0.355556 0.521354 0.354630 0.518750 0.354630 0.518229 0.353704
0 0.642188 0.413889 0.080208 0.070370 0.650000 0.378704 0.648438 0.381481 0.648438 0.382407 0.638542 0.400000 0.638542 0.400926 0.628646 0.418519 0.628646 0.419444 0.616146 0.441667 0.615625 0.441667 0.615104 0.442593 0.614583 0.442593 0.614062 0.441667 0.613021 0.441667 0.612500 0.440741 0.610938 0.440741 0.610417 0.439815 0.609896 0.439815 0.609896 0.440741 0.608854 0.442593 0.608333 0.442593 0.607812 0.443519 0.607292 0.443519 0.606771 0.442593 0.605208 0.442593 0.604688 0.441667 0.603646 0.441667 0.603125 0.440741 0.602083 0.440741 0.603125 0.442593 0.603646 0.442593 0.604167 0.443519 0.605208 0.443519 0.605729 0.444444 0.607292 0.444444 0.607812 0.445370 0.608854 0.445370 0.609375 0.446296 0.610938 0.446296 0.611458 0.447222 0.612500 0.447222 0.613021 0.448148 0.614583 0.448148 0.615104 0.449074 0.617188 0.449074 0.617708 0.448148 0.618229 0.448148 0.622396 0.440741 0.622396 0.439815 0.642188 0.404630 0.642708 0.404630 0.643229 0.403704 0.645312 0.403704 0.645833 0.404630 0.647917 0.404630 0.648438 0.405556 0.649479 0.405556 0.650000 0.406481 0.650521 0.406481 0.651042 0.407407 0.651042 0.408333 0.651563 0.409259 0.651563 0.412037 0.651042 0.412963 0.651042 0.413889 0.651563 0.413889 0.652083 0.414815 0.653646 0.414815 0.654167 0.415741 0.654687 0.415741 0.660937 0.426852 0.660937 0.427778 0.663021 0.427778 0.663542 0.428704 0.665104 0.428704 0.665625 0.429630 0.667708 0.429630 0.668229 0.430556 0.669271 0.430556 0.675000 0.440741 0.675000 0.441667 0.677083 0.445370 0.678646 0.445370 0.679167 0.446296 0.681250 0.446296 0.682292 0.444444 0.682292 0.440741 0.681250 0.438889 0.681250 0.437963 0.677604 0.431481 0.677604 0.430556 0.672917 0.422222 0.672917 0.421296 0.667708 0.412037 0.667708 0.411111 0.662500 0.401852 0.662500 0.400926 0.657292 0.391667 0.657292 0.390741 0.651042 0.379630 0.650521 0.379630