0 0.267708 0.559722 0.083333 0.087963 0.305208 0.515741 0.304688 0.516667 0.304167 0.516667 0.303125 0.518519 0.302604 0.518519 0.301042 0.521296 0.300521 0.521296 0.297917 0.525926 0.297396 0.525926 0.293750 0.532407 0.293229 0.532407 0.285938 0.545370 0.285417 0.545370 0.273438 0.566667 0.272917 0.566667 0.271354 0.569444 0.269792 0.569444 0.267708 0.565741 0.267708 0.562963 0.268750 0.561111 0.268750 0.560185 0.269792 0.558333 0.269792 0.557407 0.270833 0.555556 0.270833 0.554630 0.271875 0.552778 0.271875 0.551852 0.270313 0.551852 0.269792 0.552778 0.269271 0.552778 0.261979 0.565741 0.261458 0.565741 0.260937 0.566667 0.259896 0.566667 0.259375 0.565741 0.258854 0.565741 0.257292 0.562963 0.256771 0.562963 0.246354 0.544444 0.245833 0.544444 0.232292 0.520370 0.229167 0.525926 0.229167 0.526852 0.226042 0.532407 0.226042 0.538889 0.233854 0.552778 0.234375 0.552778 0.242188 0.566667 0.242708 0.566667 0.251042 0.581481 0.251563 0.581481 0.259375 0.595370 0.259896 0.595370 0.264583 0.603704 0.271354 0.603704 0.272396 0.601852 0.272917 0.601852 0.308854 0.537963 0.308854 0.537037 0.309375 0.536111 0.309375 0.531481 0.308854 0.530556 0.308854 0.528704 0.308333 0.527778 0.308333 0.525926 0.307812 0.525000 0.307812 0.523148 0.307292 0.522222 0.307292 0.520370 0.306771 0.519444 0.306771 0.518519 0.306250 0.517593 0.306250 0.516667 0.305729 0.515741
0 0.262240 0.520833 0.088021 0.091667 0.305729 0.475000 0.305208 0.475926 0.304688 0.475926 0.303125 0.478704 0.302604 0.478704 0.300521 0.482407 0.300000 0.482407 0.296354 0.488889 0.295833 0.488889 0.290104 0.499074 0.289583 0.499074 0.277604 0.520370 0.277083 0.520370 0.273438 0.526852 0.272917 0.526852 0.272396 0.527778 0.271354 0.527778 0.270833 0.526852 0.270313 0.526852 0.269792 0.525926 0.269792 0.525000 0.268750 0.523148 0.268750 0.521296 0.269271 0.520370 0.269271 0.519444 0.270313 0.517593 0.270313 0.516667 0.269792 0.516667 0.269271 0.515741 0.268750 0.515741 0.258333 0.534259 0.257812 0.534259 0.256771 0.536111 0.256250 0.536111 0.255729 0.537037 0.254688 0.537037 0.254167 0.536111 0.253646 0.536111 0.252604 0.534259 0.252083 0.534259 0.242708 0.517593 0.242188 0.517593 0.229167 0.494444 0.228646 0.494444 0.224479 0.487037 0.222917 0.487037 0.222396 0.487963 0.221875 0.487963 0.221354 0.488889 0.220833 0.488889 0.220312 0.489815 0.219271 0.489815 0.218229 0.491667 0.218229 0.496296 0.231250 0.519444 0.231771 0.519444 0.245312 0.543519 0.245833 0.543519 0.256250 0.562037 0.256771 0.562037 0.258854 0.565741 0.259896 0.565741 0.260417 0.566667 0.260937 0.565741 0.261458 0.565741 0.261979 0.564815 0.262500 0.564815 0.269792 0.551852 0.270313 0.551852 0.287500 0.521296 0.288021 0.521296 0.301563 0.497222 0.301563 0.496296 0.302083 0.495370 0.302083 0.494444 0.302604 0.493519 0.302604 0.492593 0.303125 0.491667 0.303125 0.489815 0.303646 0.488889 0.303646 0.487963 0.304167 0.487037 0.304167 0.486111 0.304688 0.485185 0.304688 0.484259 0.305208 0.483333 0.305208 0.482407 0.305729 0.481481 0.305729 0.480556 0.306250 0.479630 0.306250 0.475000
0 0.257552 0.492130 0.091146 0.087963 0.300521 0.448148 0.299479 0.450000 0.298958 0.450000 0.294792 0.457407 0.294271 0.457407 0.286458 0.471296 0.285938 0.471296 0.277604 0.486111 0.277083 0.486111 0.275521 0.488889 0.275000 0.488889 0.273958 0.490741 0.273438 0.490741 0.272396 0.492593 0.271354 0.492593 0.270833 0.493519 0.268229 0.493519 0.267708 0.492593 0.266667 0.492593 0.266146 0.491667 0.265625 0.491667 0.264583 0.489815 0.263542 0.489815 0.262500 0.491667 0.261979 0.491667 0.260937 0.493519 0.260417 0.493519 0.258854 0.496296 0.258333 0.496296 0.256771 0.499074 0.256250 0.499074 0.254688 0.501852 0.254167 0.501852 0.252604 0.504630 0.252083 0.504630 0.251563 0.505556 0.250000 0.505556 0.249479 0.504630 0.248958 0.504630 0.247396 0.501852 0.246875 0.501852 0.237500 0.485185 0.236979 0.485185 0.225000 0.463889 0.224479 0.463889 0.219792 0.455556 0.219271 0.455556 0.218750 0.456481 0.217188 0.456481 0.216667 0.457407 0.215104 0.457407 0.214583 0.458333 0.213542 0.458333 0.213021 0.459259 0.212500 0.459259 0.212500 0.460185 0.211979 0.461111 0.211979 0.462963 0.212500 0.463889 0.212500 0.464815 0.228646 0.493519 0.229167 0.493519 0.242188 0.516667 0.242708 0.516667 0.252083 0.533333 0.252604 0.533333 0.253646 0.535185 0.254167 0.535185 0.254688 0.536111 0.255729 0.536111 0.256250 0.535185 0.256771 0.535185 0.257812 0.533333 0.258333 0.533333 0.270313 0.512037 0.270833 0.512037 0.287500 0.482407 0.288021 0.482407 0.296875 0.466667 0.296875 0.465741 0.300000 0.460185 0.300000 0.459259 0.302604 0.454630 0.302604 0.453704 0.303125 0.452778 0.303125 0.450926 0.301563 0.448148
0 0.253385 0.464352 0.091146 0.080556 0.296354 0.424074 0.295833 0.425000 0.294271 0.425000 0.293750 0.425926 0.292187 0.425926 0.291667 0.426852 0.290625 0.426852 0.290104 0.427778 0.289062 0.427778 0.288021 0.429630 0.287500 0.429630 0.277604 0.447222 0.277083 0.447222 0.268229 0.462963 0.267708 0.462963 0.264583 0.468519 0.263542 0.468519 0.263021 0.467593 0.262500 0.467593 0.261979 0.466667 0.261458 0.466667 0.260417 0.464815 0.258854 0.464815 0.258333 0.465741 0.257812 0.465741 0.257292 0.466667 0.256771 0.466667 0.256250 0.467593 0.255729 0.467593 0.255208 0.468519 0.254167 0.468519 0.253646 0.469444 0.253125 0.469444 0.252604 0.470370 0.252083 0.470370 0.251563 0.471296 0.251042 0.471296 0.250521 0.472222 0.250000 0.472222 0.249479 0.473148 0.248958 0.473148 0.248438 0.474074 0.247917 0.474074 0.247396 0.475000 0.246354 0.475000 0.245833 0.475926 0.245312 0.475926 0.244792 0.476852 0.244271 0.476852 0.243750 0.475926 0.243229 0.475926 0.242188 0.474074 0.241667 0.474074 0.236979 0.465741 0.236458 0.465741 0.227083 0.449074 0.226562 0.449074 0.216667 0.431481 0.216146 0.431481 0.213542 0.426852 0.212500 0.426852 0.211979 0.427778 0.209375 0.427778 0.208854 0.428704 0.208333 0.428704 0.208333 0.429630 0.207813 0.430556 0.207813 0.432407 0.208333 0.433333 0.208333 0.434259 0.210417 0.437963 0.210417 0.438889 0.211458 0.440741 0.211979 0.440741 0.224479 0.462963 0.225000 0.462963 0.236979 0.484259 0.237500 0.484259 0.246875 0.500926 0.247396 0.500926 0.248958 0.503704 0.249479 0.503704 0.250000 0.504630 0.251563 0.504630 0.252083 0.503704 0.252604 0.503704 0.254167 0.500926 0.254688 0.500926 0.256250 0.498148 0.256771 0.498148 0.258333 0.495370 0.258854 0.495370 0.260417 0.492593 0.260937 0.492593 0.261979 0.490741 0.262500 0.490741 0.264062 0.487963 0.264583 0.487963 0.266146 0.485185 0.266667 0.485185 0.268750 0.481481 0.269271 0.481481 0.269271 0.480556 0.285938 0.450926 0.286458 0.450926 0.298958 0.428704 0.298958 0.426852 0.297396 0.424074
0 0.246875 0.436574 0.091667 0.078704 0.283333 0.397222 0.282292 0.399074 0.281771 0.399074 0.269271 0.421296 0.268750 0.421296 0.260417 0.436111 0.259896 0.436111 0.256250 0.442593 0.255729 0.441667 0.255208 0.441667 0.253125 0.437963 0.252604 0.437963 0.249479 0.432407 0.248958 0.432407 0.244271 0.424074 0.243750 0.424074 0.234375 0.407407 0.233854 0.407407 0.230729 0.401852 0.230208 0.401852 0.229687 0.400926 0.228646 0.400926 0.228125 0.400000 0.219792 0.400000 0.219271 0.399074 0.210417 0.399074 0.209896 0.398148 0.202083 0.398148 0.201042 0.400000 0.201042 0.403704 0.202604 0.406481 0.202604 0.407407 0.206250 0.413889 0.206771 0.413889 0.216146 0.430556 0.216667 0.430556 0.226562 0.448148 0.227083 0.448148 0.236458 0.464815 0.236979 0.464815 0.241667 0.473148 0.242188 0.473148 0.243229 0.475000 0.243750 0.475000 0.244271 0.475926 0.244792 0.475926 0.245312 0.475000 0.245833 0.475000 0.246354 0.474074 0.247396 0.474074 0.247917 0.473148 0.248438 0.473148 0.248958 0.472222 0.249479 0.472222 0.250000 0.471296 0.250521 0.471296 0.251042 0.470370 0.251563 0.470370 0.252083 0.469444 0.252604 0.469444 0.253125 0.468519 0.253646 0.468519 0.254167 0.467593 0.255208 0.467593 0.255729 0.466667 0.256250 0.466667 0.256771 0.465741 0.257292 0.465741 0.257812 0.464815 0.258333 0.464815 0.258854 0.463889 0.259375 0.463889 0.259896 0.462963 0.260417 0.462963 0.260937 0.462037 0.261458 0.462037 0.261979 0.461111 0.262500 0.461111 0.267188 0.452778 0.267708 0.452778 0.270313 0.448148 0.268750 0.445370 0.268750 0.443519 0.269271 0.442593 0.269271 0.441667 0.285417 0.412963 0.285938 0.412963 0.292708 0.400926 0.292708 0.400000 0.290625 0.400000 0.290104 0.399074 0.287500 0.399074 0.286979 0.398148 0.284375 0.398148 0.283854 0.397222
0 0.354427 0.402778 0.080729 0.075926 0.315625 0.364815 0.315104 0.365741 0.314583 0.365741 0.314583 0.366667 0.314063 0.367593 0.314063 0.370370 0.315104 0.372222 0.315104 0.373148 0.316146 0.375000 0.316146 0.375926 0.316667 0.376852 0.316667 0.377778 0.318229 0.380556 0.318229 0.381481 0.337500 0.415741 0.338021 0.415741 0.348438 0.434259 0.348958 0.434259 0.350000 0.436111 0.350521 0.436111 0.351562 0.437963 0.352083 0.437963 0.353125 0.439815 0.353646 0.439815 0.354167 0.440741 0.355729 0.440741 0.356771 0.438889 0.357292 0.438889 0.376042 0.405556 0.376563 0.405556 0.394271 0.374074 0.394271 0.373148 0.394792 0.372222 0.394792 0.368519 0.393229 0.365741 0.391667 0.365741 0.391146 0.366667 0.390625 0.366667 0.390104 0.367593 0.389062 0.367593 0.388542 0.368519 0.388021 0.368519 0.387500 0.369444 0.386458 0.369444 0.385937 0.370370 0.385417 0.370370 0.384896 0.371296 0.383854 0.371296 0.383333 0.372222 0.382292 0.372222 0.381771 0.373148 0.381250 0.373148 0.380729 0.374074 0.379688 0.374074 0.379167 0.375000 0.378646 0.375000 0.368229 0.393519 0.367708 0.393519 0.360417 0.406481 0.359896 0.406481 0.356771 0.412037 0.356250 0.412037 0.354687 0.414815 0.354167 0.414815 0.353125 0.416667 0.352604 0.416667 0.352083 0.417593 0.351562 0.417593 0.351042 0.418519 0.350521 0.418519 0.350000 0.417593 0.349479 0.417593 0.347917 0.414815 0.347396 0.414815 0.344792 0.410185 0.344271 0.410185 0.339583 0.401852 0.339062 0.401852 0.320312 0.368519 0.319792 0.368519 0.318229 0.365741 0.317708 0.365741 0.317188 0.364815
0 0.435417 0.400463 0.085417 0.075000 0.401562 0.362963 0.401042 0.363889 0.400000 0.363889 0.399479 0.364815 0.398438 0.364815 0.397917 0.365741 0.396875 0.365741 0.396354 0.366667 0.395833 0.366667 0.395313 0.367593 0.394792 0.367593 0.395313 0.368519 0.395313 0.372222 0.394792 0.373148 0.394792 0.374074 0.392708 0.377778 0.393229 0.376852 0.394792 0.376852 0.395313 0.375926 0.396354 0.375926 0.396875 0.375000 0.398438 0.375000 0.399479 0.376852 0.400000 0.376852 0.414583 0.402778 0.414583 0.403704 0.433333 0.437037 0.435937 0.437037 0.436458 0.437963 0.439583 0.437963 0.440104 0.437037 0.440625 0.437037 0.460417 0.401852 0.460938 0.401852 0.474479 0.377778 0.474479 0.376852 0.477604 0.371296 0.477604 0.370370 0.478125 0.369444 0.478125 0.368519 0.477604 0.367593 0.477604 0.366667 0.476042 0.363889 0.475000 0.363889 0.474479 0.364815 0.472396 0.364815 0.471875 0.365741 0.469271 0.365741 0.468750 0.366667 0.466146 0.366667 0.465625 0.367593 0.463021 0.367593 0.462500 0.368519 0.460417 0.368519 0.459896 0.369444 0.457292 0.369444 0.456771 0.370370 0.454167 0.370370 0.453646 0.371296 0.451562 0.371296 0.451042 0.372222 0.448437 0.372222 0.447917 0.373148 0.445833 0.373148 0.443750 0.376852 0.443229 0.376852 0.427604 0.404630 0.426563 0.404630 0.404687 0.365741 0.404167 0.365741 0.403125 0.363889 0.402604 0.363889 0.402083 0.362963
0 0.528646 0.406944 0.085417 0.075000 0.493229 0.369444 0.492708 0.370370 0.489063 0.370370 0.488542 0.371296 0.485938 0.371296 0.501563 0.399074 0.501563 0.400000 0.516146 0.425926 0.516146 0.426852 0.521875 0.437037 0.521875 0.437963 0.522396 0.438889 0.522396 0.442593 0.525521 0.442593 0.526042 0.443519 0.530729 0.443519 0.531250 0.444444 0.533333 0.444444 0.533854 0.443519 0.534375 0.443519 0.563021 0.392593 0.563021 0.391667 0.570833 0.377778 0.570833 0.376852 0.571354 0.375926 0.571354 0.373148 0.570833 0.372222 0.570833 0.371296 0.570312 0.370370 0.569792 0.370370 0.569271 0.369444 0.568750 0.369444 0.568229 0.370370 0.563021 0.370370 0.562500 0.371296 0.556771 0.371296 0.556250 0.372222 0.551042 0.372222 0.550521 0.373148 0.544792 0.373148 0.544271 0.374074 0.538542 0.374074 0.538021 0.375000 0.532813 0.375000 0.532292 0.375926 0.526563 0.375926 0.526042 0.376852 0.520833 0.376852 0.520312 0.377778 0.519792 0.377778 0.511458 0.392593 0.510938 0.392593 0.498437 0.370370 0.497917 0.370370 0.497396 0.369444
0 0.617708 0.408333 0.077083 0.072222 0.581250 0.372222 0.580729 0.373148 0.579167 0.373148 0.579688 0.373148 0.581771 0.376852 0.581771 0.377778 0.590625 0.393519 0.590625 0.394444 0.598958 0.409259 0.598958 0.410185 0.607292 0.425000 0.607292 0.425926 0.613021 0.436111 0.613021 0.437037 0.613542 0.437963 0.613542 0.438889 0.614062 0.439815 0.614062 0.441667 0.613542 0.442593 0.613542 0.443519 0.614583 0.443519 0.615104 0.444444 0.620313 0.444444 0.621875 0.441667 0.622396 0.441667 0.626563 0.434259 0.626563 0.433333 0.646875 0.397222 0.646875 0.396296 0.655729 0.380556 0.655729 0.379630 0.656250 0.378704 0.656250 0.375926 0.655729 0.375000 0.655729 0.374074 0.655208 0.373148 0.645833 0.373148 0.645312 0.374074 0.636458 0.374074 0.635938 0.375000 0.627083 0.375000 0.626563 0.375926 0.617708 0.375926 0.617188 0.376852 0.608333 0.376852 0.607812 0.377778 0.598437 0.377778 0.597917 0.378704 0.590104 0.378704 0.586979 0.373148 0.586458 0.373148 0.585938 0.372222
0 0.349219 0.557407 0.078646 0.087037 0.311458 0.513889 0.311458 0.514815 0.310937 0.515741 0.310937 0.516667 0.309896 0.518519 0.309896 0.523148 0.310417 0.524074 0.310417 0.525000 0.310937 0.525926 0.310937 0.526852 0.311979 0.528704 0.311979 0.529630 0.313021 0.531481 0.313021 0.532407 0.314063 0.534259 0.314063 0.535185 0.315104 0.537037 0.315104 0.537963 0.316146 0.539815 0.316146 0.540741 0.317188 0.542593 0.317188 0.543519 0.318229 0.545370 0.318229 0.546296 0.319271 0.548148 0.319271 0.549074 0.320312 0.550926 0.320312 0.551852 0.321354 0.553704 0.321354 0.554630 0.322396 0.556481 0.322396 0.557407 0.323437 0.559259 0.323437 0.560185 0.324479 0.562037 0.324479 0.562963 0.325521 0.564815 0.325521 0.565741 0.326562 0.567593 0.326562 0.568519 0.327604 0.570370 0.327604 0.571296 0.328646 0.573148 0.328646 0.574074 0.329688 0.575926 0.329688 0.576852 0.330729 0.578704 0.330729 0.579630 0.331771 0.581481 0.331771 0.582407 0.332813 0.584259 0.332813 0.585185 0.333854 0.587037 0.333854 0.587963 0.334896 0.589815 0.334896 0.590741 0.335938 0.592593 0.335938 0.593519 0.336979 0.595370 0.336979 0.596296 0.338542 0.599074 0.338542 0.600000 0.339062 0.600926 0.342187 0.600926 0.342708 0.600000 0.345833 0.600000 0.346354 0.599074 0.346875 0.599074 0.347396 0.598148 0.347917 0.598148 0.348958 0.596296 0.349479 0.596296 0.350521 0.594444 0.351042 0.594444 0.352083 0.592593 0.352604 0.592593 0.353646 0.590741 0.354167 0.590741 0.355208 0.588889 0.355729 0.588889 0.356250 0.587963 0.356771 0.587963 0.357812 0.586111 0.358333 0.586111 0.359375 0.584259 0.359896 0.584259 0.360938 0.582407 0.361458 0.582407 0.362500 0.580556 0.363021 0.580556 0.364063 0.578704 0.364583 0.578704 0.365625 0.576852 0.366146 0.576852 0.367188 0.575000 0.367708 0.575000 0.368229 0.574074 0.368750 0.574074 0.369792 0.572222 0.370312 0.572222 0.371354 0.570370 0.371875 0.570370 0.372917 0.568519 0.373437 0.568519 0.374479 0.566667 0.375000 0.566667 0.376042 0.564815 0.376563 0.564815 0.377604 0.562963 0.378125 0.562963 0.378646 0.562037 0.379167 0.562037 0.380208 0.560185 0.380729 0.560185 0.381771 0.558333 0.382292 0.558333 0.383333 0.556481 0.383854 0.556481 0.384896 0.554630 0.385417 0.554630 0.386979 0.551852 0.387500 0.551852 0.388542 0.550000 0.388542 0.546296 0.388021 0.545370 0.388021 0.544444 0.386979 0.542593 0.386979 0.541667 0.385937 0.539815 0.385937 0.538889 0.384375 0.536111 0.384375 0.535185 0.383333 0.533333 0.383333 0.532407 0.382812 0.531481 0.382292 0.531481 0.379167 0.537037 0.378646 0.537037 0.375000 0.543519 0.374479 0.543519 0.369792 0.551852 0.369271 0.551852 0.363542 0.562037 0.363021 0.562037 0.359896 0.567593 0.359375 0.567593 0.358854 0.568519 0.357292 0.568519 0.355729 0.565741 0.355729 0.564815 0.355208 0.563889 0.355208 0.562037 0.354687 0.561111 0.354687 0.560185 0.354167 0.559259 0.353646 0.559259 0.353125 0.558333 0.352604 0.558333 0.350000 0.553704 0.350521 0.554630 0.350521 0.557407 0.351042 0.558333 0.351042 0.560185 0.351562 0.561111 0.351562 0.565741 0.350000 0.568519 0.349479 0.568519 0.348958 0.569444 0.348438 0.568519 0.347396 0.568519 0.346354 0.566667 0.345833 0.566667 0.333854 0.545370 0.333333 0.545370 0.324479 0.529630 0.323958 0.529630 0.320312 0.523148 0.319792 0.523148 0.317708 0.519444 0.317188 0.519444 0.315625 0.516667 0.315104 0.516667 0.314583 0.515741 0.314063 0.515741 0.313542 0.514815 0.313021 0.514815 0.312500 0.513889
0 0.430208 0.562037 0.087500 0.081481 0.389583 0.521296 0.388542 0.523148 0.388021 0.523148 0.386458 0.525926 0.386458 0.526852 0.396875 0.545370 0.397396 0.545370 0.410417 0.568519 0.410938 0.568519 0.419792 0.584259 0.420312 0.584259 0.428646 0.599074 0.429167 0.599074 0.431250 0.602778 0.436979 0.602778 0.437500 0.601852 0.438542 0.601852 0.442708 0.594444 0.442708 0.593519 0.459896 0.562963 0.459896 0.562037 0.472396 0.539815 0.472396 0.538889 0.473958 0.536111 0.473958 0.532407 0.472396 0.529630 0.471875 0.529630 0.471354 0.528704 0.470833 0.528704 0.470313 0.527778 0.469271 0.527778 0.468750 0.526852 0.468229 0.526852 0.467708 0.525926 0.466667 0.525926 0.466146 0.525000 0.461979 0.532407 0.461458 0.532407 0.446875 0.558333 0.446354 0.558333 0.445833 0.559259 0.445312 0.559259 0.444792 0.558333 0.444271 0.558333 0.443229 0.556481 0.442708 0.556481 0.441146 0.553704 0.440625 0.553704 0.440104 0.552778 0.439583 0.552778 0.439063 0.553704 0.438542 0.553704 0.438021 0.554630 0.437500 0.553704 0.436979 0.553704 0.436458 0.552778 0.435937 0.552778 0.434375 0.550000 0.433854 0.550000 0.432292 0.547222 0.431771 0.547222 0.430208 0.544444 0.429688 0.544444 0.428125 0.541667 0.427604 0.541667 0.426042 0.538889 0.425521 0.538889 0.424479 0.537037 0.423958 0.537037 0.422396 0.539815 0.422396 0.540741 0.427083 0.549074 0.427083 0.550000 0.432292 0.559259 0.432292 0.560185 0.434375 0.563889 0.434375 0.564815 0.434896 0.565741 0.434896 0.569444 0.433854 0.571296 0.433333 0.571296 0.432812 0.572222 0.431771 0.572222 0.431250 0.571296 0.430729 0.571296 0.429167 0.568519 0.428646 0.568519 0.426042 0.563889 0.425521 0.563889 0.422917 0.559259 0.422396 0.559259 0.419792 0.554630 0.419271 0.554630 0.416667 0.550000 0.415625 0.550000 0.415104 0.550926 0.414583 0.550926 0.414062 0.551852 0.413542 0.551852 0.413021 0.552778 0.409896 0.552778 0.403125 0.540741 0.402604 0.540741 0.398438 0.533333 0.397917 0.533333 0.395313 0.528704 0.394792 0.528704 0.392188 0.524074 0.391667 0.524074 0.390104 0.521296
0 0.516927 0.552315 0.097396 0.084259 0.475521 0.510185 0.473958 0.512963 0.473438 0.512963 0.470313 0.518519 0.469792 0.518519 0.468229 0.521296 0.468229 0.522222 0.471875 0.528704 0.472396 0.528704 0.474479 0.532407 0.474479 0.534259 0.486458 0.555556 0.486979 0.555556 0.488021 0.557407 0.488542 0.557407 0.489063 0.558333 0.489583 0.558333 0.490104 0.559259 0.490625 0.559259 0.491146 0.560185 0.491667 0.560185 0.492188 0.561111 0.492708 0.561111 0.493750 0.562963 0.494271 0.562963 0.494792 0.563889 0.495312 0.563889 0.495833 0.564815 0.496354 0.564815 0.496875 0.565741 0.497396 0.565741 0.497917 0.566667 0.498437 0.566667 0.498958 0.567593 0.499479 0.567593 0.500521 0.569444 0.501042 0.569444 0.501563 0.570370 0.502083 0.570370 0.502604 0.571296 0.503125 0.571296 0.503646 0.572222 0.504167 0.572222 0.504687 0.573148 0.505208 0.573148 0.506250 0.575000 0.506771 0.575000 0.507292 0.575926 0.507812 0.575926 0.508333 0.576852 0.508854 0.576852 0.509375 0.577778 0.509896 0.577778 0.510417 0.578704 0.510938 0.578704 0.511458 0.579630 0.511979 0.579630 0.513021 0.581481 0.513542 0.581481 0.514062 0.582407 0.514583 0.582407 0.515104 0.583333 0.515625 0.583333 0.516146 0.584259 0.516667 0.584259 0.517188 0.585185 0.517708 0.585185 0.518750 0.587037 0.519271 0.587037 0.519792 0.587963 0.520312 0.587963 0.520833 0.588889 0.521354 0.588889 0.521875 0.589815 0.522396 0.589815 0.522917 0.590741 0.523438 0.590741 0.523958 0.591667 0.524479 0.591667 0.525521 0.593519 0.526042 0.593519 0.526563 0.594444 0.528646 0.594444 0.529687 0.592593 0.530208 0.592593 0.547396 0.562037 0.547396 0.561111 0.565104 0.529630 0.565104 0.528704 0.565625 0.527778 0.565625 0.524074 0.564063 0.521296 0.562500 0.521296 0.561979 0.520370 0.561458 0.520370 0.540104 0.558333 0.538021 0.558333 0.537500 0.557407 0.536979 0.557407 0.536458 0.556481 0.535937 0.556481 0.535417 0.555556 0.534375 0.555556 0.533854 0.554630 0.532813 0.554630 0.531771 0.556481 0.531250 0.556481 0.530208 0.558333 0.529167 0.558333 0.528646 0.557407 0.528125 0.557407 0.527604 0.556481 0.526563 0.556481 0.526042 0.555556 0.525521 0.555556 0.525000 0.554630 0.524479 0.554630 0.523958 0.553704 0.522917 0.553704 0.522396 0.552778 0.521875 0.552778 0.521354 0.551852 0.520312 0.551852 0.519792 0.550926 0.520312 0.551852 0.520312 0.554630 0.518750 0.557407 0.518229 0.557407 0.517708 0.558333 0.517188 0.557407 0.516146 0.557407 0.515625 0.556481 0.515104 0.556481 0.514583 0.555556 0.514062 0.555556 0.513542 0.554630 0.512500 0.554630 0.511979 0.553704 0.511458 0.553704 0.494792 0.524074 0.494271 0.524074 0.493750 0.523148 0.493229 0.523148 0.492708 0.522222 0.492188 0.522222 0.491667 0.521296 0.490625 0.521296 0.490104 0.520370 0.489583 0.520370 0.489063 0.519444 0.488021 0.519444 0.487500 0.518519 0.486979 0.518519 0.486458 0.517593 0.485938 0.517593 0.485417 0.516667 0.484375 0.516667 0.483854 0.515741 0.483333 0.515741 0.482812 0.514815 0.481771 0.514815 0.481250 0.513889 0.480729 0.513889 0.480208 0.512963 0.479167 0.512963 0.478646 0.512037 0.478125 0.512037 0.477604 0.511111 0.476562 0.511111 0.476042 0.510185
0 0.604948 0.552315 0.097396 0.078704 0.566146 0.512963 0.563542 0.517593 0.563021 0.517593 0.561979 0.519444 0.562500 0.520370 0.564063 0.520370 0.566146 0.524074 0.566146 0.527778 0.565625 0.528704 0.565625 0.529630 0.556250 0.546296 0.556250 0.547222 0.559896 0.553704 0.560417 0.553704 0.560937 0.554630 0.561458 0.554630 0.561979 0.555556 0.563021 0.555556 0.563542 0.556481 0.564583 0.556481 0.565104 0.557407 0.565625 0.557407 0.566146 0.558333 0.567187 0.558333 0.567708 0.559259 0.568750 0.559259 0.569271 0.560185 0.569792 0.560185 0.570312 0.561111 0.571354 0.561111 0.571875 0.562037 0.572917 0.562037 0.573438 0.562963 0.573958 0.562963 0.574479 0.563889 0.575521 0.563889 0.576042 0.564815 0.577083 0.564815 0.577604 0.565741 0.578125 0.565741 0.578646 0.566667 0.579688 0.566667 0.580208 0.567593 0.581250 0.567593 0.581771 0.568519 0.582292 0.568519 0.582812 0.569444 0.583854 0.569444 0.584375 0.570370 0.585417 0.570370 0.585938 0.571296 0.586458 0.571296 0.586979 0.572222 0.588021 0.572222 0.588542 0.573148 0.589583 0.573148 0.590104 0.574074 0.590625 0.574074 0.591146 0.575000 0.592187 0.575000 0.592708 0.575926 0.593750 0.575926 0.594271 0.576852 0.594792 0.576852 0.595313 0.577778 0.596354 0.577778 0.596875 0.578704 0.597917 0.578704 0.598437 0.579630 0.598958 0.579630 0.599479 0.580556 0.600521 0.580556 0.601042 0.581481 0.602083 0.581481 0.602604 0.582407 0.603125 0.582407 0.603646 0.583333 0.604688 0.583333 0.605208 0.584259 0.606250 0.584259 0.606771 0.585185 0.607292 0.585185 0.607812 0.586111 0.608854 0.586111 0.609375 0.587037 0.610417 0.587037 0.610938 0.587963 0.611458 0.587963 0.611979 0.588889 0.613021 0.588889 0.613542 0.589815 0.614583 0.589815 0.615104 0.590741 0.615625 0.590741 0.616146 0.591667 0.617708 0.591667 0.618750 0.589815 0.619271 0.589815 0.625000 0.579630 0.625000 0.578704 0.639583 0.552778 0.639583 0.551852 0.652083 0.529630 0.652083 0.528704 0.653646 0.525926 0.653646 0.523148 0.653125 0.522222 0.653125 0.521296 0.652604 0.520370 0.652083 0.520370 0.651563 0.519444 0.649479 0.519444 0.648438 0.521296 0.647917 0.521296 0.622917 0.565741 0.621354 0.565741 0.620833 0.564815 0.619792 0.564815 0.619271 0.563889 0.618229 0.563889 0.617708 0.562963 0.616667 0.562963 0.616146 0.562037 0.615104 0.562037 0.614583 0.561111 0.613542 0.561111 0.613021 0.560185 0.611458 0.560185 0.610938 0.559259 0.609896 0.559259 0.609375 0.558333 0.608333 0.558333 0.607812 0.557407 0.606771 0.557407 0.606250 0.556481 0.605208 0.556481 0.604688 0.555556 0.603646 0.555556 0.584896 0.522222 0.584375 0.522222 0.583854 0.521296 0.582812 0.521296 0.582292 0.520370 0.580729 0.520370 0.580208 0.519444 0.578646 0.519444 0.578125 0.518519 0.577083 0.518519 0.576562 0.517593 0.575000 0.517593 0.574479 0.516667 0.572917 0.516667 0.572396 0.515741 0.570833 0.515741 0.570312 0.514815 0.569271 0.514815 0.568750 0.513889 0.567187 0.513889 0.566667 0.512963
0 0.681771 0.552315 0.090625 0.071296 0.651563 0.516667 0.651042 0.517593 0.650521 0.517593 0.650000 0.518519 0.651563 0.518519 0.652083 0.519444 0.652604 0.519444 0.653646 0.521296 0.653646 0.522222 0.654167 0.523148 0.654167 0.525926 0.652604 0.528704 0.652604 0.529630 0.640104 0.551852 0.640104 0.552778 0.636458 0.559259 0.636979 0.560185 0.638542 0.560185 0.639062 0.561111 0.640104 0.561111 0.640625 0.562037 0.642188 0.562037 0.642708 0.562963 0.643750 0.562963 0.644271 0.563889 0.645833 0.563889 0.646354 0.564815 0.647396 0.564815 0.647917 0.565741 0.649479 0.565741 0.650000 0.566667 0.651042 0.566667 0.651563 0.567593 0.652604 0.567593 0.653125 0.568519 0.654687 0.568519 0.655208 0.569444 0.656250 0.569444 0.656771 0.570370 0.658333 0.570370 0.658854 0.571296 0.659896 0.571296 0.660417 0.572222 0.661979 0.572222 0.662500 0.573148 0.663542 0.573148 0.664062 0.574074 0.665625 0.574074 0.666146 0.575000 0.667188 0.575000 0.667708 0.575926 0.668750 0.575926 0.669271 0.576852 0.670833 0.576852 0.671354 0.577778 0.672396 0.577778 0.672917 0.578704 0.674479 0.578704 0.675000 0.579630 0.676042 0.579630 0.676562 0.580556 0.678125 0.580556 0.678646 0.581481 0.679688 0.581481 0.680208 0.582407 0.681771 0.582407 0.682292 0.583333 0.683333 0.583333 0.683854 0.584259 0.685417 0.584259 0.685937 0.585185 0.686979 0.585185 0.687500 0.586111 0.688542 0.586111 0.689063 0.587037 0.690625 0.587037 0.691146 0.587963 0.691667 0.587963 0.692187 0.587037 0.692708 0.587037 0.704167 0.566667 0.704167 0.565741 0.715104 0.546296 0.715104 0.545370 0.725000 0.527778 0.725000 0.526852 0.726562 0.524074 0.726562 0.523148 0.727083 0.522222 0.727083 0.520370 0.726042 0.518519 0.725521 0.518519 0.717187 0.533333 0.717187 0.534259 0.705729 0.554630 0.705729 0.555556 0.703125 0.560185 0.702604 0.560185 0.701042 0.562963 0.698958 0.562963 0.698438 0.562037 0.696354 0.562037 0.695833 0.561111 0.694271 0.561111 0.693750 0.560185 0.692187 0.560185 0.691667 0.559259 0.691667 0.561111 0.690625 0.562963 0.690104 0.562963 0.689583 0.563889 0.689063 0.563889 0.688542 0.562963 0.686979 0.562963 0.686458 0.562037 0.684896 0.562037 0.684375 0.561111 0.683854 0.561111 0.682813 0.559259 0.682292 0.559259 0.671875 0.540741 0.671875 0.539815 0.660417 0.519444 0.659896 0.519444 0.659375 0.518519 0.657292 0.518519 0.656771 0.517593 0.654687 0.517593 0.654167 0.516667
0 0.309375 0.521759 0.083333 0.095370 0.313021 0.474074 0.312500 0.475000 0.311979 0.475000 0.306771 0.484259 0.306250 0.484259 0.304167 0.487963 0.304167 0.488889 0.303646 0.489815 0.303646 0.491667 0.303125 0.492593 0.303125 0.493519 0.302604 0.494444 0.302604 0.495370 0.302083 0.496296 0.302083 0.497222 0.288021 0.522222 0.287500 0.522222 0.274479 0.545370 0.274479 0.546296 0.273438 0.548148 0.273438 0.549074 0.272396 0.550926 0.272396 0.551852 0.271354 0.553704 0.271354 0.554630 0.270313 0.556481 0.270313 0.557407 0.269271 0.559259 0.269271 0.560185 0.268229 0.562037 0.268229 0.562963 0.267708 0.563889 0.267708 0.564815 0.268229 0.565741 0.268229 0.566667 0.269792 0.569444 0.271354 0.569444 0.273438 0.565741 0.273958 0.565741 0.285938 0.544444 0.286458 0.544444 0.293750 0.531481 0.294271 0.531481 0.297917 0.525000 0.298438 0.525000 0.301042 0.520370 0.301563 0.520370 0.303125 0.517593 0.303646 0.517593 0.304688 0.515741 0.305208 0.515741 0.306250 0.513889 0.307292 0.513889 0.307812 0.512963 0.308854 0.512963 0.309375 0.512037 0.310937 0.512037 0.311458 0.512963 0.312500 0.512963 0.313021 0.513889 0.313542 0.513889 0.314063 0.514815 0.314583 0.514815 0.315104 0.515741 0.315625 0.515741 0.317188 0.518519 0.317708 0.518519 0.319792 0.522222 0.320312 0.522222 0.323958 0.528704 0.324479 0.528704 0.333333 0.544444 0.333854 0.544444 0.345833 0.565741 0.346354 0.565741 0.347396 0.567593 0.348438 0.567593 0.348958 0.568519 0.349479 0.567593 0.350000 0.567593 0.351042 0.565741 0.351042 0.561111 0.350521 0.560185 0.350521 0.558333 0.350000 0.557407 0.350000 0.554630 0.349479 0.553704 0.349479 0.552778 0.347396 0.549074 0.346875 0.549074 0.314063 0.490741 0.314063 0.489815 0.313021 0.487963 0.313021 0.484259 0.313542 0.483333 0.313542 0.482407 0.314063 0.481481 0.314063 0.479630 0.314583 0.478704 0.314583 0.476852 0.315104 0.475926 0.315104 0.475000 0.314583 0.475000 0.314063 0.474074
0 0.394531 0.531944 0.079687 0.078704 0.394271 0.492593 0.376563 0.524074 0.376042 0.524074 0.357812 0.556481 0.357292 0.556481 0.355729 0.559259 0.354687 0.559259 0.355208 0.560185 0.355208 0.561111 0.355729 0.562037 0.355729 0.563889 0.356250 0.564815 0.356250 0.565741 0.357292 0.567593 0.358854 0.567593 0.359375 0.566667 0.359896 0.566667 0.363021 0.561111 0.363542 0.561111 0.369271 0.550926 0.369792 0.550926 0.374479 0.542593 0.375000 0.542593 0.378646 0.536111 0.379167 0.536111 0.382292 0.530556 0.382812 0.530556 0.385417 0.525926 0.385937 0.525926 0.388021 0.522222 0.388542 0.522222 0.389583 0.520370 0.390104 0.520370 0.391146 0.518519 0.391667 0.518519 0.392708 0.516667 0.393750 0.516667 0.394271 0.515741 0.395313 0.515741 0.395833 0.514815 0.396875 0.514815 0.398438 0.517593 0.398438 0.518519 0.405729 0.531481 0.405729 0.532407 0.409896 0.539815 0.410417 0.539815 0.413021 0.544444 0.413542 0.544444 0.416146 0.549074 0.416667 0.549074 0.419271 0.553704 0.419792 0.553704 0.422396 0.558333 0.422917 0.558333 0.425521 0.562963 0.426042 0.562963 0.428646 0.567593 0.429167 0.567593 0.430729 0.570370 0.431250 0.570370 0.431771 0.571296 0.432812 0.571296 0.433333 0.570370 0.433854 0.570370 0.434375 0.569444 0.434375 0.565741 0.433854 0.564815 0.433854 0.563889 0.431771 0.560185 0.431771 0.559259 0.426563 0.550000 0.426563 0.549074 0.420312 0.537963 0.420312 0.537037 0.413542 0.525000 0.413542 0.524074 0.407292 0.512963 0.407292 0.512037 0.397917 0.495370 0.397396 0.495370 0.396875 0.494444 0.396354 0.494444 0.395313 0.492593
0 0.480208 0.519907 0.079167 0.076852 0.477604 0.481481 0.477604 0.485185 0.477083 0.486111 0.477083 0.487037 0.440625 0.551852 0.440625 0.552778 0.441146 0.552778 0.442708 0.555556 0.443229 0.555556 0.444271 0.557407 0.444792 0.557407 0.445312 0.558333 0.445833 0.558333 0.446354 0.557407 0.446875 0.557407 0.461458 0.531481 0.461979 0.531481 0.469792 0.517593 0.470313 0.517593 0.473438 0.512037 0.473958 0.512037 0.475521 0.509259 0.476042 0.509259 0.476562 0.510185 0.477604 0.510185 0.478125 0.511111 0.478646 0.511111 0.479167 0.512037 0.480208 0.512037 0.480729 0.512963 0.481250 0.512963 0.481771 0.513889 0.482812 0.513889 0.483333 0.514815 0.483854 0.514815 0.484375 0.515741 0.485417 0.515741 0.485938 0.516667 0.486458 0.516667 0.486979 0.517593 0.487500 0.517593 0.488021 0.518519 0.489063 0.518519 0.489583 0.519444 0.490104 0.519444 0.490625 0.520370 0.491667 0.520370 0.492188 0.521296 0.492708 0.521296 0.493229 0.522222 0.493750 0.522222 0.494271 0.523148 0.494792 0.523148 0.511458 0.552778 0.511979 0.552778 0.512500 0.553704 0.513542 0.553704 0.514062 0.554630 0.514583 0.554630 0.515104 0.555556 0.515625 0.555556 0.516146 0.556481 0.517188 0.556481 0.517708 0.557407 0.518229 0.556481 0.518750 0.556481 0.519792 0.554630 0.519792 0.551852 0.519271 0.550926 0.519271 0.550000 0.516667 0.545370 0.516667 0.544444 0.502604 0.519444 0.502604 0.518519 0.483333 0.484259 0.482292 0.484259 0.481771 0.483333 0.480208 0.483333 0.479687 0.482407 0.478125 0.482407
0 0.572396 0.518519 0.078125 0.077778 0.559896 0.479630 0.559375 0.480556 0.560937 0.480556 0.561458 0.481481 0.564063 0.481481 0.564583 0.482407 0.566146 0.482407 0.568229 0.486111 0.568229 0.489815 0.567187 0.491667 0.567187 0.492593 0.547917 0.526852 0.547917 0.527778 0.533333 0.553704 0.533854 0.553704 0.534375 0.554630 0.535417 0.554630 0.535937 0.555556 0.536458 0.555556 0.536979 0.556481 0.537500 0.556481 0.538021 0.557407 0.540104 0.557407 0.563021 0.516667 0.563542 0.516667 0.566146 0.512037 0.566667 0.512037 0.567187 0.512963 0.568750 0.512963 0.569271 0.513889 0.570312 0.513889 0.570833 0.514815 0.572396 0.514815 0.572917 0.515741 0.574479 0.515741 0.575000 0.516667 0.576562 0.516667 0.577083 0.517593 0.578125 0.517593 0.578646 0.518519 0.580208 0.518519 0.580729 0.519444 0.582292 0.519444 0.582812 0.520370 0.583854 0.520370 0.584375 0.521296 0.584896 0.521296 0.602083 0.551852 0.602604 0.551852 0.603125 0.552778 0.604167 0.552778 0.604688 0.553704 0.605729 0.553704 0.606250 0.554630 0.607812 0.554630 0.608333 0.555556 0.609896 0.555556 0.610938 0.553704 0.610938 0.552778 0.611458 0.551852 0.610938 0.550926 0.610938 0.550000 0.610417 0.549074 0.610417 0.548148 0.607292 0.542593 0.607292 0.541667 0.596354 0.522222 0.596354 0.521296 0.584896 0.500926 0.584896 0.500000 0.576562 0.485185 0.576042 0.485185 0.575521 0.484259 0.574479 0.484259 0.573958 0.483333 0.571354 0.483333 0.570833 0.482407 0.568750 0.482407 0.568229 0.481481 0.566146 0.481481 0.565625 0.480556 0.563021 0.480556 0.562500 0.479630
0 0.646875 0.530093 0.088542 0.069444 0.658854 0.495370 0.652083 0.507407 0.652083 0.508333 0.636979 0.535185 0.636979 0.536111 0.625000 0.557407 0.624479 0.557407 0.623958 0.558333 0.622396 0.558333 0.621875 0.557407 0.620313 0.557407 0.619792 0.556481 0.618750 0.556481 0.618229 0.555556 0.616667 0.555556 0.616146 0.554630 0.615104 0.554630 0.614583 0.553704 0.613542 0.553704 0.613021 0.552778 0.611458 0.552778 0.611458 0.553704 0.609896 0.556481 0.608333 0.556481 0.607812 0.555556 0.606250 0.555556 0.605729 0.554630 0.604688 0.554630 0.604167 0.553704 0.603125 0.553704 0.602604 0.552778 0.603646 0.554630 0.604688 0.554630 0.605208 0.555556 0.606250 0.555556 0.606771 0.556481 0.607812 0.556481 0.608333 0.557407 0.609375 0.557407 0.609896 0.558333 0.610938 0.558333 0.611458 0.559259 0.613021 0.559259 0.613542 0.560185 0.614583 0.560185 0.615104 0.561111 0.616146 0.561111 0.616667 0.562037 0.617708 0.562037 0.618229 0.562963 0.619271 0.562963 0.619792 0.563889 0.620833 0.563889 0.621354 0.564815 0.622917 0.564815 0.647917 0.520370 0.648438 0.520370 0.650521 0.516667 0.651042 0.516667 0.651563 0.515741 0.654167 0.515741 0.654687 0.516667 0.656771 0.516667 0.657292 0.517593 0.659375 0.517593 0.659896 0.518519 0.660417 0.518519 0.672396 0.539815 0.672396 0.540741 0.682292 0.558333 0.682813 0.558333 0.683854 0.560185 0.684375 0.560185 0.684896 0.561111 0.686458 0.561111 0.686979 0.562037 0.688542 0.562037 0.689063 0.562963 0.689583 0.562963 0.690104 0.562037 0.690625 0.562037 0.691146 0.561111 0.691146 0.557407 0.690625 0.556481 0.690625 0.555556 0.688542 0.551852 0.688542 0.550926 0.681250 0.537963 0.681250 0.537037 0.673958 0.524074 0.673958 0.523148 0.666146 0.509259 0.666146 0.508333
0 0.354427 0.516667 0.081771 0.083333 0.315625 0.475000 0.315625 0.475926 0.315104 0.476852 0.315104 0.478704 0.314583 0.479630 0.314583 0.481481 0.314063 0.482407 0.314063 0.483333 0.313542 0.484259 0.313542 0.487963 0.314583 0.489815 0.314583 0.490741 0.346875 0.548148 0.347396 0.548148 0.352604 0.557407 0.353125 0.557407 0.353646 0.558333 0.355729 0.558333 0.357292 0.555556 0.357812 0.555556 0.376042 0.523148 0.376563 0.523148 0.394792 0.490741 0.394792 0.489815 0.395313 0.488889 0.395313 0.485185 0.393750 0.482407 0.393229 0.482407 0.392708 0.481481 0.392188 0.481481 0.391146 0.479630 0.389062 0.483333 0.388542 0.483333 0.385417 0.488889 0.384896 0.488889 0.379688 0.498148 0.379167 0.498148 0.364583 0.524074 0.364063 0.524074 0.360938 0.529630 0.359375 0.529630 0.357292 0.525926 0.357292 0.525000 0.356771 0.524074 0.356771 0.523148 0.356250 0.522222 0.356250 0.521296 0.355729 0.520370 0.355729 0.518519 0.353125 0.518519 0.351562 0.515741 0.351042 0.515741 0.349479 0.512963 0.350000 0.513889 0.350000 0.515741 0.350521 0.516667 0.350521 0.518519 0.351042 0.519444 0.351042 0.520370 0.351562 0.521296 0.351562 0.523148 0.349479 0.526852 0.347396 0.526852 0.346354 0.525000 0.345833 0.525000 0.331771 0.500000 0.331250 0.500000 0.323437 0.486111 0.322917 0.486111 0.319792 0.480556 0.319271 0.480556 0.317188 0.476852 0.316667 0.476852
0 0.434375 0.514352 0.085417 0.078704 0.395313 0.475000 0.394792 0.475926 0.394271 0.475926 0.393229 0.477778 0.392708 0.477778 0.391667 0.479630 0.392188 0.480556 0.392708 0.480556 0.393229 0.481481 0.393750 0.481481 0.395833 0.485185 0.395833 0.489815 0.414583 0.523148 0.415104 0.523148 0.417187 0.526852 0.417708 0.526852 0.419271 0.529630 0.419792 0.529630 0.421354 0.532407 0.421875 0.532407 0.423438 0.535185 0.423958 0.535185 0.425521 0.537963 0.426042 0.537963 0.427604 0.540741 0.428125 0.540741 0.429688 0.543519 0.430208 0.543519 0.431771 0.546296 0.432292 0.546296 0.433854 0.549074 0.434375 0.549074 0.435937 0.551852 0.436458 0.551852 0.436979 0.552778 0.437500 0.552778 0.438021 0.553704 0.438542 0.552778 0.439063 0.552778 0.439583 0.551852 0.440104 0.551852 0.476562 0.487037 0.476562 0.486111 0.477083 0.485185 0.477083 0.481481 0.476042 0.479630 0.475521 0.479630 0.475000 0.478704 0.474479 0.479630 0.473958 0.479630 0.468229 0.489815 0.467708 0.489815 0.450000 0.521296 0.449479 0.521296 0.448437 0.523148 0.447396 0.523148 0.446875 0.522222 0.446354 0.522222 0.445833 0.521296 0.445312 0.521296 0.444792 0.520370 0.444271 0.520370 0.443229 0.518519 0.442708 0.518519 0.442188 0.517593 0.441667 0.517593 0.441146 0.516667 0.440625 0.516667 0.440104 0.515741 0.439583 0.515741 0.439063 0.514815 0.438542 0.515741 0.436979 0.515741 0.435937 0.513889 0.435417 0.513889 0.434896 0.512963 0.434375 0.512963 0.433854 0.512037 0.433333 0.512037 0.432812 0.511111 0.432292 0.511111 0.431771 0.510185 0.431250 0.510185 0.430208 0.508333 0.436979 0.520370 0.436979 0.521296 0.438021 0.523148 0.438021 0.525000 0.437500 0.525926 0.437500 0.526852 0.436458 0.528704 0.433854 0.528704 0.433333 0.527778 0.432812 0.527778 0.431771 0.525926 0.431250 0.525926 0.430208 0.524074 0.429688 0.524074 0.428646 0.522222 0.428125 0.522222 0.427604 0.521296 0.427083 0.521296 0.426042 0.519444 0.425521 0.519444 0.415625 0.501852 0.415104 0.501852 0.410938 0.494444 0.410938 0.493519 0.406771 0.486111 0.406250 0.486111 0.403125 0.480556 0.402604 0.480556 0.401562 0.478704 0.401042 0.478704 0.400521 0.477778 0.400000 0.477778 0.399479 0.476852 0.398958 0.476852 0.398438 0.475926 0.397917 0.475926 0.397396 0.475000
0 0.521615 0.516667 0.092188 0.081481 0.476562 0.475926 0.475521 0.477778 0.475521 0.478704 0.476042 0.478704 0.477083 0.480556 0.477604 0.480556 0.478125 0.481481 0.479687 0.481481 0.480208 0.482407 0.481771 0.482407 0.482292 0.483333 0.483333 0.483333 0.503125 0.518519 0.503125 0.519444 0.517188 0.544444 0.517188 0.545370 0.520312 0.550926 0.521354 0.550926 0.521875 0.551852 0.522396 0.551852 0.522917 0.552778 0.523958 0.552778 0.524479 0.553704 0.525000 0.553704 0.525521 0.554630 0.526042 0.554630 0.526563 0.555556 0.527604 0.555556 0.528125 0.556481 0.528646 0.556481 0.529167 0.557407 0.530208 0.557407 0.531250 0.555556 0.531771 0.555556 0.547396 0.527778 0.547396 0.526852 0.566667 0.492593 0.566667 0.491667 0.567708 0.489815 0.567708 0.486111 0.566146 0.483333 0.564583 0.483333 0.564063 0.482407 0.561458 0.482407 0.560937 0.481481 0.558854 0.481481 0.552083 0.493519 0.551562 0.493519 0.548438 0.499074 0.548438 0.500000 0.538542 0.517593 0.538021 0.517593 0.537500 0.518519 0.535417 0.518519 0.534896 0.517593 0.533333 0.517593 0.532813 0.516667 0.531771 0.516667 0.530729 0.518519 0.530208 0.518519 0.529687 0.519444 0.527604 0.519444 0.527083 0.518519 0.526042 0.518519 0.525521 0.517593 0.524479 0.517593 0.523958 0.516667 0.523958 0.518519 0.523438 0.519444 0.523438 0.520370 0.522917 0.521296 0.522396 0.521296 0.521875 0.522222 0.520312 0.522222 0.519792 0.521296 0.518750 0.521296 0.518229 0.520370 0.517188 0.520370 0.516667 0.519444 0.515625 0.519444 0.515104 0.518519 0.514583 0.518519 0.495833 0.485185 0.495312 0.485185 0.494792 0.484259 0.493229 0.484259 0.492708 0.483333 0.491667 0.483333 0.491146 0.482407 0.489583 0.482407 0.489063 0.481481 0.487500 0.481481 0.486979 0.480556 0.485417 0.480556 0.484896 0.479630 0.483333 0.479630 0.482812 0.478704 0.481250 0.478704 0.480729 0.477778 0.479167 0.477778 0.478646 0.476852 0.477604 0.476852 0.477083 0.475926
0 0.610677 0.517130 0.100521 0.080556 0.561458 0.476852 0.560417 0.478704 0.562500 0.478704 0.563021 0.479630 0.565625 0.479630 0.566146 0.480556 0.568229 0.480556 0.568750 0.481481 0.570833 0.481481 0.571354 0.482407 0.573958 0.482407 0.574479 0.483333 0.575521 0.483333 0.576042 0.484259 0.576562 0.484259 0.585417 0.500000 0.585417 0.500926 0.596875 0.521296 0.596875 0.522222 0.607812 0.541667 0.607812 0.542593 0.610938 0.548148 0.610938 0.549074 0.611458 0.550000 0.611458 0.550926 0.611979 0.551852 0.613021 0.551852 0.613542 0.552778 0.614583 0.552778 0.615104 0.553704 0.616146 0.553704 0.616667 0.554630 0.618229 0.554630 0.618750 0.555556 0.619792 0.555556 0.620313 0.556481 0.621875 0.556481 0.622396 0.557407 0.623958 0.557407 0.624479 0.556481 0.625000 0.556481 0.636458 0.536111 0.636458 0.535185 0.651563 0.508333 0.651563 0.507407 0.659896 0.492593 0.659896 0.491667 0.660417 0.490741 0.660417 0.489815 0.660937 0.488889 0.660937 0.487963 0.660417 0.487037 0.660417 0.486111 0.659896 0.485185 0.659375 0.485185 0.658854 0.484259 0.656771 0.484259 0.656250 0.483333 0.655208 0.483333 0.651563 0.489815 0.651042 0.489815 0.633333 0.521296 0.633333 0.522222 0.629687 0.528704 0.629167 0.528704 0.628125 0.530556 0.626042 0.530556 0.625521 0.529630 0.623958 0.529630 0.623437 0.528704 0.621875 0.528704 0.621354 0.527778 0.619271 0.527778 0.618750 0.526852 0.617188 0.526852 0.616667 0.525926 0.615104 0.525926 0.614583 0.525000 0.613021 0.525000 0.612500 0.524074 0.611458 0.524074 0.599479 0.502778 0.599479 0.501852 0.591146 0.487037 0.590625 0.487037 0.589583 0.485185 0.587500 0.485185 0.586979 0.484259 0.584375 0.484259 0.583854 0.483333 0.581771 0.483333 0.581250 0.482407 0.578646 0.482407 0.578125 0.481481 0.575521 0.481481 0.575000 0.480556 0.572917 0.480556 0.572396 0.479630 0.569792 0.479630 0.569271 0.478704 0.566667 0.478704 0.566146 0.477778 0.564063 0.477778 0.563542 0.476852
0 0.697656 0.525926 0.076563 0.072222 0.725000 0.489815 0.721354 0.496296 0.721354 0.497222 0.709375 0.518519 0.709375 0.519444 0.702083 0.532407 0.701562 0.532407 0.701042 0.533333 0.697917 0.533333 0.697396 0.532407 0.694792 0.532407 0.694271 0.531481 0.692187 0.531481 0.691667 0.530556 0.689583 0.530556 0.678125 0.510185 0.678125 0.509259 0.668750 0.492593 0.667188 0.492593 0.666667 0.491667 0.663542 0.491667 0.663021 0.490741 0.660937 0.490741 0.660417 0.491667 0.660417 0.492593 0.659375 0.494444 0.659375 0.495370 0.666667 0.508333 0.666667 0.509259 0.674479 0.523148 0.674479 0.524074 0.681771 0.537037 0.681771 0.537963 0.689063 0.550926 0.689063 0.551852 0.691146 0.555556 0.691146 0.556481 0.691667 0.557407 0.691667 0.558333 0.692187 0.559259 0.693750 0.559259 0.694271 0.560185 0.695833 0.560185 0.696354 0.561111 0.698438 0.561111 0.698958 0.562037 0.701042 0.562037 0.702604 0.559259 0.703125 0.559259 0.705208 0.555556 0.705208 0.554630 0.716667 0.534259 0.716667 0.533333 0.728125 0.512963 0.728125 0.512037 0.734896 0.500000 0.734896 0.499074 0.735938 0.497222 0.735938 0.493519 0.734896 0.491667 0.733854 0.491667 0.733333 0.490741 0.729688 0.490741 0.729167 0.489815
0 0.310156 0.484722 0.081771 0.084259 0.312500 0.442593 0.306771 0.452778 0.306250 0.452778 0.290104 0.481481 0.289583 0.481481 0.281250 0.496296 0.281250 0.497222 0.277083 0.504630 0.277083 0.505556 0.272396 0.513889 0.272396 0.514815 0.269792 0.519444 0.269792 0.520370 0.269271 0.521296 0.269271 0.523148 0.270313 0.525000 0.270313 0.525926 0.270833 0.525926 0.271354 0.526852 0.272396 0.526852 0.272917 0.525926 0.273438 0.525926 0.277083 0.519444 0.277604 0.519444 0.289583 0.498148 0.290104 0.498148 0.295833 0.487963 0.296354 0.487963 0.300000 0.481481 0.300521 0.481481 0.302604 0.477778 0.303125 0.477778 0.304688 0.475000 0.305208 0.475000 0.305729 0.474074 0.306250 0.474074 0.307292 0.472222 0.308333 0.472222 0.308854 0.471296 0.312500 0.471296 0.313021 0.472222 0.313542 0.472222 0.314063 0.473148 0.314583 0.473148 0.315104 0.474074 0.315625 0.474074 0.316667 0.475926 0.317188 0.475926 0.319271 0.479630 0.319792 0.479630 0.322917 0.485185 0.323437 0.485185 0.331250 0.499074 0.331771 0.499074 0.345833 0.524074 0.346354 0.524074 0.347396 0.525926 0.349479 0.525926 0.351042 0.523148 0.351042 0.521296 0.350521 0.520370 0.350521 0.519444 0.350000 0.518519 0.350000 0.516667 0.349479 0.515741 0.349479 0.513889 0.348958 0.512963 0.348958 0.512037 0.314063 0.450000 0.314063 0.449074 0.313542 0.448148 0.313542 0.444444 0.314583 0.442593
0 0.396875 0.489815 0.081250 0.077778 0.394271 0.450926 0.394271 0.451852 0.381250 0.475000 0.380729 0.475000 0.358333 0.514815 0.357812 0.514815 0.356250 0.517593 0.356250 0.520370 0.356771 0.521296 0.356771 0.522222 0.357292 0.523148 0.357292 0.524074 0.357812 0.525000 0.357812 0.525926 0.359375 0.528704 0.360938 0.528704 0.364063 0.523148 0.364583 0.523148 0.379167 0.497222 0.379688 0.497222 0.384896 0.487963 0.385417 0.487963 0.388542 0.482407 0.389062 0.482407 0.391146 0.478704 0.391667 0.478704 0.392708 0.476852 0.393229 0.476852 0.394271 0.475000 0.394792 0.475000 0.395313 0.474074 0.397396 0.474074 0.397917 0.475000 0.398438 0.475000 0.398958 0.475926 0.399479 0.475926 0.400000 0.476852 0.400521 0.476852 0.401042 0.477778 0.401562 0.477778 0.402604 0.479630 0.403125 0.479630 0.406250 0.485185 0.406771 0.485185 0.411458 0.493519 0.411458 0.494444 0.415104 0.500926 0.415625 0.500926 0.425521 0.518519 0.426042 0.518519 0.427083 0.520370 0.427604 0.520370 0.428125 0.521296 0.428646 0.521296 0.429688 0.523148 0.430208 0.523148 0.431250 0.525000 0.431771 0.525000 0.432812 0.526852 0.433333 0.526852 0.433854 0.527778 0.436458 0.527778 0.436979 0.526852 0.436979 0.525926 0.437500 0.525000 0.437500 0.523148 0.436458 0.521296 0.436458 0.520370 0.426563 0.502778 0.426563 0.501852 0.400000 0.454630 0.399479 0.454630 0.398958 0.453704 0.398438 0.453704 0.397917 0.452778 0.396875 0.452778 0.396354 0.451852 0.395313 0.451852 0.394792 0.450926
0 0.481510 0.483796 0.083854 0.076852 0.477604 0.445370 0.477604 0.446296 0.477083 0.447222 0.477083 0.448148 0.474479 0.452778 0.474479 0.453704 0.469792 0.462037 0.469271 0.462037 0.440104 0.513889 0.439583 0.513889 0.439583 0.514815 0.440104 0.514815 0.440625 0.515741 0.441146 0.515741 0.441667 0.516667 0.442188 0.516667 0.442708 0.517593 0.443229 0.517593 0.444271 0.519444 0.444792 0.519444 0.445312 0.520370 0.445833 0.520370 0.446354 0.521296 0.446875 0.521296 0.447396 0.522222 0.448437 0.522222 0.449479 0.520370 0.450000 0.520370 0.467708 0.488889 0.468229 0.488889 0.473958 0.478704 0.474479 0.478704 0.476562 0.475000 0.477083 0.475000 0.477604 0.475926 0.478646 0.475926 0.479167 0.476852 0.480729 0.476852 0.481250 0.477778 0.482812 0.477778 0.483333 0.478704 0.484896 0.478704 0.485417 0.479630 0.486979 0.479630 0.487500 0.480556 0.489063 0.480556 0.489583 0.481481 0.491146 0.481481 0.491667 0.482407 0.492708 0.482407 0.493229 0.483333 0.494792 0.483333 0.495312 0.484259 0.495833 0.484259 0.514583 0.517593 0.515104 0.517593 0.515625 0.518519 0.516667 0.518519 0.517188 0.519444 0.518229 0.519444 0.518750 0.520370 0.519792 0.520370 0.520312 0.521296 0.521875 0.521296 0.522396 0.520370 0.522917 0.520370 0.522917 0.519444 0.523438 0.518519 0.523438 0.515741 0.522396 0.513889 0.522396 0.512963 0.514062 0.498148 0.514062 0.497222 0.500000 0.472222 0.500000 0.471296 0.486979 0.448148 0.486458 0.448148 0.485938 0.447222 0.484375 0.447222 0.483854 0.446296 0.480208 0.446296 0.479687 0.445370
0 0.570052 0.481019 0.075521 0.073148 0.564583 0.444444 0.565625 0.444444 0.567187 0.447222 0.567187 0.448148 0.567708 0.449074 0.567708 0.450926 0.566667 0.452778 0.566667 0.453704 0.553646 0.476852 0.553646 0.477778 0.532292 0.515741 0.532813 0.515741 0.533333 0.516667 0.534896 0.516667 0.535417 0.517593 0.537500 0.517593 0.538021 0.516667 0.538542 0.516667 0.547917 0.500000 0.547917 0.499074 0.551562 0.492593 0.552083 0.492593 0.561458 0.475926 0.563542 0.475926 0.564063 0.476852 0.566146 0.476852 0.566667 0.477778 0.569271 0.477778 0.569792 0.478704 0.572396 0.478704 0.572917 0.479630 0.575000 0.479630 0.575521 0.480556 0.578125 0.480556 0.578646 0.481481 0.581250 0.481481 0.581771 0.482407 0.583854 0.482407 0.584375 0.483333 0.586979 0.483333 0.587500 0.484259 0.589583 0.484259 0.590625 0.486111 0.591146 0.486111 0.600000 0.501852 0.600000 0.502778 0.607292 0.515741 0.607812 0.514815 0.607812 0.511111 0.607292 0.510185 0.607292 0.509259 0.604167 0.503704 0.604167 0.502778 0.593750 0.484259 0.593750 0.483333 0.583333 0.464815 0.583333 0.463889 0.573438 0.446296 0.572917 0.446296 0.572396 0.445370 0.568229 0.445370 0.567708 0.444444
0 0.652865 0.493056 0.090104 0.073148 0.658333 0.456481 0.648438 0.474074 0.648438 0.475000 0.632292 0.503704 0.632292 0.504630 0.624479 0.518519 0.623958 0.518519 0.622917 0.520370 0.620833 0.520370 0.620313 0.519444 0.618750 0.519444 0.618229 0.518519 0.616146 0.518519 0.615625 0.517593 0.614062 0.517593 0.613542 0.516667 0.611458 0.516667 0.610938 0.515741 0.609375 0.515741 0.608854 0.514815 0.608333 0.514815 0.607812 0.515741 0.607812 0.516667 0.611458 0.523148 0.612500 0.523148 0.613021 0.524074 0.614583 0.524074 0.615104 0.525000 0.616667 0.525000 0.617188 0.525926 0.618750 0.525926 0.619271 0.526852 0.621354 0.526852 0.621875 0.527778 0.623437 0.527778 0.623958 0.528704 0.625521 0.528704 0.626042 0.529630 0.628125 0.529630 0.629167 0.527778 0.629687 0.527778 0.632812 0.522222 0.632812 0.521296 0.651042 0.488889 0.651563 0.488889 0.655208 0.482407 0.656250 0.482407 0.656771 0.483333 0.658854 0.483333 0.659375 0.484259 0.659896 0.484259 0.660937 0.486111 0.660937 0.487037 0.661458 0.487963 0.661458 0.488889 0.660937 0.489815 0.663021 0.489815 0.663542 0.490741 0.666667 0.490741 0.667188 0.491667 0.668750 0.491667 0.678646 0.509259 0.678646 0.510185 0.686979 0.525000 0.687500 0.525000 0.688021 0.525926 0.690104 0.525926 0.690625 0.526852 0.692708 0.526852 0.693229 0.527778 0.696875 0.527778 0.697396 0.526852 0.697396 0.525926 0.697917 0.525000 0.697917 0.523148 0.696875 0.521296 0.696875 0.520370 0.694271 0.515741 0.694271 0.514815 0.687500 0.502778 0.687500 0.501852 0.680729 0.489815 0.680729 0.488889 0.673438 0.475926 0.673438 0.475000 0.666146 0.462037 0.666146 0.461111 0.665625 0.460185 0.665104 0.460185 0.663542 0.457407 0.663021 0.457407 0.662500 0.456481
0 0.354427 0.478241 0.080729 0.078704 0.316667 0.438889 0.315625 0.440741 0.315625 0.441667 0.314063 0.444444 0.314063 0.448148 0.314583 0.449074 0.314583 0.450000 0.351042 0.514815 0.351562 0.514815 0.353125 0.517593 0.355729 0.517593 0.357812 0.513889 0.358333 0.513889 0.380729 0.474074 0.381250 0.474074 0.393750 0.451852 0.393750 0.450926 0.394792 0.449074 0.394792 0.446296 0.393229 0.443519 0.392708 0.443519 0.392188 0.442593 0.390625 0.442593 0.389583 0.444444 0.389062 0.444444 0.385937 0.450000 0.385417 0.450000 0.379688 0.460185 0.379167 0.460185 0.364583 0.486111 0.364063 0.486111 0.361458 0.490741 0.359375 0.490741 0.357812 0.487963 0.357812 0.487037 0.356250 0.484259 0.356250 0.483333 0.355208 0.481481 0.354167 0.481481 0.353125 0.479630 0.351042 0.479630 0.351042 0.481481 0.351562 0.482407 0.351562 0.485185 0.351042 0.486111 0.351042 0.487037 0.350521 0.487963 0.350000 0.487963 0.349479 0.488889 0.347917 0.488889 0.347396 0.487963 0.346875 0.487963 0.343750 0.482407 0.343229 0.482407 0.326042 0.451852 0.325521 0.451852 0.321354 0.444444 0.320833 0.444444 0.318229 0.439815 0.317708 0.439815 0.317188 0.438889
0 0.434115 0.476389 0.085938 0.076852 0.394271 0.437963 0.393750 0.438889 0.393229 0.438889 0.392188 0.440741 0.391667 0.440741 0.391146 0.441667 0.392188 0.441667 0.392708 0.442593 0.393229 0.442593 0.395313 0.446296 0.395313 0.449074 0.394792 0.450000 0.395313 0.450926 0.396354 0.450926 0.396875 0.451852 0.397917 0.451852 0.398438 0.452778 0.398958 0.452778 0.399479 0.453704 0.400000 0.453704 0.427083 0.501852 0.427083 0.502778 0.429688 0.507407 0.430208 0.507407 0.431250 0.509259 0.431771 0.509259 0.432292 0.510185 0.432812 0.510185 0.433333 0.511111 0.433854 0.511111 0.434375 0.512037 0.434896 0.512037 0.435417 0.512963 0.435937 0.512963 0.436979 0.514815 0.438542 0.514815 0.439583 0.512963 0.440104 0.512963 0.469271 0.461111 0.469792 0.461111 0.473958 0.453704 0.473958 0.452778 0.476562 0.448148 0.476562 0.447222 0.477083 0.446296 0.477083 0.444444 0.475000 0.440741 0.473438 0.440741 0.469271 0.448148 0.468750 0.448148 0.449479 0.482407 0.448958 0.482407 0.447917 0.484259 0.446875 0.484259 0.446354 0.483333 0.445312 0.483333 0.444792 0.482407 0.443750 0.482407 0.443229 0.481481 0.442188 0.481481 0.441667 0.480556 0.440625 0.480556 0.440104 0.479630 0.439063 0.479630 0.438542 0.478704 0.437500 0.478704 0.436979 0.477778 0.435937 0.477778 0.435417 0.476852 0.434896 0.476852 0.434375 0.475926 0.436979 0.480556 0.436979 0.481481 0.438021 0.483333 0.438021 0.484259 0.438542 0.485185 0.438542 0.487037 0.438021 0.487963 0.438021 0.488889 0.437500 0.489815 0.436979 0.489815 0.436458 0.490741 0.434896 0.490741 0.434375 0.489815 0.433854 0.489815 0.433333 0.488889 0.432292 0.488889 0.431771 0.487963 0.431250 0.487963 0.430729 0.487037 0.429688 0.487037 0.429167 0.486111 0.428646 0.486111 0.424479 0.478704 0.423958 0.478704 0.403125 0.441667 0.402604 0.441667 0.402083 0.440741 0.401042 0.440741 0.400521 0.439815 0.398958 0.439815 0.398438 0.438889 0.396354 0.438889 0.395833 0.437963
0 0.521615 0.480093 0.091146 0.076852 0.476042 0.441667 0.477604 0.444444 0.479687 0.444444 0.480208 0.445370 0.483854 0.445370 0.484375 0.446296 0.485938 0.446296 0.486458 0.447222 0.486979 0.447222 0.500521 0.471296 0.500521 0.472222 0.514583 0.497222 0.514583 0.498148 0.522917 0.512963 0.522917 0.513889 0.524479 0.516667 0.525521 0.516667 0.526042 0.517593 0.527083 0.517593 0.527604 0.518519 0.529687 0.518519 0.530208 0.517593 0.530729 0.517593 0.553125 0.477778 0.553125 0.476852 0.566146 0.453704 0.566146 0.452778 0.567187 0.450926 0.567187 0.449074 0.566667 0.448148 0.566667 0.447222 0.565625 0.445370 0.564063 0.445370 0.543229 0.482407 0.542708 0.482407 0.542188 0.483333 0.539583 0.483333 0.539062 0.482407 0.536979 0.482407 0.536458 0.481481 0.534375 0.481481 0.533854 0.480556 0.532292 0.480556 0.531250 0.482407 0.528646 0.482407 0.528125 0.481481 0.526042 0.481481 0.525521 0.480556 0.523958 0.480556 0.523438 0.479630 0.522917 0.479630 0.522917 0.480556 0.521354 0.483333 0.518750 0.483333 0.518229 0.482407 0.516667 0.482407 0.516146 0.481481 0.514583 0.481481 0.502083 0.459259 0.502083 0.458333 0.496875 0.449074 0.496354 0.449074 0.494792 0.446296 0.494271 0.446296 0.493750 0.445370 0.490625 0.445370 0.490104 0.444444 0.486458 0.444444 0.485938 0.443519 0.482292 0.443519 0.481771 0.442593 0.478125 0.442593 0.477604 0.441667
0 0.612240 0.481481 0.094271 0.075926 0.565104 0.443519 0.567708 0.443519 0.568229 0.444444 0.572396 0.444444 0.572917 0.445370 0.573438 0.445370 0.583854 0.463889 0.583854 0.464815 0.594271 0.483333 0.594271 0.484259 0.604688 0.502778 0.604688 0.503704 0.607812 0.509259 0.607812 0.510185 0.608333 0.511111 0.608333 0.513889 0.608854 0.513889 0.609375 0.514815 0.610938 0.514815 0.611458 0.515741 0.613542 0.515741 0.614062 0.516667 0.615625 0.516667 0.616146 0.517593 0.618229 0.517593 0.618750 0.518519 0.620313 0.518519 0.620833 0.519444 0.622917 0.519444 0.623958 0.517593 0.624479 0.517593 0.631771 0.504630 0.631771 0.503704 0.647917 0.475000 0.647917 0.474074 0.658333 0.455556 0.658333 0.454630 0.659375 0.452778 0.659375 0.449074 0.658333 0.447222 0.657813 0.447222 0.657292 0.446296 0.651563 0.446296 0.646875 0.454630 0.646354 0.454630 0.631250 0.481481 0.631250 0.482407 0.626563 0.490741 0.626042 0.490741 0.625000 0.492593 0.623437 0.492593 0.622917 0.491667 0.620313 0.491667 0.619792 0.490741 0.617188 0.490741 0.616667 0.489815 0.614062 0.489815 0.613542 0.488889 0.611979 0.488889 0.599479 0.466667 0.599479 0.465741 0.589583 0.448148 0.589063 0.448148 0.588542 0.447222 0.585938 0.447222 0.585417 0.446296 0.580208 0.446296 0.579688 0.445370 0.574479 0.445370 0.573958 0.444444 0.569271 0.444444 0.568750 0.443519
0 0.701562 0.497685 0.067708 0.069444 0.732812 0.462963 0.723958 0.478704 0.723958 0.479630 0.708333 0.507407 0.705208 0.507407 0.704688 0.506481 0.701562 0.506481 0.701042 0.505556 0.698438 0.505556 0.697917 0.504630 0.694792 0.504630 0.694271 0.503704 0.691667 0.503704 0.691146 0.502778 0.690625 0.502778 0.688021 0.498148 0.687500 0.498148 0.686979 0.497222 0.686979 0.496296 0.676562 0.477778 0.676562 0.476852 0.669792 0.464815 0.669271 0.464815 0.668750 0.463889 0.667708 0.463889 0.673958 0.475000 0.673958 0.475926 0.681250 0.488889 0.681250 0.489815 0.688021 0.501852 0.688021 0.502778 0.694792 0.514815 0.694792 0.515741 0.697396 0.520370 0.697396 0.521296 0.698438 0.523148 0.698438 0.525000 0.697917 0.525926 0.697917 0.526852 0.696875 0.528704 0.693229 0.528704 0.692708 0.527778 0.690625 0.527778 0.690104 0.526852 0.688021 0.526852 0.687500 0.525926 0.689583 0.529630 0.691667 0.529630 0.692187 0.530556 0.694271 0.530556 0.694792 0.531481 0.697396 0.531481 0.697917 0.532407 0.701042 0.532407 0.701562 0.531481 0.702083 0.531481 0.708854 0.519444 0.708854 0.518519 0.720833 0.497222 0.720833 0.496296 0.731771 0.476852 0.731771 0.475926 0.734896 0.470370 0.734896 0.469444 0.735417 0.468519 0.735417 0.465741 0.734896 0.464815 0.734896 0.463889 0.734375 0.463889 0.733854 0.462963
0 0.310156 0.449537 0.081771 0.076852 0.313021 0.411111 0.312500 0.412037 0.310417 0.412037 0.309896 0.412963 0.309375 0.412963 0.308854 0.413889 0.308333 0.413889 0.303646 0.422222 0.303125 0.422222 0.286458 0.451852 0.285938 0.451852 0.269792 0.480556 0.269792 0.481481 0.269271 0.482407 0.269271 0.485185 0.270833 0.487963 0.272917 0.487963 0.275000 0.484259 0.275521 0.484259 0.278646 0.478704 0.279167 0.478704 0.282292 0.473148 0.282813 0.473148 0.288542 0.462963 0.289062 0.462963 0.299479 0.444444 0.300000 0.444444 0.304167 0.437037 0.304688 0.437037 0.305729 0.435185 0.306250 0.435185 0.306771 0.434259 0.307292 0.434259 0.307812 0.433333 0.308854 0.433333 0.309375 0.432407 0.311979 0.432407 0.312500 0.433333 0.313542 0.433333 0.314583 0.435185 0.315104 0.435185 0.315625 0.436111 0.316146 0.436111 0.317708 0.438889 0.318229 0.438889 0.320833 0.443519 0.321354 0.443519 0.325521 0.450926 0.326042 0.450926 0.343229 0.481481 0.343750 0.481481 0.346875 0.487037 0.347396 0.487037 0.347917 0.487963 0.349479 0.487963 0.350000 0.487037 0.350521 0.487037 0.350521 0.486111 0.351042 0.485185 0.351042 0.482407 0.350521 0.481481 0.350521 0.480556 0.349479 0.478704 0.349479 0.477778 0.348958 0.476852 0.348958 0.475926 0.348438 0.475000 0.348438 0.474074 0.347396 0.472222 0.347396 0.471296 0.346875 0.470370 0.346875 0.469444 0.321354 0.424074 0.320833 0.424074 0.317188 0.417593 0.317188 0.416667 0.314063 0.411111
0 0.396875 0.452315 0.082292 0.075000 0.394792 0.414815 0.376042 0.448148 0.375521 0.448148 0.357812 0.479630 0.357292 0.479630 0.356250 0.481481 0.355729 0.481481 0.356771 0.483333 0.356771 0.484259 0.358333 0.487037 0.358333 0.487963 0.359375 0.489815 0.361458 0.489815 0.364063 0.485185 0.364583 0.485185 0.379167 0.459259 0.379688 0.459259 0.385417 0.449074 0.385937 0.449074 0.389062 0.443519 0.389583 0.443519 0.391667 0.439815 0.392188 0.439815 0.393229 0.437963 0.393750 0.437963 0.394271 0.437037 0.395833 0.437037 0.396354 0.437963 0.398438 0.437963 0.398958 0.438889 0.400521 0.438889 0.401042 0.439815 0.402083 0.439815 0.402604 0.440741 0.403125 0.440741 0.423958 0.477778 0.424479 0.477778 0.428646 0.485185 0.429167 0.485185 0.429688 0.486111 0.430729 0.486111 0.431250 0.487037 0.431771 0.487037 0.432292 0.487963 0.433333 0.487963 0.433854 0.488889 0.434375 0.488889 0.434896 0.489815 0.436458 0.489815 0.436979 0.488889 0.437500 0.488889 0.437500 0.487963 0.438021 0.487037 0.438021 0.485185 0.437500 0.484259 0.437500 0.483333 0.436458 0.481481 0.436458 0.480556 0.417187 0.446296 0.417187 0.445370 0.400521 0.415741 0.400000 0.415741 0.399479 0.414815
0 0.477865 0.445833 0.089063 0.075000 0.477604 0.408333 0.477083 0.409259 0.477083 0.410185 0.440104 0.475926 0.439583 0.475926 0.439063 0.476852 0.436979 0.476852 0.436458 0.475926 0.435417 0.475926 0.434896 0.475000 0.433854 0.475000 0.433333 0.474074 0.433854 0.475000 0.434375 0.475000 0.434896 0.475926 0.435417 0.475926 0.435937 0.476852 0.436979 0.476852 0.437500 0.477778 0.438542 0.477778 0.439063 0.478704 0.440104 0.478704 0.440625 0.479630 0.441667 0.479630 0.442188 0.480556 0.443229 0.480556 0.443750 0.481481 0.444792 0.481481 0.445312 0.482407 0.446354 0.482407 0.446875 0.483333 0.447917 0.483333 0.448958 0.481481 0.449479 0.481481 0.468750 0.447222 0.469271 0.447222 0.473438 0.439815 0.475000 0.439815 0.475521 0.440741 0.477604 0.440741 0.478125 0.441667 0.481771 0.441667 0.482292 0.442593 0.485938 0.442593 0.486458 0.443519 0.490104 0.443519 0.490625 0.444444 0.493750 0.444444 0.494271 0.445370 0.494792 0.445370 0.496354 0.448148 0.496875 0.448148 0.502604 0.458333 0.502604 0.459259 0.514583 0.480556 0.516146 0.480556 0.516667 0.481481 0.518229 0.481481 0.518750 0.482407 0.521354 0.482407 0.522396 0.480556 0.522396 0.476852 0.521875 0.475926 0.521875 0.475000 0.514583 0.462037 0.514583 0.461111 0.497917 0.431481 0.497917 0.430556 0.485938 0.409259 0.485417 0.409259 0.484896 0.408333
0 0.573698 0.445370 0.081771 0.074074 0.567708 0.408333 0.568750 0.410185 0.568750 0.414815 0.565104 0.421296 0.565104 0.422222 0.532813 0.479630 0.533854 0.479630 0.534375 0.480556 0.536458 0.480556 0.536979 0.481481 0.539062 0.481481 0.539583 0.482407 0.542188 0.482407 0.542708 0.481481 0.543229 0.481481 0.565104 0.442593 0.568750 0.442593 0.569271 0.443519 0.573958 0.443519 0.574479 0.444444 0.579688 0.444444 0.580208 0.445370 0.585417 0.445370 0.585938 0.446296 0.588542 0.446296 0.589063 0.447222 0.589583 0.447222 0.600000 0.465741 0.600000 0.466667 0.607812 0.480556 0.608854 0.480556 0.609375 0.481481 0.613021 0.481481 0.614062 0.479630 0.614062 0.478704 0.614583 0.477778 0.614062 0.476852 0.614062 0.475926 0.613542 0.475000 0.613542 0.474074 0.609375 0.466667 0.609375 0.465741 0.600000 0.449074 0.600000 0.448148 0.591146 0.432407 0.591146 0.431481 0.578646 0.409259 0.577604 0.409259 0.577083 0.408333
0 0.651302 0.455556 0.085938 0.072222 0.655729 0.419444 0.642188 0.443519 0.642188 0.444444 0.620833 0.482407 0.617708 0.482407 0.617188 0.481481 0.614583 0.481481 0.614062 0.480556 0.613021 0.482407 0.609375 0.482407 0.608854 0.481481 0.608333 0.481481 0.611979 0.487963 0.613542 0.487963 0.614062 0.488889 0.616667 0.488889 0.617188 0.489815 0.619792 0.489815 0.620313 0.490741 0.622917 0.490741 0.623437 0.491667 0.625000 0.491667 0.626042 0.489815 0.626563 0.489815 0.630729 0.482407 0.630729 0.481481 0.646354 0.453704 0.646875 0.453704 0.651563 0.445370 0.657292 0.445370 0.657813 0.446296 0.658333 0.446296 0.659896 0.449074 0.659896 0.452778 0.658854 0.454630 0.658854 0.455556 0.662500 0.455556 0.663021 0.456481 0.663542 0.456481 0.665104 0.459259 0.665625 0.459259 0.666667 0.461111 0.666667 0.462037 0.667188 0.462963 0.668750 0.462963 0.669271 0.463889 0.669792 0.463889 0.677083 0.476852 0.677083 0.477778 0.682813 0.487963 0.683333 0.487963 0.683854 0.488889 0.687500 0.488889 0.688021 0.489815 0.691146 0.489815 0.691667 0.490741 0.692708 0.490741 0.694271 0.487963 0.694271 0.485185 0.693229 0.483333 0.693229 0.482407 0.690104 0.476852 0.690104 0.475926 0.683854 0.464815 0.683854 0.463889 0.677083 0.451852 0.677083 0.450926 0.670833 0.439815 0.670833 0.438889 0.664062 0.426852 0.664062 0.425926 0.661458 0.421296 0.660937 0.421296 0.659896 0.419444
0 0.354948 0.442130 0.082812 0.076852 0.315104 0.403704 0.313542 0.406481 0.313542 0.408333 0.314063 0.409259 0.314063 0.410185 0.317708 0.416667 0.317708 0.417593 0.320833 0.423148 0.321354 0.423148 0.352604 0.478704 0.353125 0.478704 0.354167 0.480556 0.356250 0.480556 0.357292 0.478704 0.357812 0.478704 0.375521 0.447222 0.376042 0.447222 0.395313 0.412963 0.395313 0.412037 0.396354 0.410185 0.396354 0.408333 0.395833 0.407407 0.395833 0.406481 0.394792 0.404630 0.389062 0.404630 0.386458 0.409259 0.385937 0.409259 0.381250 0.417593 0.380729 0.417593 0.367188 0.441667 0.366667 0.441667 0.361458 0.450926 0.360938 0.450926 0.360417 0.451852 0.359896 0.451852 0.359375 0.450926 0.358854 0.450926 0.357812 0.449074 0.357292 0.449074 0.355729 0.446296 0.354687 0.446296 0.353646 0.448148 0.353125 0.448148 0.352604 0.449074 0.352083 0.449074 0.351562 0.450000 0.347917 0.450000 0.347396 0.449074 0.346875 0.449074 0.346354 0.448148 0.345833 0.448148 0.344792 0.446296 0.344271 0.446296 0.341667 0.441667 0.341146 0.441667 0.335938 0.432407 0.335417 0.432407 0.320833 0.406481 0.320312 0.406481 0.319792 0.405556 0.319271 0.405556 0.318750 0.404630 0.317708 0.404630 0.317188 0.403704
0 0.433333 0.438889 0.087500 0.074074 0.398438 0.401852 0.397917 0.402778 0.390625 0.402778 0.390104 0.403704 0.389583 0.403704 0.394792 0.403704 0.396354 0.406481 0.396354 0.407407 0.396875 0.408333 0.396875 0.410185 0.395833 0.412037 0.395833 0.412963 0.395313 0.413889 0.399479 0.413889 0.400000 0.414815 0.400521 0.414815 0.417708 0.445370 0.417708 0.446296 0.432812 0.473148 0.433333 0.473148 0.433854 0.474074 0.434896 0.474074 0.435417 0.475000 0.436458 0.475000 0.436979 0.475926 0.439063 0.475926 0.439583 0.475000 0.440104 0.475000 0.476562 0.410185 0.476562 0.409259 0.477083 0.408333 0.477083 0.405556 0.475521 0.402778 0.472917 0.402778 0.468750 0.410185 0.468229 0.410185 0.448958 0.444444 0.448437 0.444444 0.447917 0.445370 0.444271 0.445370 0.443750 0.444444 0.440625 0.444444 0.440104 0.443519 0.437500 0.443519 0.436979 0.442593 0.435937 0.442593 0.436979 0.444444 0.436979 0.449074 0.435937 0.450926 0.434896 0.450926 0.434375 0.451852 0.433854 0.450926 0.431771 0.450926 0.431250 0.450000 0.430729 0.450000 0.429167 0.447222 0.428646 0.447222 0.422917 0.437037 0.422396 0.437037 0.403646 0.403704 0.403125 0.403704 0.402083 0.401852
0 0.522917 0.444444 0.090625 0.074074 0.477604 0.407407 0.484896 0.407407 0.485417 0.408333 0.485938 0.408333 0.498437 0.430556 0.498437 0.431481 0.515104 0.461111 0.515104 0.462037 0.522396 0.475000 0.522396 0.475926 0.522917 0.476852 0.522917 0.478704 0.523438 0.478704 0.523958 0.479630 0.525521 0.479630 0.526042 0.480556 0.528125 0.480556 0.528646 0.481481 0.531250 0.481481 0.564583 0.422222 0.564583 0.421296 0.568229 0.414815 0.568229 0.410185 0.567187 0.408333 0.563021 0.408333 0.543229 0.443519 0.542708 0.443519 0.541667 0.445370 0.536458 0.445370 0.535937 0.444444 0.533854 0.444444 0.533333 0.445370 0.531250 0.445370 0.530729 0.444444 0.526042 0.444444 0.525521 0.443519 0.521875 0.443519 0.520833 0.445370 0.517188 0.445370 0.516667 0.444444 0.516146 0.444444 0.495833 0.408333 0.494792 0.408333 0.494271 0.407407
0 0.617969 0.445370 0.077604 0.072222 0.579167 0.409259 0.591667 0.431481 0.591667 0.432407 0.600521 0.448148 0.600521 0.449074 0.609896 0.465741 0.609896 0.466667 0.614062 0.474074 0.614062 0.475000 0.614583 0.475926 0.614583 0.476852 0.615104 0.477778 0.614583 0.478704 0.614583 0.480556 0.617188 0.480556 0.617708 0.481481 0.620833 0.481481 0.641667 0.444444 0.641667 0.443519 0.655208 0.419444 0.655208 0.418519 0.656771 0.415741 0.656771 0.412037 0.655729 0.410185 0.655208 0.410185 0.654687 0.409259 0.648958 0.409259 0.648438 0.410185 0.647917 0.410185 0.642708 0.419444 0.642188 0.419444 0.628646 0.443519 0.628646 0.444444 0.623958 0.452778 0.623437 0.452778 0.622396 0.454630 0.616146 0.454630 0.615625 0.453704 0.611458 0.453704 0.593229 0.421296 0.593229 0.420370 0.588021 0.411111 0.587500 0.411111 0.586458 0.409259
0 0.706250 0.469444 0.072917 0.074074 0.683333 0.432407 0.685937 0.437037 0.685937 0.437963 0.690104 0.445370 0.690104 0.446296 0.691146 0.448148 0.691146 0.451852 0.690104 0.453704 0.689583 0.453704 0.689063 0.454630 0.685937 0.454630 0.680208 0.444444 0.680208 0.443519 0.677604 0.438889 0.677083 0.438889 0.676042 0.437037 0.672396 0.437037 0.671875 0.436111 0.669792 0.436111 0.671354 0.438889 0.671354 0.439815 0.677604 0.450926 0.677604 0.451852 0.684375 0.463889 0.684375 0.464815 0.690625 0.475926 0.690625 0.476852 0.693750 0.482407 0.693750 0.483333 0.694792 0.485185 0.694792 0.487963 0.692708 0.491667 0.691667 0.491667 0.691146 0.490741 0.688021 0.490741 0.687500 0.489815 0.683854 0.489815 0.683333 0.488889 0.687500 0.496296 0.687500 0.497222 0.688021 0.497222 0.690625 0.501852 0.691146 0.501852 0.691667 0.502778 0.694271 0.502778 0.694792 0.503704 0.697917 0.503704 0.698438 0.504630 0.701042 0.504630 0.701562 0.505556 0.704688 0.505556 0.705208 0.506481 0.708333 0.506481 0.723437 0.479630 0.723437 0.478704 0.735417 0.457407 0.735417 0.456481 0.742188 0.444444 0.742188 0.443519 0.742708 0.442593 0.742708 0.438889 0.741667 0.437037 0.741146 0.437037 0.740625 0.436111 0.729688 0.436111 0.729167 0.435185 0.717708 0.435185 0.717187 0.434259 0.705729 0.434259 0.705208 0.433333 0.693750 0.433333 0.693229 0.432407
0 0.310156 0.411111 0.081771 0.075926 0.309896 0.373148 0.309375 0.374074 0.308854 0.374074 0.304167 0.382407 0.303646 0.382407 0.285938 0.413889 0.285417 0.413889 0.269792 0.441667 0.269792 0.442593 0.269271 0.443519 0.269271 0.445370 0.271354 0.449074 0.272917 0.449074 0.273438 0.448148 0.273958 0.448148 0.274479 0.447222 0.275000 0.447222 0.275521 0.446296 0.276042 0.446296 0.276562 0.445370 0.277604 0.445370 0.278125 0.444444 0.278646 0.444444 0.287500 0.428704 0.288021 0.428704 0.289062 0.426852 0.290104 0.426852 0.290625 0.425926 0.291667 0.425926 0.292187 0.425000 0.292708 0.425000 0.295312 0.420370 0.295833 0.420370 0.302604 0.408333 0.303125 0.408333 0.306250 0.402778 0.306771 0.402778 0.308333 0.400000 0.308854 0.400000 0.309896 0.398148 0.310417 0.398148 0.310937 0.397222 0.311458 0.397222 0.311979 0.396296 0.315104 0.396296 0.315625 0.397222 0.316146 0.397222 0.317188 0.399074 0.317708 0.399074 0.320312 0.403704 0.320833 0.403704 0.325000 0.411111 0.325521 0.411111 0.341146 0.438889 0.341667 0.438889 0.346354 0.447222 0.346875 0.447222 0.347396 0.448148 0.347917 0.448148 0.348438 0.449074 0.349479 0.449074 0.351042 0.446296 0.351042 0.443519 0.350000 0.441667 0.350000 0.440741 0.317188 0.382407 0.316667 0.382407 0.311979 0.374074 0.311458 0.374074 0.310937 0.373148
0 0.394010 0.413426 0.084896 0.075000 0.396875 0.375926 0.396354 0.376852 0.395313 0.376852 0.394792 0.377778 0.393229 0.377778 0.392708 0.378704 0.392188 0.378704 0.376563 0.406481 0.376042 0.406481 0.357292 0.439815 0.356771 0.439815 0.355729 0.441667 0.354167 0.441667 0.353646 0.440741 0.353125 0.440741 0.352083 0.438889 0.351562 0.438889 0.352083 0.439815 0.352083 0.440741 0.353646 0.443519 0.354167 0.443519 0.355208 0.445370 0.355729 0.445370 0.357292 0.448148 0.357812 0.448148 0.358854 0.450000 0.359375 0.450000 0.359896 0.450926 0.360417 0.450926 0.360938 0.450000 0.361458 0.450000 0.366667 0.440741 0.367188 0.440741 0.380729 0.416667 0.381250 0.416667 0.385937 0.408333 0.386458 0.408333 0.389583 0.402778 0.390104 0.402778 0.390625 0.401852 0.397917 0.401852 0.398438 0.400926 0.402083 0.400926 0.403125 0.402778 0.403646 0.402778 0.422396 0.436111 0.422917 0.436111 0.428646 0.446296 0.429167 0.446296 0.430729 0.449074 0.431250 0.449074 0.431771 0.450000 0.433854 0.450000 0.434375 0.450926 0.434896 0.450000 0.435937 0.450000 0.436458 0.449074 0.436458 0.444444 0.435417 0.442593 0.435417 0.441667 0.414062 0.403704 0.414062 0.402778 0.400000 0.377778 0.399479 0.377778 0.398438 0.375926
0 0.477865 0.407407 0.088021 0.074074 0.482292 0.370370 0.481771 0.371296 0.478646 0.371296 0.478125 0.372222 0.477604 0.372222 0.475000 0.376852 0.475000 0.377778 0.460938 0.402778 0.460417 0.402778 0.440625 0.437963 0.440104 0.437963 0.439583 0.438889 0.436458 0.438889 0.435937 0.437963 0.433854 0.437963 0.435937 0.441667 0.436979 0.441667 0.437500 0.442593 0.440104 0.442593 0.440625 0.443519 0.443750 0.443519 0.444271 0.444444 0.447917 0.444444 0.448437 0.443519 0.448958 0.443519 0.468229 0.409259 0.468750 0.409259 0.472917 0.401852 0.475521 0.401852 0.477604 0.405556 0.477604 0.406481 0.494271 0.406481 0.494792 0.407407 0.495833 0.407407 0.516146 0.443519 0.516667 0.443519 0.517188 0.444444 0.520833 0.444444 0.521875 0.442593 0.521875 0.438889 0.521354 0.437963 0.521354 0.437037 0.515625 0.426852 0.515625 0.425926 0.501042 0.400000 0.501042 0.399074 0.485417 0.371296 0.484896 0.371296 0.484375 0.370370
0 0.574219 0.407870 0.078646 0.073148 0.573438 0.371296 0.572917 0.372222 0.571354 0.372222 0.571875 0.373148 0.571875 0.375926 0.571354 0.376852 0.571354 0.377778 0.563542 0.391667 0.563542 0.392593 0.534896 0.443519 0.535937 0.443519 0.536458 0.444444 0.541667 0.444444 0.542708 0.442593 0.543229 0.442593 0.563021 0.407407 0.577083 0.407407 0.577604 0.408333 0.586458 0.408333 0.587500 0.410185 0.588021 0.410185 0.593750 0.420370 0.593750 0.421296 0.606250 0.443519 0.608333 0.443519 0.608854 0.444444 0.611979 0.444444 0.612500 0.443519 0.613021 0.443519 0.613021 0.442593 0.613542 0.441667 0.613542 0.439815 0.613021 0.438889 0.613021 0.437963 0.612500 0.437037 0.612500 0.436111 0.606771 0.425926 0.606771 0.425000 0.598437 0.410185 0.598437 0.409259 0.590104 0.394444 0.590104 0.393519 0.581250 0.377778 0.581250 0.376852 0.579688 0.374074 0.579167 0.374074 0.577604 0.371296
0 0.648698 0.418519 0.083854 0.070370 0.654687 0.383333 0.647396 0.396296 0.647396 0.397222 0.627083 0.433333 0.627083 0.434259 0.622396 0.442593 0.621875 0.442593 0.620313 0.445370 0.615104 0.445370 0.614583 0.444444 0.612500 0.444444 0.611979 0.445370 0.608854 0.445370 0.608333 0.444444 0.606771 0.444444 0.611458 0.452778 0.615625 0.452778 0.616146 0.453704 0.622396 0.453704 0.623437 0.451852 0.623958 0.451852 0.628125 0.444444 0.628125 0.443519 0.642188 0.418519 0.642708 0.418519 0.647917 0.409259 0.648438 0.409259 0.648958 0.408333 0.654687 0.408333 0.655208 0.409259 0.655729 0.409259 0.657292 0.412037 0.657292 0.415741 0.655729 0.418519 0.659896 0.418519 0.660937 0.420370 0.661458 0.420370 0.664583 0.425926 0.664583 0.426852 0.669271 0.435185 0.671875 0.435185 0.672396 0.436111 0.676042 0.436111 0.677083 0.437963 0.677604 0.437963 0.680729 0.443519 0.680729 0.444444 0.685937 0.453704 0.689063 0.453704 0.689583 0.452778 0.690104 0.452778 0.690625 0.451852 0.690625 0.448148 0.689583 0.446296 0.689583 0.445370 0.685417 0.437963 0.685417 0.437037 0.679167 0.425926 0.679167 0.425000 0.672917 0.413889 0.672917 0.412963 0.666667 0.401852 0.666667 0.400926 0.660417 0.389815 0.660417 0.388889 0.657813 0.384259 0.657292 0.384259 0.656771 0.383333