0 0.269010 0.560648 0.083854 0.089815 0.229687 0.515741 0.229687 0.516667 0.229167 0.517593 0.229167 0.520370 0.228646 0.521296 0.228646 0.524074 0.228125 0.525000 0.228125 0.528704 0.227604 0.529630 0.227604 0.532407 0.227083 0.533333 0.227083 0.539815 0.238021 0.559259 0.238542 0.559259 0.245312 0.571296 0.245833 0.571296 0.252604 0.583333 0.253125 0.583333 0.259896 0.595370 0.260417 0.595370 0.265625 0.604630 0.266146 0.604630 0.266667 0.605556 0.272396 0.605556 0.272917 0.604630 0.273438 0.604630 0.310417 0.538889 0.310417 0.537963 0.310937 0.537037 0.310937 0.534259 0.310417 0.533333 0.310417 0.532407 0.309896 0.531481 0.309896 0.530556 0.306250 0.524074 0.306250 0.523148 0.304688 0.520370 0.303125 0.523148 0.302604 0.523148 0.300000 0.527778 0.299479 0.527778 0.295312 0.535185 0.294792 0.535185 0.286458 0.550000 0.285938 0.550000 0.274479 0.570370 0.273958 0.570370 0.273438 0.571296 0.271875 0.571296 0.270313 0.568519 0.270313 0.555556 0.263542 0.567593 0.263021 0.567593 0.262500 0.568519 0.261458 0.568519 0.260937 0.567593 0.260417 0.567593 0.258333 0.563889 0.257812 0.563889 0.248958 0.548148 0.248438 0.548148 0.238542 0.530556 0.238021 0.530556
0 0.261458 0.526389 0.084375 0.084259 0.301042 0.484259 0.298958 0.487963 0.298438 0.487963 0.293229 0.497222 0.292708 0.497222 0.280208 0.519444 0.279687 0.519444 0.274479 0.528704 0.273958 0.528704 0.273438 0.529630 0.272917 0.529630 0.272396 0.528704 0.271875 0.528704 0.270313 0.525926 0.270313 0.519444 0.270833 0.518519 0.265104 0.528704 0.264583 0.528704 0.259375 0.537963 0.258854 0.537963 0.258333 0.538889 0.256250 0.538889 0.255208 0.537037 0.254688 0.537037 0.248438 0.525926 0.247917 0.525926 0.237500 0.507407 0.236979 0.507407 0.227083 0.489815 0.226562 0.489815 0.224479 0.486111 0.223438 0.487963 0.222917 0.487963 0.219271 0.494444 0.219271 0.497222 0.220312 0.499074 0.220312 0.500000 0.227083 0.512037 0.227604 0.512037 0.237500 0.529630 0.238021 0.529630 0.247917 0.547222 0.248438 0.547222 0.257292 0.562963 0.257812 0.562963 0.260417 0.567593 0.261458 0.567593 0.261979 0.568519 0.262500 0.567593 0.263021 0.567593 0.263542 0.566667 0.264062 0.566667 0.271354 0.553704 0.271875 0.553704 0.293229 0.515741 0.293750 0.515741 0.302604 0.500000 0.302604 0.499074 0.303646 0.497222 0.303646 0.494444 0.303125 0.493519 0.303125 0.491667 0.302604 0.490741 0.302604 0.488889 0.302083 0.487963 0.302083 0.487037 0.301563 0.486111 0.301563 0.484259
0 0.256771 0.495370 0.085417 0.085185 0.296354 0.452778 0.289583 0.464815 0.289062 0.464815 0.276042 0.487963 0.275521 0.487963 0.273958 0.490741 0.272396 0.490741 0.271875 0.489815 0.271354 0.489815 0.270313 0.487963 0.270313 0.487037 0.269792 0.486111 0.269792 0.485185 0.268229 0.487963 0.267708 0.487963 0.266667 0.489815 0.266146 0.489815 0.265625 0.490741 0.265104 0.490741 0.264583 0.491667 0.262500 0.491667 0.254688 0.505556 0.254167 0.505556 0.253125 0.507407 0.251042 0.507407 0.249479 0.504630 0.248958 0.504630 0.242708 0.493519 0.242188 0.493519 0.232813 0.476852 0.232292 0.476852 0.222917 0.460185 0.222396 0.460185 0.220312 0.456481 0.219271 0.456481 0.218229 0.458333 0.217708 0.458333 0.217188 0.459259 0.216667 0.459259 0.216146 0.460185 0.215625 0.460185 0.214062 0.462963 0.214062 0.465741 0.214583 0.466667 0.214583 0.467593 0.226562 0.488889 0.227083 0.488889 0.236979 0.506481 0.237500 0.506481 0.247917 0.525000 0.248438 0.525000 0.254688 0.536111 0.255208 0.536111 0.256250 0.537963 0.258333 0.537963 0.258854 0.537037 0.259375 0.537037 0.264583 0.527778 0.265104 0.527778 0.286458 0.489815 0.286979 0.489815 0.298958 0.468519 0.298958 0.467593 0.299479 0.466667 0.299479 0.462037 0.298958 0.461111 0.298958 0.460185 0.298438 0.459259 0.298438 0.457407 0.297917 0.456481 0.297917 0.455556 0.297396 0.454630 0.297396 0.452778
0 0.251302 0.464815 0.084896 0.083333 0.290625 0.423148 0.284375 0.434259 0.283854 0.434259 0.274479 0.450926 0.273958 0.450926 0.273438 0.451852 0.272917 0.451852 0.272396 0.450926 0.271875 0.450926 0.269271 0.455556 0.268750 0.455556 0.265625 0.461111 0.265104 0.461111 0.263542 0.463889 0.263021 0.463889 0.262500 0.464815 0.261979 0.464815 0.261458 0.465741 0.260937 0.465741 0.260417 0.466667 0.259375 0.466667 0.258854 0.467593 0.258333 0.466667 0.256250 0.466667 0.255729 0.465741 0.255208 0.465741 0.250521 0.474074 0.250000 0.474074 0.247917 0.477778 0.247396 0.477778 0.246875 0.478704 0.245833 0.478704 0.245312 0.477778 0.244792 0.477778 0.243750 0.475926 0.243229 0.475926 0.238021 0.466667 0.237500 0.466667 0.229687 0.452778 0.229167 0.452778 0.221354 0.438889 0.220833 0.438889 0.214583 0.427778 0.214062 0.427778 0.213542 0.428704 0.212500 0.428704 0.211979 0.429630 0.210417 0.429630 0.209375 0.431481 0.209375 0.432407 0.208854 0.433333 0.208854 0.434259 0.209375 0.435185 0.209375 0.436111 0.222396 0.459259 0.222917 0.459259 0.232292 0.475926 0.232813 0.475926 0.242188 0.492593 0.242708 0.492593 0.248958 0.503704 0.249479 0.503704 0.251042 0.506481 0.253125 0.506481 0.254167 0.504630 0.254688 0.504630 0.264583 0.487037 0.265104 0.487037 0.293750 0.436111 0.293750 0.432407 0.293229 0.431481 0.293229 0.430556 0.292708 0.429630 0.292708 0.427778 0.292187 0.426852 0.292187 0.425926 0.291667 0.425000 0.291667 0.424074 0.291146 0.423148
0 0.245312 0.437963 0.085417 0.079630 0.219792 0.398148 0.219271 0.399074 0.209896 0.399074 0.209375 0.400000 0.204167 0.400000 0.203646 0.400926 0.203125 0.400926 0.202604 0.401852 0.202604 0.406481 0.211979 0.423148 0.212500 0.423148 0.220833 0.437963 0.221354 0.437963 0.229167 0.451852 0.229687 0.451852 0.237500 0.465741 0.238021 0.465741 0.243229 0.475000 0.243750 0.475000 0.244792 0.476852 0.245312 0.476852 0.245833 0.477778 0.246875 0.477778 0.247396 0.476852 0.247917 0.476852 0.250000 0.473148 0.250521 0.473148 0.288021 0.406481 0.288021 0.402778 0.287500 0.401852 0.287500 0.400926 0.285938 0.398148 0.284375 0.398148 0.275000 0.414815 0.274479 0.414815 0.265625 0.430556 0.265104 0.430556 0.261979 0.436111 0.261458 0.436111 0.259375 0.439815 0.258854 0.439815 0.257812 0.441667 0.257292 0.441667 0.256771 0.442593 0.256250 0.442593 0.255729 0.443519 0.252083 0.443519 0.251563 0.442593 0.251042 0.442593 0.250521 0.441667 0.250000 0.441667 0.249479 0.440741 0.248958 0.440741 0.247396 0.437963 0.246875 0.437963 0.244792 0.434259 0.244271 0.434259 0.240625 0.427778 0.240104 0.427778 0.234896 0.418519 0.234375 0.418519 0.226042 0.403704 0.225521 0.403704 0.223438 0.400000 0.222917 0.400000 0.222396 0.399074 0.221875 0.399074 0.221354 0.398148
0 0.352865 0.404167 0.085938 0.075000 0.316146 0.366667 0.315625 0.367593 0.315104 0.367593 0.314583 0.368519 0.314063 0.368519 0.313542 0.369444 0.313021 0.369444 0.312500 0.370370 0.311979 0.370370 0.311458 0.371296 0.310937 0.371296 0.309896 0.373148 0.309896 0.374074 0.312500 0.374074 0.313542 0.375926 0.314063 0.375926 0.345313 0.431481 0.345833 0.431481 0.348958 0.437037 0.349479 0.437037 0.350000 0.437963 0.350521 0.437963 0.351042 0.438889 0.352083 0.438889 0.352604 0.439815 0.353125 0.439815 0.353646 0.440741 0.354167 0.440741 0.354687 0.441667 0.356771 0.441667 0.357292 0.440741 0.357812 0.440741 0.361458 0.434259 0.361979 0.434259 0.395313 0.375000 0.395313 0.374074 0.395833 0.373148 0.395833 0.370370 0.395313 0.369444 0.395313 0.368519 0.394792 0.368519 0.393750 0.366667 0.393229 0.366667 0.392708 0.367593 0.389583 0.367593 0.389062 0.368519 0.385417 0.368519 0.384896 0.369444 0.381771 0.369444 0.381250 0.370370 0.378125 0.370370 0.377604 0.371296 0.374479 0.371296 0.373958 0.372222 0.371875 0.372222 0.369792 0.375926 0.369271 0.375926 0.355208 0.400926 0.354687 0.400926 0.350521 0.408333 0.350000 0.408333 0.347917 0.412037 0.347396 0.412037 0.346875 0.412963 0.346354 0.412037 0.345833 0.412037 0.341146 0.403704 0.340625 0.403704 0.322917 0.372222 0.322396 0.372222 0.319792 0.367593 0.319271 0.367593 0.318750 0.366667
0 0.429688 0.401852 0.096875 0.074074 0.400000 0.364815 0.399479 0.365741 0.396354 0.365741 0.395833 0.366667 0.394271 0.366667 0.394792 0.367593 0.395313 0.367593 0.395833 0.368519 0.395833 0.369444 0.396354 0.370370 0.396354 0.373148 0.395833 0.374074 0.395833 0.375000 0.394792 0.376852 0.397396 0.376852 0.397917 0.375926 0.398438 0.375926 0.398958 0.376852 0.399479 0.376852 0.400000 0.377778 0.400521 0.377778 0.416667 0.406481 0.416667 0.407407 0.433333 0.437037 0.434375 0.437037 0.434896 0.437963 0.437500 0.437963 0.438021 0.438889 0.440104 0.438889 0.440625 0.437963 0.441146 0.437963 0.476562 0.375000 0.476562 0.374074 0.477604 0.372222 0.477604 0.371296 0.478125 0.370370 0.478125 0.369444 0.477604 0.368519 0.477604 0.367593 0.476562 0.365741 0.469792 0.365741 0.469271 0.366667 0.463542 0.366667 0.463021 0.367593 0.456771 0.367593 0.456250 0.368519 0.450521 0.368519 0.450000 0.369444 0.444271 0.369444 0.443750 0.370370 0.438542 0.370370 0.437500 0.372222 0.436979 0.372222 0.422917 0.397222 0.422396 0.397222 0.404687 0.365741 0.404167 0.365741 0.403646 0.364815
0 0.528125 0.407870 0.085417 0.075000 0.495833 0.370370 0.495312 0.371296 0.485417 0.371296 0.500521 0.398148 0.500521 0.399074 0.512500 0.420370 0.512500 0.421296 0.520833 0.436111 0.520833 0.437037 0.521875 0.438889 0.521875 0.442593 0.523958 0.442593 0.524479 0.443519 0.528125 0.443519 0.528646 0.444444 0.532292 0.444444 0.532813 0.445370 0.533333 0.444444 0.533854 0.444444 0.535937 0.440741 0.536458 0.440741 0.539062 0.436111 0.539062 0.435185 0.558854 0.400000 0.558854 0.399074 0.569792 0.379630 0.569792 0.378704 0.570312 0.377778 0.570312 0.376852 0.570833 0.375926 0.570312 0.375000 0.570312 0.373148 0.569792 0.372222 0.569271 0.372222 0.568750 0.371296 0.559375 0.371296 0.558854 0.372222 0.545312 0.372222 0.544792 0.373148 0.530729 0.373148 0.530208 0.374074 0.516667 0.374074 0.516146 0.375000 0.512500 0.375000 0.511979 0.375926 0.511458 0.375926 0.506250 0.385185 0.504687 0.382407 0.504687 0.381481 0.500000 0.373148 0.499479 0.373148 0.498437 0.371296 0.497917 0.371296 0.497396 0.370370
0 0.614844 0.408796 0.075521 0.071296 0.577083 0.373148 0.577604 0.373148 0.580729 0.378704 0.580729 0.379630 0.588021 0.392593 0.588021 0.393519 0.594792 0.405556 0.594792 0.406481 0.601562 0.418519 0.601562 0.419444 0.608333 0.431481 0.608333 0.432407 0.610938 0.437037 0.610938 0.437963 0.611458 0.438889 0.611458 0.442593 0.610938 0.443519 0.614062 0.443519 0.614583 0.444444 0.617188 0.444444 0.617708 0.443519 0.618229 0.443519 0.625000 0.431481 0.625000 0.430556 0.637500 0.408333 0.637500 0.407407 0.649479 0.386111 0.649479 0.385185 0.652083 0.380556 0.652083 0.379630 0.652604 0.378704 0.652604 0.376852 0.652083 0.375926 0.652083 0.375000 0.651563 0.374074 0.651042 0.374074 0.650521 0.373148 0.647917 0.373148 0.647396 0.374074 0.623437 0.374074 0.622917 0.375000 0.598958 0.375000 0.598437 0.375926 0.585938 0.375926 0.584375 0.373148
0 0.350000 0.557870 0.079167 0.086111 0.310937 0.514815 0.310417 0.515741 0.310417 0.517593 0.310937 0.518519 0.310937 0.523148 0.311458 0.524074 0.311458 0.525000 0.311979 0.525926 0.311979 0.526852 0.312500 0.527778 0.312500 0.528704 0.313542 0.530556 0.313542 0.531481 0.314583 0.533333 0.314583 0.534259 0.315625 0.536111 0.315625 0.537037 0.316667 0.538889 0.316667 0.539815 0.317708 0.541667 0.317708 0.542593 0.318750 0.544444 0.318750 0.545370 0.319792 0.547222 0.319792 0.548148 0.320833 0.550000 0.320833 0.550926 0.321875 0.552778 0.321875 0.553704 0.323437 0.556481 0.323437 0.557407 0.324479 0.559259 0.324479 0.560185 0.325521 0.562037 0.325521 0.562963 0.326562 0.564815 0.326562 0.565741 0.327604 0.567593 0.327604 0.568519 0.328646 0.570370 0.328646 0.571296 0.329688 0.573148 0.329688 0.574074 0.330729 0.575926 0.330729 0.576852 0.331771 0.578704 0.331771 0.579630 0.332813 0.581481 0.332813 0.582407 0.333854 0.584259 0.333854 0.585185 0.334896 0.587037 0.334896 0.587963 0.335938 0.589815 0.335938 0.590741 0.337500 0.593519 0.337500 0.594444 0.338542 0.596296 0.338542 0.597222 0.339583 0.599074 0.339583 0.600000 0.340104 0.600926 0.347396 0.600926 0.348438 0.599074 0.348958 0.599074 0.350000 0.597222 0.350521 0.597222 0.351562 0.595370 0.352083 0.595370 0.353125 0.593519 0.353646 0.593519 0.354687 0.591667 0.355208 0.591667 0.356250 0.589815 0.356771 0.589815 0.357812 0.587963 0.358333 0.587963 0.359375 0.586111 0.359896 0.586111 0.360938 0.584259 0.361458 0.584259 0.361979 0.583333 0.362500 0.583333 0.363542 0.581481 0.364063 0.581481 0.365104 0.579630 0.365625 0.579630 0.366667 0.577778 0.367188 0.577778 0.368229 0.575926 0.368750 0.575926 0.369792 0.574074 0.370312 0.574074 0.371354 0.572222 0.371875 0.572222 0.372917 0.570370 0.373437 0.570370 0.374479 0.568519 0.375000 0.568519 0.376042 0.566667 0.376563 0.566667 0.377604 0.564815 0.378125 0.564815 0.379167 0.562963 0.379688 0.562963 0.380729 0.561111 0.381250 0.561111 0.382292 0.559259 0.382812 0.559259 0.383854 0.557407 0.384375 0.557407 0.385417 0.555556 0.385937 0.555556 0.386979 0.553704 0.387500 0.553704 0.389583 0.550000 0.389583 0.546296 0.385937 0.539815 0.385417 0.539815 0.382292 0.534259 0.381771 0.534259 0.378646 0.539815 0.378125 0.539815 0.372917 0.549074 0.372396 0.549074 0.366667 0.559259 0.366146 0.559259 0.361458 0.567593 0.360938 0.567593 0.359896 0.569444 0.358854 0.569444 0.355729 0.563889 0.355729 0.562963 0.354167 0.560185 0.354167 0.559259 0.346875 0.546296 0.347917 0.548148 0.347917 0.549074 0.348958 0.550926 0.348958 0.551852 0.350000 0.553704 0.350000 0.554630 0.351042 0.556481 0.351042 0.557407 0.352083 0.559259 0.352083 0.560185 0.353125 0.562037 0.353125 0.562963 0.353646 0.563889 0.353646 0.566667 0.352083 0.569444 0.351562 0.569444 0.351042 0.570370 0.350521 0.570370 0.350000 0.569444 0.349479 0.569444 0.348958 0.568519 0.348438 0.568519 0.343750 0.560185 0.343229 0.560185 0.336979 0.549074 0.335417 0.549074 0.334896 0.548148 0.334375 0.548148 0.332813 0.545370 0.332292 0.545370 0.331771 0.544444 0.331771 0.543519 0.328646 0.537963 0.328646 0.537037 0.327083 0.534259 0.327083 0.533333 0.325521 0.530556 0.325521 0.529630 0.324479 0.527778 0.323958 0.527778 0.321354 0.523148 0.320833 0.523148 0.318750 0.519444 0.318229 0.519444 0.317188 0.517593 0.316667 0.517593 0.316146 0.516667 0.315625 0.516667 0.315104 0.515741 0.314063 0.515741 0.313542 0.514815
0 0.429688 0.562963 0.090625 0.079630 0.389583 0.523148 0.388542 0.525000 0.388021 0.525000 0.385937 0.528704 0.385417 0.528704 0.384375 0.530556 0.384375 0.531481 0.393229 0.547222 0.393750 0.547222 0.402604 0.562963 0.403125 0.562963 0.404687 0.565741 0.405208 0.565741 0.406771 0.568519 0.407292 0.568519 0.408854 0.571296 0.409375 0.571296 0.410938 0.574074 0.411458 0.574074 0.413021 0.576852 0.413542 0.576852 0.414583 0.578704 0.415104 0.578704 0.416667 0.581481 0.417187 0.581481 0.418750 0.584259 0.419271 0.584259 0.420833 0.587037 0.421354 0.587037 0.422917 0.589815 0.423438 0.589815 0.425000 0.592593 0.425521 0.592593 0.427083 0.595370 0.427604 0.595370 0.429167 0.598148 0.429688 0.598148 0.431250 0.600926 0.431771 0.600926 0.432812 0.602778 0.437500 0.602778 0.438021 0.601852 0.440104 0.601852 0.444271 0.594444 0.444271 0.593519 0.455729 0.573148 0.455729 0.572222 0.467708 0.550926 0.467708 0.550000 0.473958 0.538889 0.473958 0.537963 0.475000 0.536111 0.475000 0.532407 0.473438 0.529630 0.472396 0.529630 0.471875 0.528704 0.471354 0.528704 0.470833 0.527778 0.469792 0.527778 0.469271 0.526852 0.468229 0.526852 0.467708 0.525926 0.467187 0.525926 0.466667 0.525000 0.466146 0.525000 0.447917 0.557407 0.447396 0.557407 0.446875 0.558333 0.445312 0.558333 0.444792 0.557407 0.444271 0.557407 0.443750 0.556481 0.443229 0.556481 0.442708 0.555556 0.442188 0.555556 0.441146 0.553704 0.439583 0.553704 0.439063 0.554630 0.438542 0.554630 0.438021 0.553704 0.437500 0.553704 0.436979 0.552778 0.436458 0.552778 0.435417 0.550926 0.434896 0.550926 0.433854 0.549074 0.433333 0.549074 0.432812 0.548148 0.432292 0.548148 0.431250 0.546296 0.430729 0.546296 0.430208 0.545370 0.429688 0.545370 0.428646 0.543519 0.428125 0.543519 0.427083 0.541667 0.426563 0.541667 0.426042 0.540741 0.425521 0.540741 0.424479 0.538889 0.423958 0.538889 0.423438 0.537963 0.422917 0.537963 0.421875 0.536111 0.421354 0.536111 0.420833 0.535185 0.420312 0.535185 0.419271 0.533333 0.420833 0.536111 0.420833 0.537037 0.427604 0.549074 0.427604 0.550000 0.432812 0.559259 0.432812 0.560185 0.434896 0.563889 0.434896 0.564815 0.435417 0.565741 0.435417 0.568519 0.433854 0.571296 0.431250 0.571296 0.430208 0.569444 0.429688 0.569444 0.428646 0.567593 0.428125 0.567593 0.427083 0.565741 0.426563 0.565741 0.425521 0.563889 0.425000 0.563889 0.423958 0.562037 0.423438 0.562037 0.422396 0.560185 0.421875 0.560185 0.420833 0.558333 0.420312 0.558333 0.419271 0.556481 0.418750 0.556481 0.417708 0.554630 0.417187 0.554630 0.416146 0.552778 0.415625 0.552778 0.414583 0.550926 0.414062 0.550926 0.413021 0.549074 0.412500 0.549074 0.411458 0.547222 0.410938 0.547222 0.410417 0.546296 0.409896 0.546296 0.409375 0.547222 0.408333 0.547222 0.404687 0.540741 0.404167 0.540741 0.400521 0.534259 0.400000 0.534259 0.399479 0.533333 0.398958 0.533333 0.397917 0.531481 0.397396 0.531481 0.396354 0.529630 0.395833 0.529630 0.395313 0.528704 0.394792 0.528704 0.393750 0.526852 0.393229 0.526852 0.392188 0.525000 0.391667 0.525000 0.391146 0.524074 0.390625 0.524074 0.390104 0.523148
0 0.515625 0.552315 0.097917 0.082407 0.475000 0.511111 0.473438 0.513889 0.472917 0.513889 0.468229 0.522222 0.467708 0.522222 0.466667 0.524074 0.467187 0.525000 0.467708 0.525000 0.468229 0.525926 0.469271 0.525926 0.469792 0.526852 0.470833 0.526852 0.471354 0.527778 0.471875 0.527778 0.472396 0.528704 0.473438 0.528704 0.475521 0.532407 0.475521 0.536111 0.474479 0.537963 0.474479 0.538889 0.473438 0.540741 0.473438 0.541667 0.479687 0.552778 0.480208 0.552778 0.480729 0.553704 0.481250 0.553704 0.481771 0.554630 0.482292 0.554630 0.482812 0.555556 0.483333 0.555556 0.483854 0.556481 0.484375 0.556481 0.484896 0.557407 0.485417 0.557407 0.485938 0.558333 0.486458 0.558333 0.486979 0.559259 0.487500 0.559259 0.488021 0.560185 0.488542 0.560185 0.489063 0.561111 0.490104 0.561111 0.490625 0.562037 0.491146 0.562037 0.491667 0.562963 0.492188 0.562963 0.492708 0.563889 0.493229 0.563889 0.493750 0.564815 0.494271 0.564815 0.494792 0.565741 0.495312 0.565741 0.495833 0.566667 0.496354 0.566667 0.496875 0.567593 0.497396 0.567593 0.497917 0.568519 0.498437 0.568519 0.498958 0.569444 0.499479 0.569444 0.500000 0.570370 0.500521 0.570370 0.501042 0.571296 0.501563 0.571296 0.502083 0.572222 0.502604 0.572222 0.503125 0.573148 0.503646 0.573148 0.504167 0.574074 0.504687 0.574074 0.505208 0.575000 0.505729 0.575000 0.506250 0.575926 0.506771 0.575926 0.507292 0.576852 0.507812 0.576852 0.508333 0.577778 0.508854 0.577778 0.509375 0.578704 0.509896 0.578704 0.510417 0.579630 0.510938 0.579630 0.511458 0.580556 0.511979 0.580556 0.512500 0.581481 0.513021 0.581481 0.513542 0.582407 0.514583 0.582407 0.515104 0.583333 0.515625 0.583333 0.516146 0.584259 0.516667 0.584259 0.517188 0.585185 0.517708 0.585185 0.518229 0.586111 0.518750 0.586111 0.519271 0.587037 0.519792 0.587037 0.520312 0.587963 0.520833 0.587963 0.521354 0.588889 0.521875 0.588889 0.522396 0.589815 0.522917 0.589815 0.523438 0.590741 0.523958 0.590741 0.524479 0.591667 0.525000 0.591667 0.525521 0.592593 0.526042 0.592593 0.526563 0.593519 0.527604 0.593519 0.528646 0.591667 0.529167 0.591667 0.539062 0.574074 0.539062 0.573148 0.557292 0.540741 0.557292 0.539815 0.563542 0.528704 0.563542 0.527778 0.564063 0.526852 0.564063 0.525926 0.564583 0.525000 0.564063 0.524074 0.564063 0.523148 0.562500 0.520370 0.560937 0.520370 0.560417 0.519444 0.539062 0.557407 0.537500 0.557407 0.536979 0.556481 0.536458 0.556481 0.535937 0.555556 0.534896 0.555556 0.534375 0.554630 0.533333 0.554630 0.532813 0.553704 0.532292 0.553704 0.530729 0.556481 0.530208 0.556481 0.529687 0.557407 0.528646 0.557407 0.528125 0.556481 0.527083 0.556481 0.526563 0.555556 0.526042 0.555556 0.525521 0.554630 0.524479 0.554630 0.523958 0.553704 0.523438 0.553704 0.522917 0.552778 0.521875 0.552778 0.521354 0.551852 0.520833 0.551852 0.520312 0.550926 0.519792 0.550926 0.519792 0.553704 0.518229 0.556481 0.517708 0.556481 0.517188 0.557407 0.516667 0.556481 0.515625 0.556481 0.515104 0.555556 0.514062 0.555556 0.513542 0.554630 0.513021 0.554630 0.512500 0.553704 0.511458 0.553704 0.494271 0.523148 0.493750 0.523148 0.493229 0.522222 0.492188 0.522222 0.491667 0.521296 0.491146 0.521296 0.490625 0.520370 0.489583 0.520370 0.489063 0.519444 0.488021 0.519444 0.487500 0.518519 0.486979 0.518519 0.486458 0.517593 0.485417 0.517593 0.484896 0.516667 0.483854 0.516667 0.483333 0.515741 0.482812 0.515741 0.482292 0.514815 0.481250 0.514815 0.480729 0.513889 0.479687 0.513889 0.479167 0.512963 0.478646 0.512963 0.478125 0.512037 0.477083 0.512037 0.476562 0.511111
0 0.601042 0.550926 0.096875 0.075926 0.564583 0.512963 0.564063 0.513889 0.563542 0.513889 0.560937 0.518519 0.560937 0.519444 0.562500 0.519444 0.564583 0.523148 0.564583 0.524074 0.565104 0.525000 0.564583 0.525926 0.564583 0.526852 0.564063 0.527778 0.564063 0.528704 0.557813 0.539815 0.557813 0.540741 0.552604 0.550000 0.553125 0.550926 0.554167 0.550926 0.554688 0.551852 0.555729 0.551852 0.556250 0.552778 0.557292 0.552778 0.557813 0.553704 0.558333 0.553704 0.558854 0.554630 0.559896 0.554630 0.560417 0.555556 0.561458 0.555556 0.561979 0.556481 0.563021 0.556481 0.563542 0.557407 0.564583 0.557407 0.565104 0.558333 0.565625 0.558333 0.566146 0.559259 0.567187 0.559259 0.567708 0.560185 0.568750 0.560185 0.569271 0.561111 0.570312 0.561111 0.570833 0.562037 0.571875 0.562037 0.572396 0.562963 0.572917 0.562963 0.573438 0.563889 0.574479 0.563889 0.575000 0.564815 0.576042 0.564815 0.576562 0.565741 0.577604 0.565741 0.578125 0.566667 0.578646 0.566667 0.579167 0.567593 0.580208 0.567593 0.580729 0.568519 0.581771 0.568519 0.582292 0.569444 0.583333 0.569444 0.583854 0.570370 0.584896 0.570370 0.585417 0.571296 0.585938 0.571296 0.586458 0.572222 0.587500 0.572222 0.588021 0.573148 0.589063 0.573148 0.589583 0.574074 0.590625 0.574074 0.591146 0.575000 0.592187 0.575000 0.592708 0.575926 0.593229 0.575926 0.593750 0.576852 0.594792 0.576852 0.595313 0.577778 0.596354 0.577778 0.596875 0.578704 0.597917 0.578704 0.598437 0.579630 0.599479 0.579630 0.600000 0.580556 0.600521 0.580556 0.601042 0.581481 0.602083 0.581481 0.602604 0.582407 0.603646 0.582407 0.604167 0.583333 0.605208 0.583333 0.605729 0.584259 0.606250 0.584259 0.606771 0.585185 0.607812 0.585185 0.608333 0.586111 0.609375 0.586111 0.609896 0.587037 0.610938 0.587037 0.611458 0.587963 0.612500 0.587963 0.613021 0.588889 0.615104 0.588889 0.623437 0.574074 0.623437 0.573148 0.633333 0.555556 0.633333 0.554630 0.643229 0.537037 0.643229 0.536111 0.648438 0.526852 0.648438 0.525926 0.649479 0.524074 0.649479 0.520370 0.648438 0.518519 0.647396 0.518519 0.646875 0.517593 0.645833 0.517593 0.645312 0.518519 0.644792 0.518519 0.625000 0.553704 0.625000 0.554630 0.620833 0.562037 0.620313 0.562037 0.619271 0.563889 0.618750 0.563889 0.618229 0.562963 0.617188 0.562963 0.616667 0.562037 0.615625 0.562037 0.615104 0.561111 0.614062 0.561111 0.613542 0.560185 0.611979 0.560185 0.611458 0.559259 0.610417 0.559259 0.609896 0.558333 0.608854 0.558333 0.608333 0.557407 0.606771 0.557407 0.606250 0.556481 0.605208 0.556481 0.604688 0.555556 0.603646 0.555556 0.603125 0.554630 0.602083 0.554630 0.601562 0.553704 0.601042 0.553704 0.582812 0.521296 0.582292 0.521296 0.581771 0.520370 0.580729 0.520370 0.580208 0.519444 0.579167 0.519444 0.578646 0.518519 0.577083 0.518519 0.576562 0.517593 0.575000 0.517593 0.574479 0.516667 0.572917 0.516667 0.572396 0.515741 0.570833 0.515741 0.570312 0.514815 0.569271 0.514815 0.568750 0.513889 0.567187 0.513889 0.566667 0.512963
0 0.676562 0.549537 0.087500 0.069444 0.647396 0.514815 0.646354 0.516667 0.646875 0.516667 0.647396 0.517593 0.648438 0.517593 0.650000 0.520370 0.650000 0.524074 0.648958 0.525926 0.648958 0.526852 0.643750 0.536111 0.643750 0.537037 0.633854 0.554630 0.633854 0.555556 0.632812 0.557407 0.633333 0.557407 0.633854 0.558333 0.634896 0.558333 0.635417 0.559259 0.636979 0.559259 0.637500 0.560185 0.638542 0.560185 0.639062 0.561111 0.640625 0.561111 0.641146 0.562037 0.642188 0.562037 0.642708 0.562963 0.644271 0.562963 0.644792 0.563889 0.645833 0.563889 0.646354 0.564815 0.647917 0.564815 0.648438 0.565741 0.649479 0.565741 0.650000 0.566667 0.651563 0.566667 0.652083 0.567593 0.653125 0.567593 0.653646 0.568519 0.655208 0.568519 0.655729 0.569444 0.656771 0.569444 0.657292 0.570370 0.658854 0.570370 0.659375 0.571296 0.660417 0.571296 0.660937 0.572222 0.662500 0.572222 0.663021 0.573148 0.664062 0.573148 0.664583 0.574074 0.666146 0.574074 0.666667 0.575000 0.667708 0.575000 0.668229 0.575926 0.669792 0.575926 0.670312 0.576852 0.671354 0.576852 0.671875 0.577778 0.673438 0.577778 0.673958 0.578704 0.675000 0.578704 0.675521 0.579630 0.677083 0.579630 0.677604 0.580556 0.678646 0.580556 0.679167 0.581481 0.680729 0.581481 0.681250 0.582407 0.682813 0.582407 0.683333 0.583333 0.684375 0.583333 0.684896 0.584259 0.686458 0.584259 0.686979 0.583333 0.687500 0.583333 0.692187 0.575000 0.692187 0.574074 0.700000 0.560185 0.700000 0.559259 0.707812 0.545370 0.707812 0.544444 0.715104 0.531481 0.715104 0.530556 0.719271 0.523148 0.719271 0.522222 0.720313 0.520370 0.720313 0.517593 0.719271 0.515741 0.718229 0.517593 0.718229 0.518519 0.710417 0.532407 0.710417 0.533333 0.703125 0.546296 0.703125 0.547222 0.696354 0.559259 0.695833 0.559259 0.695312 0.560185 0.693229 0.560185 0.692708 0.559259 0.691146 0.559259 0.690625 0.558333 0.689063 0.558333 0.688542 0.557407 0.686979 0.557407 0.686458 0.556481 0.686458 0.557407 0.685937 0.558333 0.685937 0.559259 0.685417 0.560185 0.684896 0.560185 0.684375 0.561111 0.683854 0.561111 0.683333 0.560185 0.681771 0.560185 0.681250 0.559259 0.679688 0.559259 0.679167 0.558333 0.678646 0.558333 0.678125 0.557407 0.677604 0.557407 0.669271 0.542593 0.669271 0.541667 0.661458 0.527778 0.661458 0.526852 0.656771 0.518519 0.656250 0.518519 0.655729 0.517593 0.655208 0.517593 0.654687 0.516667 0.653125 0.516667 0.652604 0.515741 0.650521 0.515741 0.650000 0.514815
0 0.311719 0.522685 0.082812 0.097222 0.309375 0.474074 0.308854 0.475000 0.307812 0.475000 0.306771 0.476852 0.306250 0.476852 0.305208 0.478704 0.304688 0.478704 0.302604 0.482407 0.302083 0.482407 0.301563 0.483333 0.302083 0.484259 0.302083 0.486111 0.302604 0.487037 0.302604 0.487963 0.303125 0.488889 0.303125 0.490741 0.303646 0.491667 0.303646 0.493519 0.304167 0.494444 0.304167 0.497222 0.303125 0.499074 0.303125 0.500000 0.293750 0.516667 0.293229 0.516667 0.271875 0.554630 0.271354 0.554630 0.270833 0.555556 0.270833 0.561111 0.270313 0.562037 0.270313 0.568519 0.271875 0.571296 0.273438 0.571296 0.274479 0.569444 0.275000 0.569444 0.286458 0.549074 0.286979 0.549074 0.295312 0.534259 0.295833 0.534259 0.300000 0.526852 0.300521 0.526852 0.303125 0.522222 0.303646 0.522222 0.305729 0.518519 0.306250 0.518519 0.307292 0.516667 0.307812 0.516667 0.308333 0.515741 0.308854 0.515741 0.309375 0.514815 0.310417 0.514815 0.310937 0.513889 0.313542 0.513889 0.314063 0.514815 0.315104 0.514815 0.315625 0.515741 0.316146 0.515741 0.316667 0.516667 0.317188 0.516667 0.318229 0.518519 0.318750 0.518519 0.320833 0.522222 0.321354 0.522222 0.323958 0.526852 0.324479 0.526852 0.329167 0.535185 0.329688 0.535185 0.343229 0.559259 0.343750 0.559259 0.348438 0.567593 0.348958 0.567593 0.349479 0.568519 0.350000 0.568519 0.350521 0.569444 0.351042 0.569444 0.351562 0.568519 0.352083 0.568519 0.353125 0.566667 0.353125 0.563889 0.352604 0.562963 0.352604 0.562037 0.351562 0.560185 0.351562 0.559259 0.350521 0.557407 0.350521 0.556481 0.349479 0.554630 0.349479 0.553704 0.348438 0.551852 0.348438 0.550926 0.347396 0.549074 0.347396 0.548148 0.346354 0.546296 0.346354 0.545370 0.328646 0.513889 0.328125 0.513889 0.316667 0.493519 0.316667 0.492593 0.315104 0.489815 0.315104 0.488889 0.314583 0.487963 0.314583 0.487037 0.314063 0.486111 0.314063 0.485185 0.313542 0.484259 0.313542 0.482407 0.313021 0.481481 0.313021 0.480556
0 0.394271 0.531944 0.081250 0.076852 0.395833 0.493519 0.360417 0.556481 0.359896 0.556481 0.357812 0.560185 0.355208 0.560185 0.353646 0.557407 0.354687 0.559259 0.354687 0.560185 0.356250 0.562963 0.356250 0.563889 0.358854 0.568519 0.359896 0.568519 0.360938 0.566667 0.361458 0.566667 0.366146 0.558333 0.366667 0.558333 0.372396 0.548148 0.372917 0.548148 0.378125 0.538889 0.378646 0.538889 0.382292 0.532407 0.382812 0.532407 0.385417 0.527778 0.385937 0.527778 0.388021 0.524074 0.388542 0.524074 0.390104 0.521296 0.390625 0.521296 0.391667 0.519444 0.392188 0.519444 0.392708 0.518519 0.393229 0.518519 0.395313 0.522222 0.395313 0.523148 0.403125 0.537037 0.403646 0.537037 0.404687 0.538889 0.405208 0.538889 0.406250 0.540741 0.406771 0.540741 0.407813 0.542593 0.408333 0.542593 0.409375 0.544444 0.409896 0.544444 0.410938 0.546296 0.411458 0.546296 0.412500 0.548148 0.413021 0.548148 0.414062 0.550000 0.414583 0.550000 0.415625 0.551852 0.416146 0.551852 0.417187 0.553704 0.417708 0.553704 0.418750 0.555556 0.419271 0.555556 0.420312 0.557407 0.420833 0.557407 0.421875 0.559259 0.422396 0.559259 0.423438 0.561111 0.423958 0.561111 0.425000 0.562963 0.425521 0.562963 0.426563 0.564815 0.427083 0.564815 0.428125 0.566667 0.428646 0.566667 0.429688 0.568519 0.430208 0.568519 0.431250 0.570370 0.433854 0.570370 0.434896 0.568519 0.434896 0.565741 0.434375 0.564815 0.434375 0.563889 0.432292 0.560185 0.432292 0.559259 0.427083 0.550000 0.427083 0.549074 0.420312 0.537037 0.420312 0.536111 0.414062 0.525000 0.414062 0.524074 0.407813 0.512963 0.407813 0.512037 0.398958 0.496296 0.398438 0.496296 0.397917 0.495370 0.397396 0.495370 0.396875 0.494444 0.396354 0.494444
0 0.479948 0.519907 0.078646 0.075000 0.477604 0.482407 0.478125 0.483333 0.478125 0.484259 0.477604 0.485185 0.477604 0.486111 0.476562 0.487963 0.476562 0.488889 0.440625 0.552778 0.441146 0.552778 0.442188 0.554630 0.442708 0.554630 0.443229 0.555556 0.443750 0.555556 0.444271 0.556481 0.444792 0.556481 0.445312 0.557407 0.446875 0.557407 0.447396 0.556481 0.447917 0.556481 0.467708 0.521296 0.468229 0.521296 0.472917 0.512963 0.473438 0.512963 0.475000 0.510185 0.476562 0.510185 0.477083 0.511111 0.478125 0.511111 0.478646 0.512037 0.479167 0.512037 0.479687 0.512963 0.480729 0.512963 0.481250 0.513889 0.482292 0.513889 0.482812 0.514815 0.483333 0.514815 0.483854 0.515741 0.484896 0.515741 0.485417 0.516667 0.486458 0.516667 0.486979 0.517593 0.487500 0.517593 0.488021 0.518519 0.489063 0.518519 0.489583 0.519444 0.490625 0.519444 0.491146 0.520370 0.491667 0.520370 0.492188 0.521296 0.493229 0.521296 0.493750 0.522222 0.494271 0.522222 0.511458 0.552778 0.512500 0.552778 0.513021 0.553704 0.513542 0.553704 0.514062 0.554630 0.515104 0.554630 0.515625 0.555556 0.516667 0.555556 0.517188 0.556481 0.517708 0.555556 0.518229 0.555556 0.519271 0.553704 0.519271 0.550926 0.518229 0.549074 0.518229 0.548148 0.512500 0.537963 0.512500 0.537037 0.498437 0.512037 0.498437 0.511111 0.483854 0.485185 0.483333 0.485185 0.482812 0.484259 0.481771 0.484259 0.481250 0.483333 0.479687 0.483333 0.479167 0.482407
0 0.570833 0.517593 0.076042 0.077778 0.558333 0.478704 0.557813 0.479630 0.558333 0.480556 0.560937 0.480556 0.561458 0.481481 0.563542 0.481481 0.564063 0.482407 0.565104 0.482407 0.567187 0.486111 0.567187 0.488889 0.566146 0.490741 0.566146 0.491667 0.557813 0.506481 0.557813 0.507407 0.542188 0.535185 0.542188 0.536111 0.532813 0.552778 0.533333 0.553704 0.534375 0.553704 0.534896 0.554630 0.535937 0.554630 0.536458 0.555556 0.536979 0.555556 0.537500 0.556481 0.539062 0.556481 0.563542 0.512963 0.564063 0.512963 0.564583 0.512037 0.566667 0.512037 0.567187 0.512963 0.568750 0.512963 0.569271 0.513889 0.570312 0.513889 0.570833 0.514815 0.572396 0.514815 0.572917 0.515741 0.574479 0.515741 0.575000 0.516667 0.576562 0.516667 0.577083 0.517593 0.578646 0.517593 0.579167 0.518519 0.580208 0.518519 0.580729 0.519444 0.581771 0.519444 0.582292 0.520370 0.582812 0.520370 0.600000 0.550926 0.601562 0.550926 0.602083 0.551852 0.603125 0.551852 0.603646 0.552778 0.604688 0.552778 0.605208 0.553704 0.607292 0.553704 0.607812 0.552778 0.608333 0.552778 0.608333 0.551852 0.608854 0.550926 0.608854 0.550000 0.608333 0.549074 0.608333 0.548148 0.607812 0.547222 0.607812 0.546296 0.604167 0.539815 0.604167 0.538889 0.594792 0.522222 0.594792 0.521296 0.584896 0.503704 0.584896 0.502778 0.574479 0.484259 0.573958 0.484259 0.573438 0.483333 0.571354 0.483333 0.570833 0.482407 0.568750 0.482407 0.568229 0.481481 0.565625 0.481481 0.565104 0.480556 0.563021 0.480556 0.562500 0.479630 0.560417 0.479630 0.559896 0.478704
0 0.643229 0.528704 0.085417 0.068519 0.655208 0.494444 0.654687 0.495370 0.654687 0.496296 0.645312 0.512963 0.645312 0.513889 0.635417 0.531481 0.635417 0.532407 0.621875 0.556481 0.619271 0.556481 0.618750 0.555556 0.617708 0.555556 0.617188 0.554630 0.615625 0.554630 0.615104 0.553704 0.614062 0.553704 0.613542 0.552778 0.611979 0.552778 0.611458 0.551852 0.610417 0.551852 0.609896 0.550926 0.609375 0.550926 0.608854 0.551852 0.608854 0.552778 0.608333 0.553704 0.607812 0.553704 0.607292 0.554630 0.605208 0.554630 0.604688 0.553704 0.603646 0.553704 0.603125 0.552778 0.602083 0.552778 0.601562 0.551852 0.600521 0.551852 0.601042 0.552778 0.601562 0.552778 0.602083 0.553704 0.603125 0.553704 0.603646 0.554630 0.604688 0.554630 0.605208 0.555556 0.606250 0.555556 0.606771 0.556481 0.608333 0.556481 0.608854 0.557407 0.609896 0.557407 0.610417 0.558333 0.611458 0.558333 0.611979 0.559259 0.613542 0.559259 0.614062 0.560185 0.615104 0.560185 0.615625 0.561111 0.616667 0.561111 0.617188 0.562037 0.618229 0.562037 0.618750 0.562963 0.619271 0.562963 0.620313 0.561111 0.620833 0.561111 0.624479 0.554630 0.624479 0.553704 0.644792 0.517593 0.645312 0.517593 0.647396 0.513889 0.650000 0.513889 0.650521 0.514815 0.652604 0.514815 0.653125 0.515741 0.654687 0.515741 0.655208 0.516667 0.655729 0.516667 0.656250 0.517593 0.656771 0.517593 0.661979 0.526852 0.661979 0.527778 0.669792 0.541667 0.669792 0.542593 0.677604 0.556481 0.678125 0.556481 0.678646 0.557407 0.679167 0.557407 0.679688 0.558333 0.681250 0.558333 0.681771 0.559259 0.683333 0.559259 0.683854 0.560185 0.684375 0.560185 0.684896 0.559259 0.685417 0.559259 0.685417 0.558333 0.685937 0.557407 0.685937 0.554630 0.684896 0.552778 0.684896 0.551852 0.681771 0.546296 0.681771 0.545370 0.675521 0.534259 0.675521 0.533333 0.669271 0.522222 0.669271 0.521296 0.663021 0.510185 0.663021 0.509259 0.656771 0.498148 0.656771 0.497222
0 0.354167 0.516204 0.085417 0.086111 0.311458 0.473148 0.311458 0.474074 0.311979 0.475000 0.311979 0.475926 0.312500 0.476852 0.312500 0.477778 0.313021 0.478704 0.313021 0.479630 0.313542 0.480556 0.313542 0.481481 0.314063 0.482407 0.314063 0.484259 0.314583 0.485185 0.314583 0.486111 0.315104 0.487037 0.315104 0.487963 0.315625 0.488889 0.315625 0.489815 0.317188 0.492593 0.317188 0.493519 0.328125 0.512963 0.328646 0.512963 0.353125 0.556481 0.353646 0.556481 0.355208 0.559259 0.357812 0.559259 0.359896 0.555556 0.360417 0.555556 0.396875 0.490741 0.396875 0.486111 0.395833 0.484259 0.395313 0.484259 0.394792 0.483333 0.394271 0.483333 0.393750 0.482407 0.393229 0.482407 0.392708 0.481481 0.392188 0.481481 0.391667 0.482407 0.391146 0.482407 0.388542 0.487037 0.388021 0.487037 0.383333 0.495370 0.382812 0.495370 0.367188 0.523148 0.366667 0.523148 0.362500 0.530556 0.360938 0.530556 0.354167 0.518519 0.353646 0.518519 0.347396 0.507407 0.346875 0.507407 0.346354 0.508333 0.345833 0.508333 0.349479 0.514815 0.349479 0.515741 0.352083 0.520370 0.352083 0.521296 0.352604 0.522222 0.352604 0.524074 0.350521 0.527778 0.348958 0.527778 0.348438 0.526852 0.347917 0.526852 0.346875 0.525000 0.346354 0.525000 0.332813 0.500926 0.332292 0.500926 0.325000 0.487963 0.324479 0.487963 0.321354 0.482407 0.320833 0.482407 0.318750 0.478704 0.318229 0.478704 0.317188 0.476852 0.316667 0.476852 0.315625 0.475000 0.315104 0.475000 0.314583 0.474074 0.313542 0.474074 0.313021 0.473148
0 0.435156 0.514815 0.084896 0.077778 0.396875 0.475926 0.396354 0.476852 0.395833 0.476852 0.395313 0.477778 0.394792 0.477778 0.393750 0.479630 0.393229 0.479630 0.392708 0.480556 0.393229 0.481481 0.393750 0.481481 0.394271 0.482407 0.394792 0.482407 0.395313 0.483333 0.395833 0.483333 0.397396 0.486111 0.397396 0.490741 0.396354 0.492593 0.396354 0.493519 0.396875 0.493519 0.397396 0.494444 0.397917 0.494444 0.398438 0.495370 0.398958 0.495370 0.408333 0.512037 0.408333 0.512963 0.414583 0.524074 0.414583 0.525000 0.418750 0.532407 0.419271 0.532407 0.420312 0.534259 0.420833 0.534259 0.421354 0.535185 0.421875 0.535185 0.422917 0.537037 0.423438 0.537037 0.423958 0.537963 0.424479 0.537963 0.425521 0.539815 0.426042 0.539815 0.426563 0.540741 0.427083 0.540741 0.428125 0.542593 0.428646 0.542593 0.429688 0.544444 0.430208 0.544444 0.430729 0.545370 0.431250 0.545370 0.432292 0.547222 0.432812 0.547222 0.433333 0.548148 0.433854 0.548148 0.434896 0.550000 0.435417 0.550000 0.436458 0.551852 0.436979 0.551852 0.437500 0.552778 0.438021 0.552778 0.438542 0.553704 0.439063 0.553704 0.439583 0.552778 0.440104 0.552778 0.476042 0.488889 0.476042 0.487963 0.477083 0.486111 0.477083 0.485185 0.477604 0.484259 0.477604 0.483333 0.477083 0.482407 0.477083 0.481481 0.476042 0.479630 0.475521 0.479630 0.475000 0.480556 0.474479 0.480556 0.466146 0.495370 0.465625 0.495370 0.450000 0.523148 0.447917 0.523148 0.447396 0.522222 0.446875 0.522222 0.446354 0.521296 0.445833 0.521296 0.445312 0.520370 0.444792 0.520370 0.444271 0.519444 0.443750 0.519444 0.443229 0.518519 0.442188 0.518519 0.441667 0.517593 0.441146 0.517593 0.440625 0.516667 0.440104 0.516667 0.439583 0.515741 0.437500 0.515741 0.436979 0.514815 0.436458 0.514815 0.435937 0.513889 0.435417 0.513889 0.434896 0.512963 0.434375 0.512963 0.433854 0.512037 0.433333 0.512037 0.435417 0.515741 0.435417 0.516667 0.438021 0.521296 0.438021 0.522222 0.438542 0.523148 0.438542 0.525926 0.438021 0.526852 0.438021 0.527778 0.437500 0.528704 0.436979 0.528704 0.436458 0.529630 0.435937 0.529630 0.435417 0.528704 0.434375 0.528704 0.433854 0.527778 0.433333 0.527778 0.432812 0.526852 0.432292 0.526852 0.431771 0.525926 0.431250 0.525926 0.430208 0.524074 0.429688 0.524074 0.429167 0.523148 0.428646 0.523148 0.426042 0.518519 0.425521 0.518519 0.405729 0.483333 0.405208 0.483333 0.403646 0.480556 0.403125 0.480556 0.402604 0.479630 0.401562 0.479630 0.401042 0.478704 0.400521 0.478704 0.400000 0.477778 0.399479 0.477778 0.398958 0.476852 0.397917 0.476852 0.397396 0.475926
0 0.521354 0.516667 0.090625 0.079630 0.477083 0.476852 0.476042 0.478704 0.477604 0.481481 0.479167 0.481481 0.479687 0.482407 0.481250 0.482407 0.481771 0.483333 0.482812 0.483333 0.483333 0.484259 0.483854 0.484259 0.498958 0.511111 0.498958 0.512037 0.513021 0.537037 0.513021 0.537963 0.518750 0.548148 0.518750 0.549074 0.519271 0.550000 0.520312 0.550000 0.520833 0.550926 0.521354 0.550926 0.521875 0.551852 0.522917 0.551852 0.523438 0.552778 0.523958 0.552778 0.524479 0.553704 0.525521 0.553704 0.526042 0.554630 0.526563 0.554630 0.527083 0.555556 0.528125 0.555556 0.528646 0.556481 0.529687 0.556481 0.530208 0.555556 0.530729 0.555556 0.541667 0.536111 0.541667 0.535185 0.557292 0.507407 0.557292 0.506481 0.565625 0.491667 0.565625 0.490741 0.566667 0.488889 0.566667 0.486111 0.565104 0.483333 0.564063 0.483333 0.563542 0.482407 0.561458 0.482407 0.560937 0.481481 0.558333 0.481481 0.557813 0.480556 0.557292 0.480556 0.536458 0.517593 0.535937 0.517593 0.535417 0.518519 0.534896 0.517593 0.533854 0.517593 0.533333 0.516667 0.531771 0.516667 0.531250 0.515741 0.529687 0.518519 0.529167 0.518519 0.528646 0.519444 0.528125 0.519444 0.527604 0.518519 0.526563 0.518519 0.526042 0.517593 0.524479 0.517593 0.523958 0.516667 0.523958 0.518519 0.521875 0.522222 0.520833 0.522222 0.520312 0.521296 0.519271 0.521296 0.518750 0.520370 0.517188 0.520370 0.516667 0.519444 0.515625 0.519444 0.515104 0.518519 0.514583 0.518519 0.495833 0.485185 0.495312 0.485185 0.494792 0.484259 0.493229 0.484259 0.492708 0.483333 0.491146 0.483333 0.490625 0.482407 0.489063 0.482407 0.488542 0.481481 0.486979 0.481481 0.486458 0.480556 0.484896 0.480556 0.484375 0.479630 0.482812 0.479630 0.482292 0.478704 0.480729 0.478704 0.480208 0.477778 0.479167 0.477778 0.478646 0.476852
0 0.608073 0.515741 0.098437 0.079630 0.560417 0.475926 0.559896 0.476852 0.559375 0.476852 0.558854 0.477778 0.559896 0.477778 0.560417 0.478704 0.562500 0.478704 0.563021 0.479630 0.565104 0.479630 0.565625 0.480556 0.568229 0.480556 0.568750 0.481481 0.570833 0.481481 0.571354 0.482407 0.573438 0.482407 0.573958 0.483333 0.574479 0.483333 0.585417 0.502778 0.585417 0.503704 0.595313 0.521296 0.595313 0.522222 0.604688 0.538889 0.604688 0.539815 0.608333 0.546296 0.608333 0.547222 0.608854 0.548148 0.608854 0.549074 0.609375 0.550000 0.609896 0.550000 0.610417 0.550926 0.611458 0.550926 0.611979 0.551852 0.613542 0.551852 0.614062 0.552778 0.615104 0.552778 0.615625 0.553704 0.617188 0.553704 0.617708 0.554630 0.618750 0.554630 0.619271 0.555556 0.621875 0.555556 0.634896 0.532407 0.634896 0.531481 0.644792 0.513889 0.644792 0.512963 0.654167 0.496296 0.654167 0.495370 0.656771 0.490741 0.656771 0.489815 0.657292 0.488889 0.657292 0.487037 0.656771 0.486111 0.656771 0.485185 0.655729 0.483333 0.653125 0.483333 0.652604 0.482407 0.652083 0.482407 0.650000 0.486111 0.649479 0.486111 0.634375 0.512963 0.634375 0.513889 0.626042 0.528704 0.625521 0.528704 0.625000 0.529630 0.624479 0.529630 0.623958 0.528704 0.622396 0.528704 0.621875 0.527778 0.619792 0.527778 0.619271 0.526852 0.617708 0.526852 0.617188 0.525926 0.615625 0.525926 0.615104 0.525000 0.613542 0.525000 0.613021 0.524074 0.611458 0.524074 0.610938 0.523148 0.609375 0.523148 0.602604 0.511111 0.602604 0.510185 0.591667 0.490741 0.591667 0.489815 0.591146 0.489815 0.588542 0.485185 0.586979 0.485185 0.586458 0.484259 0.584375 0.484259 0.583854 0.483333 0.581250 0.483333 0.580729 0.482407 0.578646 0.482407 0.578125 0.481481 0.576042 0.481481 0.575521 0.480556 0.572917 0.480556 0.572396 0.479630 0.570312 0.479630 0.569792 0.478704 0.567187 0.478704 0.566667 0.477778 0.564583 0.477778 0.564063 0.476852 0.561979 0.476852 0.561458 0.475926
0 0.692448 0.523148 0.073438 0.072222 0.718750 0.487037 0.716667 0.490741 0.716667 0.491667 0.708854 0.505556 0.708854 0.506481 0.700521 0.521296 0.700521 0.522222 0.695833 0.530556 0.695312 0.530556 0.694792 0.531481 0.693750 0.531481 0.693229 0.530556 0.691146 0.530556 0.690625 0.529630 0.688542 0.529630 0.688021 0.528704 0.685937 0.528704 0.685417 0.527778 0.684375 0.527778 0.672917 0.507407 0.672917 0.506481 0.664583 0.491667 0.664062 0.491667 0.663542 0.490741 0.660937 0.490741 0.660417 0.489815 0.657292 0.489815 0.657292 0.490741 0.655729 0.493519 0.655729 0.494444 0.657292 0.497222 0.657292 0.498148 0.663542 0.509259 0.663542 0.510185 0.669792 0.521296 0.669792 0.522222 0.676042 0.533333 0.676042 0.534259 0.682292 0.545370 0.682292 0.546296 0.685417 0.551852 0.685417 0.552778 0.686458 0.554630 0.686458 0.555556 0.686979 0.556481 0.688542 0.556481 0.689063 0.557407 0.690625 0.557407 0.691146 0.558333 0.692708 0.558333 0.693229 0.559259 0.695312 0.559259 0.695833 0.558333 0.696354 0.558333 0.702604 0.547222 0.702604 0.546296 0.709896 0.533333 0.709896 0.532407 0.717708 0.518519 0.717708 0.517593 0.725521 0.503704 0.725521 0.502778 0.728646 0.497222 0.728646 0.496296 0.729167 0.495370 0.729167 0.491667 0.728125 0.489815 0.727083 0.489815 0.726562 0.488889 0.722917 0.488889 0.722396 0.487963 0.719271 0.487963
0 0.311458 0.484259 0.081250 0.088889 0.305729 0.439815 0.304167 0.442593 0.303646 0.442593 0.297917 0.452778 0.297917 0.454630 0.298438 0.455556 0.298438 0.456481 0.298958 0.457407 0.298958 0.459259 0.299479 0.460185 0.299479 0.461111 0.300000 0.462037 0.300000 0.466667 0.299479 0.467593 0.299479 0.468519 0.286979 0.490741 0.286458 0.490741 0.271354 0.517593 0.271354 0.518519 0.270833 0.519444 0.270833 0.525926 0.271875 0.527778 0.272396 0.527778 0.272917 0.528704 0.273438 0.528704 0.273958 0.527778 0.274479 0.527778 0.279687 0.518519 0.280208 0.518519 0.292708 0.496296 0.293229 0.496296 0.298438 0.487037 0.298958 0.487037 0.302083 0.481481 0.302604 0.481481 0.304688 0.477778 0.305208 0.477778 0.306250 0.475926 0.306771 0.475926 0.307812 0.474074 0.308854 0.474074 0.309375 0.473148 0.310417 0.473148 0.310937 0.472222 0.313021 0.472222 0.313542 0.473148 0.314583 0.473148 0.315104 0.474074 0.315625 0.474074 0.316667 0.475926 0.317188 0.475926 0.318229 0.477778 0.318750 0.477778 0.320833 0.481481 0.321354 0.481481 0.324479 0.487037 0.325000 0.487037 0.332292 0.500000 0.332813 0.500000 0.346354 0.524074 0.346875 0.524074 0.347917 0.525926 0.348438 0.525926 0.348958 0.526852 0.350521 0.526852 0.352083 0.524074 0.352083 0.522222 0.351562 0.521296 0.351562 0.520370 0.348958 0.515741 0.348958 0.514815 0.345313 0.508333 0.345313 0.507407 0.341667 0.500926 0.341667 0.500000 0.337500 0.492593 0.337500 0.491667 0.327604 0.474074 0.327083 0.474074 0.308333 0.440741 0.307812 0.440741 0.307292 0.439815
0 0.396615 0.490741 0.082812 0.077778 0.395313 0.451852 0.395313 0.452778 0.377083 0.485185 0.376563 0.485185 0.357812 0.518519 0.357292 0.518519 0.356771 0.519444 0.356250 0.519444 0.355729 0.520370 0.355208 0.519444 0.360938 0.529630 0.362500 0.529630 0.366667 0.522222 0.367188 0.522222 0.382812 0.494444 0.383333 0.494444 0.388021 0.486111 0.388542 0.486111 0.391146 0.481481 0.391667 0.481481 0.393229 0.478704 0.393750 0.478704 0.394792 0.476852 0.395313 0.476852 0.395833 0.475926 0.396354 0.475926 0.396875 0.475000 0.397396 0.475000 0.397917 0.475926 0.398958 0.475926 0.399479 0.476852 0.400000 0.476852 0.400521 0.477778 0.401042 0.477778 0.401562 0.478704 0.402604 0.478704 0.403125 0.479630 0.403646 0.479630 0.405208 0.482407 0.405729 0.482407 0.425521 0.517593 0.426042 0.517593 0.428646 0.522222 0.429167 0.522222 0.429688 0.523148 0.430208 0.523148 0.431250 0.525000 0.431771 0.525000 0.432292 0.525926 0.432812 0.525926 0.433333 0.526852 0.433854 0.526852 0.434375 0.527778 0.435417 0.527778 0.435937 0.528704 0.436458 0.528704 0.436979 0.527778 0.437500 0.527778 0.437500 0.526852 0.438021 0.525926 0.438021 0.523148 0.437500 0.522222 0.437500 0.521296 0.434896 0.516667 0.434896 0.515741 0.400521 0.454630 0.399479 0.454630 0.398958 0.453704 0.397917 0.453704 0.397396 0.452778 0.396354 0.452778 0.395833 0.451852
0 0.481510 0.483796 0.083854 0.076852 0.477604 0.445370 0.477604 0.447222 0.476562 0.449074 0.476562 0.450000 0.440104 0.514815 0.439583 0.514815 0.440104 0.515741 0.440625 0.515741 0.441146 0.516667 0.441667 0.516667 0.442188 0.517593 0.443229 0.517593 0.443750 0.518519 0.444271 0.518519 0.444792 0.519444 0.445312 0.519444 0.445833 0.520370 0.446354 0.520370 0.446875 0.521296 0.447396 0.521296 0.447917 0.522222 0.450000 0.522222 0.465625 0.494444 0.466146 0.494444 0.474479 0.479630 0.475000 0.479630 0.477083 0.475926 0.478646 0.475926 0.479167 0.476852 0.480208 0.476852 0.480729 0.477778 0.482292 0.477778 0.482812 0.478704 0.484375 0.478704 0.484896 0.479630 0.486458 0.479630 0.486979 0.480556 0.488542 0.480556 0.489063 0.481481 0.490625 0.481481 0.491146 0.482407 0.492708 0.482407 0.493229 0.483333 0.494792 0.483333 0.495312 0.484259 0.495833 0.484259 0.514583 0.517593 0.515104 0.517593 0.515625 0.518519 0.516667 0.518519 0.517188 0.519444 0.518750 0.519444 0.519271 0.520370 0.520312 0.520370 0.520833 0.521296 0.521875 0.521296 0.523438 0.518519 0.523438 0.516667 0.522917 0.515741 0.522917 0.514815 0.521875 0.512963 0.521875 0.512037 0.514583 0.499074 0.514583 0.498148 0.502604 0.476852 0.502604 0.475926 0.486979 0.448148 0.485938 0.448148 0.485417 0.447222 0.482292 0.447222 0.481771 0.446296 0.479167 0.446296 0.478646 0.445370
0 0.568490 0.481019 0.073438 0.073148 0.564063 0.444444 0.566146 0.448148 0.566146 0.450926 0.565625 0.451852 0.565625 0.452778 0.561979 0.459259 0.561979 0.460185 0.546354 0.487963 0.546354 0.488889 0.531771 0.514815 0.531771 0.515741 0.533333 0.515741 0.533854 0.516667 0.534896 0.516667 0.535417 0.517593 0.535937 0.516667 0.536458 0.516667 0.559375 0.475926 0.559896 0.475926 0.560417 0.475000 0.561458 0.475000 0.561979 0.475926 0.564063 0.475926 0.564583 0.476852 0.566667 0.476852 0.567187 0.477778 0.569792 0.477778 0.570312 0.478704 0.572396 0.478704 0.572917 0.479630 0.575521 0.479630 0.576042 0.480556 0.578125 0.480556 0.578646 0.481481 0.580729 0.481481 0.581250 0.482407 0.583854 0.482407 0.584375 0.483333 0.586458 0.483333 0.586979 0.484259 0.588542 0.484259 0.591146 0.488889 0.591667 0.488889 0.592187 0.489815 0.592187 0.490741 0.603125 0.510185 0.603125 0.511111 0.604688 0.513889 0.604688 0.512963 0.605208 0.512037 0.605208 0.511111 0.604688 0.510185 0.604688 0.509259 0.604167 0.508333 0.604167 0.507407 0.598958 0.498148 0.598958 0.497222 0.590625 0.482407 0.590625 0.481481 0.581771 0.465741 0.581771 0.464815 0.570833 0.445370 0.567708 0.445370 0.567187 0.444444
0 0.648958 0.492130 0.087500 0.073148 0.654687 0.455556 0.654687 0.456481 0.646354 0.471296 0.646354 0.472222 0.635938 0.490741 0.635938 0.491667 0.625000 0.511111 0.625000 0.512037 0.622917 0.515741 0.622396 0.515741 0.620313 0.519444 0.619271 0.519444 0.618750 0.518519 0.616667 0.518519 0.616146 0.517593 0.614583 0.517593 0.614062 0.516667 0.611979 0.516667 0.611458 0.515741 0.609896 0.515741 0.609375 0.514815 0.607292 0.514815 0.606771 0.513889 0.605208 0.513889 0.605208 0.514815 0.609375 0.522222 0.610938 0.522222 0.611458 0.523148 0.613021 0.523148 0.613542 0.524074 0.615104 0.524074 0.615625 0.525000 0.617188 0.525000 0.617708 0.525926 0.619271 0.525926 0.619792 0.526852 0.621875 0.526852 0.622396 0.527778 0.623958 0.527778 0.624479 0.528704 0.625000 0.528704 0.625521 0.527778 0.626042 0.527778 0.633854 0.513889 0.633854 0.512963 0.649479 0.485185 0.650000 0.485185 0.652083 0.481481 0.652604 0.481481 0.653125 0.482407 0.655729 0.482407 0.657292 0.485185 0.657292 0.486111 0.657813 0.487037 0.657813 0.488889 0.660417 0.488889 0.660937 0.489815 0.663542 0.489815 0.664062 0.490741 0.664583 0.490741 0.673438 0.506481 0.673438 0.507407 0.682292 0.523148 0.682813 0.523148 0.683333 0.524074 0.685937 0.524074 0.686458 0.525000 0.688542 0.525000 0.689063 0.525926 0.691667 0.525926 0.692708 0.524074 0.692708 0.520370 0.691667 0.518519 0.691667 0.517593 0.688021 0.511111 0.688021 0.510185 0.682292 0.500000 0.682292 0.499074 0.676562 0.488889 0.676562 0.487963 0.670833 0.477778 0.670833 0.476852 0.665104 0.466667 0.665104 0.465741 0.660417 0.457407 0.659896 0.457407 0.659375 0.456481 0.656771 0.456481 0.656250 0.455556
0 0.352865 0.477315 0.085938 0.084259 0.310417 0.435185 0.309896 0.436111 0.309896 0.437963 0.311458 0.440741 0.311458 0.441667 0.313542 0.445370 0.313542 0.446296 0.316146 0.450926 0.316146 0.451852 0.340104 0.494444 0.340625 0.494444 0.353646 0.517593 0.354167 0.517593 0.354687 0.518519 0.355208 0.518519 0.355729 0.519444 0.356250 0.518519 0.356771 0.518519 0.357292 0.517593 0.357812 0.517593 0.376563 0.484259 0.377083 0.484259 0.394792 0.452778 0.394792 0.451852 0.395833 0.450000 0.395833 0.448148 0.395313 0.447222 0.395313 0.446296 0.394271 0.444444 0.393750 0.444444 0.393229 0.443519 0.392188 0.443519 0.391146 0.445370 0.390625 0.445370 0.387500 0.450926 0.386979 0.450926 0.381250 0.461111 0.380729 0.461111 0.364583 0.489815 0.364063 0.489815 0.363021 0.491667 0.360938 0.491667 0.359896 0.489815 0.359375 0.489815 0.357812 0.487037 0.357292 0.487037 0.355729 0.484259 0.355208 0.484259 0.353646 0.481481 0.353125 0.481481 0.351562 0.478704 0.351042 0.478704 0.349479 0.475926 0.348958 0.475926 0.347917 0.474074 0.352083 0.481481 0.352083 0.482407 0.352604 0.483333 0.352604 0.487037 0.351042 0.489815 0.348958 0.489815 0.347917 0.487963 0.347396 0.487963 0.344271 0.482407 0.343750 0.482407 0.341146 0.477778 0.340625 0.477778 0.340104 0.476852 0.339583 0.476852 0.339062 0.475926 0.338542 0.475926 0.337500 0.474074 0.336979 0.474074 0.334896 0.470370 0.334375 0.470370 0.322917 0.450000 0.322396 0.450000 0.314583 0.436111 0.314063 0.436111 0.313542 0.435185
0 0.434896 0.476852 0.084375 0.075926 0.395833 0.438889 0.395313 0.439815 0.394792 0.439815 0.393750 0.441667 0.393229 0.441667 0.392708 0.442593 0.393229 0.442593 0.393750 0.443519 0.394271 0.443519 0.395833 0.446296 0.395833 0.447222 0.396354 0.448148 0.396354 0.450000 0.395833 0.450926 0.396354 0.451852 0.397396 0.451852 0.397917 0.452778 0.398958 0.452778 0.399479 0.453704 0.400521 0.453704 0.432812 0.511111 0.433854 0.511111 0.434375 0.512037 0.434896 0.512037 0.435417 0.512963 0.435937 0.512963 0.436458 0.513889 0.436979 0.513889 0.437500 0.514815 0.439063 0.514815 0.439583 0.513889 0.440104 0.513889 0.476042 0.450000 0.476042 0.449074 0.477083 0.447222 0.477083 0.445370 0.476562 0.444444 0.476562 0.443519 0.475521 0.441667 0.473958 0.441667 0.470313 0.448148 0.469792 0.448148 0.449479 0.484259 0.448958 0.484259 0.448437 0.485185 0.447917 0.484259 0.446354 0.484259 0.445833 0.483333 0.444792 0.483333 0.444271 0.482407 0.443229 0.482407 0.442708 0.481481 0.441667 0.481481 0.441146 0.480556 0.440104 0.480556 0.439583 0.479630 0.438542 0.479630 0.438021 0.478704 0.436979 0.478704 0.436458 0.477778 0.435937 0.477778 0.438021 0.481481 0.438021 0.482407 0.439063 0.484259 0.439063 0.485185 0.439583 0.486111 0.439583 0.487037 0.439063 0.487963 0.439063 0.488889 0.438021 0.490741 0.437500 0.490741 0.436979 0.491667 0.436458 0.491667 0.435937 0.490741 0.434896 0.490741 0.434375 0.489815 0.433333 0.489815 0.432812 0.488889 0.432292 0.488889 0.431771 0.487963 0.430729 0.487963 0.430208 0.487037 0.429688 0.487037 0.427083 0.482407 0.426563 0.482407 0.404687 0.443519 0.404167 0.443519 0.403125 0.441667 0.401562 0.441667 0.401042 0.440741 0.399479 0.440741 0.398958 0.439815 0.397396 0.439815 0.396875 0.438889
0 0.520052 0.479630 0.091146 0.077778 0.476042 0.441667 0.477083 0.443519 0.477083 0.444444 0.478646 0.444444 0.479167 0.445370 0.481771 0.445370 0.482292 0.446296 0.485417 0.446296 0.485938 0.447222 0.486979 0.447222 0.503125 0.475926 0.503125 0.476852 0.515104 0.498148 0.515104 0.499074 0.522396 0.512037 0.522396 0.512963 0.523438 0.514815 0.523438 0.515741 0.523958 0.515741 0.524479 0.516667 0.526042 0.516667 0.526563 0.517593 0.527604 0.517593 0.528125 0.518519 0.528646 0.518519 0.529167 0.517593 0.529687 0.517593 0.545833 0.488889 0.545833 0.487963 0.561458 0.460185 0.561458 0.459259 0.565104 0.452778 0.565104 0.451852 0.565625 0.450926 0.565625 0.448148 0.564063 0.445370 0.563542 0.445370 0.561979 0.448148 0.561458 0.448148 0.551562 0.465741 0.551562 0.466667 0.542708 0.482407 0.542188 0.482407 0.541667 0.483333 0.539062 0.483333 0.538542 0.482407 0.536458 0.482407 0.535937 0.481481 0.533854 0.481481 0.533333 0.480556 0.531771 0.480556 0.530729 0.482407 0.528125 0.482407 0.527604 0.481481 0.526042 0.481481 0.525521 0.480556 0.523438 0.480556 0.522917 0.479630 0.522396 0.479630 0.522396 0.480556 0.520833 0.483333 0.518750 0.483333 0.518229 0.482407 0.516146 0.482407 0.515625 0.481481 0.514583 0.481481 0.495312 0.447222 0.494792 0.447222 0.494271 0.446296 0.492188 0.446296 0.491667 0.445370 0.489063 0.445370 0.488542 0.444444 0.485417 0.444444 0.484896 0.443519 0.482292 0.443519 0.481771 0.442593 0.478646 0.442593 0.478125 0.441667
0 0.610156 0.480556 0.091146 0.075926 0.565104 0.442593 0.564583 0.443519 0.567187 0.443519 0.567708 0.444444 0.570833 0.444444 0.582292 0.464815 0.582292 0.465741 0.591146 0.481481 0.591146 0.482407 0.599479 0.497222 0.599479 0.498148 0.604688 0.507407 0.604688 0.508333 0.605208 0.509259 0.605208 0.510185 0.605729 0.511111 0.605729 0.512037 0.605208 0.512963 0.606771 0.512963 0.607292 0.513889 0.609375 0.513889 0.609896 0.514815 0.611458 0.514815 0.611979 0.515741 0.614062 0.515741 0.614583 0.516667 0.616146 0.516667 0.616667 0.517593 0.618750 0.517593 0.619271 0.518519 0.620313 0.518519 0.622396 0.514815 0.622917 0.514815 0.624479 0.512037 0.624479 0.511111 0.635417 0.491667 0.635417 0.490741 0.645833 0.472222 0.645833 0.471296 0.654167 0.456481 0.654167 0.455556 0.655729 0.452778 0.655729 0.449074 0.654167 0.446296 0.650521 0.446296 0.650000 0.445370 0.648438 0.445370 0.645833 0.450000 0.645312 0.450000 0.630729 0.475926 0.630729 0.476852 0.622917 0.490741 0.622396 0.490741 0.621875 0.491667 0.620833 0.491667 0.620313 0.490741 0.617708 0.490741 0.617188 0.489815 0.614583 0.489815 0.614062 0.488889 0.611979 0.488889 0.611458 0.487963 0.609896 0.487963 0.594792 0.461111 0.594792 0.460185 0.588021 0.448148 0.587500 0.448148 0.586979 0.447222 0.583854 0.447222 0.583333 0.446296 0.579688 0.446296 0.579167 0.445370 0.575000 0.445370 0.574479 0.444444 0.570312 0.444444 0.569792 0.443519 0.565625 0.443519
0 0.696354 0.495833 0.064583 0.069444 0.726042 0.461111 0.725521 0.462037 0.725521 0.462963 0.717708 0.476852 0.717708 0.477778 0.709375 0.492593 0.709375 0.493519 0.703125 0.504630 0.702604 0.504630 0.702083 0.505556 0.700000 0.505556 0.699479 0.504630 0.696354 0.504630 0.695833 0.503704 0.693229 0.503704 0.692708 0.502778 0.690104 0.502778 0.689583 0.501852 0.686979 0.501852 0.686458 0.500926 0.684896 0.500926 0.676042 0.485185 0.676042 0.484259 0.669792 0.473148 0.669792 0.472222 0.665104 0.463889 0.664583 0.463889 0.664062 0.462963 0.665625 0.465741 0.665625 0.466667 0.671354 0.476852 0.671354 0.477778 0.677083 0.487963 0.677083 0.488889 0.682813 0.499074 0.682813 0.500000 0.688542 0.510185 0.688542 0.511111 0.692187 0.517593 0.692187 0.518519 0.693229 0.520370 0.693229 0.524074 0.691667 0.526852 0.689063 0.526852 0.688542 0.525926 0.686458 0.525926 0.685937 0.525000 0.683333 0.525000 0.682813 0.524074 0.684375 0.526852 0.685417 0.526852 0.685937 0.527778 0.688021 0.527778 0.688542 0.528704 0.690625 0.528704 0.691146 0.529630 0.693229 0.529630 0.693750 0.530556 0.694792 0.530556 0.695312 0.529630 0.695833 0.529630 0.700000 0.522222 0.700000 0.521296 0.708333 0.506481 0.708333 0.505556 0.716146 0.491667 0.716146 0.490741 0.723958 0.476852 0.723958 0.475926 0.727604 0.469444 0.727604 0.468519 0.728646 0.466667 0.728646 0.464815 0.728125 0.463889 0.728125 0.462963 0.727604 0.462037 0.726562 0.462037
0 0.311198 0.449537 0.081771 0.080556 0.305729 0.409259 0.305208 0.410185 0.304688 0.410185 0.294792 0.427778 0.294271 0.427778 0.293229 0.429630 0.293750 0.430556 0.293750 0.431481 0.294271 0.432407 0.294271 0.436111 0.271875 0.475926 0.271875 0.476852 0.271354 0.477778 0.271354 0.480556 0.270833 0.481481 0.270833 0.483333 0.270313 0.484259 0.270313 0.486111 0.270833 0.487037 0.270833 0.487963 0.271354 0.488889 0.271875 0.488889 0.272396 0.489815 0.273958 0.489815 0.275521 0.487037 0.276042 0.487037 0.289062 0.463889 0.289583 0.463889 0.296354 0.451852 0.296875 0.451852 0.301042 0.444444 0.301563 0.444444 0.303646 0.440741 0.304167 0.440741 0.305729 0.437963 0.306250 0.437963 0.307292 0.436111 0.307812 0.436111 0.308333 0.435185 0.309375 0.435185 0.309896 0.434259 0.314063 0.434259 0.314583 0.435185 0.315104 0.435185 0.315625 0.436111 0.316146 0.436111 0.317188 0.437963 0.317708 0.437963 0.319271 0.440741 0.319792 0.440741 0.329167 0.457407 0.329688 0.457407 0.338021 0.472222 0.338542 0.472222 0.343750 0.481481 0.344271 0.481481 0.347396 0.487037 0.347917 0.487037 0.348958 0.488889 0.351042 0.488889 0.352083 0.487037 0.352083 0.483333 0.351562 0.482407 0.351562 0.481481 0.325521 0.435185 0.325000 0.435185 0.313542 0.414815 0.313021 0.414815 0.312500 0.413889 0.311979 0.413889 0.311458 0.412963 0.310937 0.412963 0.309896 0.411111 0.309375 0.411111 0.308854 0.410185 0.308333 0.410185 0.307812 0.409259
0 0.392188 0.453241 0.093750 0.075000 0.396875 0.415741 0.366146 0.470370 0.365625 0.470370 0.358854 0.482407 0.358333 0.482407 0.357812 0.483333 0.356771 0.483333 0.356250 0.482407 0.355729 0.482407 0.354687 0.480556 0.354167 0.480556 0.352604 0.477778 0.352083 0.477778 0.350521 0.475000 0.350000 0.475000 0.348438 0.472222 0.347917 0.472222 0.346354 0.469444 0.345833 0.469444 0.345313 0.468519 0.345313 0.469444 0.346875 0.472222 0.347396 0.472222 0.348958 0.475000 0.349479 0.475000 0.351042 0.477778 0.351562 0.477778 0.353125 0.480556 0.353646 0.480556 0.355208 0.483333 0.355729 0.483333 0.357292 0.486111 0.357812 0.486111 0.359375 0.488889 0.359896 0.488889 0.360938 0.490741 0.363021 0.490741 0.364063 0.488889 0.364583 0.488889 0.380729 0.460185 0.381250 0.460185 0.386979 0.450000 0.387500 0.450000 0.390625 0.444444 0.391146 0.444444 0.393229 0.440741 0.393750 0.440741 0.394792 0.438889 0.395313 0.438889 0.395833 0.437963 0.396875 0.437963 0.397396 0.438889 0.398958 0.438889 0.399479 0.439815 0.401042 0.439815 0.401562 0.440741 0.403125 0.440741 0.404167 0.442593 0.404687 0.442593 0.426563 0.481481 0.427083 0.481481 0.429688 0.486111 0.430208 0.486111 0.430729 0.487037 0.431771 0.487037 0.432292 0.487963 0.432812 0.487963 0.433333 0.488889 0.434375 0.488889 0.434896 0.489815 0.435937 0.489815 0.436458 0.490741 0.436979 0.490741 0.437500 0.489815 0.438021 0.489815 0.438542 0.488889 0.438542 0.487963 0.439063 0.487037 0.439063 0.486111 0.438542 0.485185 0.438542 0.484259 0.437500 0.482407 0.437500 0.481481 0.420312 0.450926 0.420312 0.450000 0.401562 0.416667 0.401042 0.416667 0.400521 0.415741
0 0.478385 0.446759 0.088021 0.075000 0.477604 0.409259 0.476042 0.412037 0.476042 0.412963 0.440104 0.476852 0.439583 0.476852 0.439063 0.477778 0.438021 0.477778 0.437500 0.476852 0.436458 0.476852 0.435937 0.475926 0.434896 0.475926 0.434375 0.475000 0.435417 0.476852 0.436458 0.476852 0.436979 0.477778 0.438021 0.477778 0.438542 0.478704 0.439583 0.478704 0.440104 0.479630 0.441146 0.479630 0.441667 0.480556 0.442708 0.480556 0.443229 0.481481 0.444271 0.481481 0.444792 0.482407 0.445833 0.482407 0.446354 0.483333 0.447917 0.483333 0.448437 0.484259 0.448958 0.483333 0.449479 0.483333 0.469792 0.447222 0.470313 0.447222 0.474479 0.439815 0.475000 0.439815 0.475521 0.440741 0.478125 0.440741 0.478646 0.441667 0.481771 0.441667 0.482292 0.442593 0.484896 0.442593 0.485417 0.443519 0.488542 0.443519 0.489063 0.444444 0.491667 0.444444 0.492188 0.445370 0.494271 0.445370 0.494792 0.446296 0.495312 0.446296 0.514583 0.480556 0.515625 0.480556 0.516146 0.481481 0.518229 0.481481 0.518750 0.482407 0.520833 0.482407 0.521875 0.480556 0.521875 0.479630 0.522396 0.478704 0.521875 0.477778 0.521875 0.476852 0.521354 0.475926 0.521354 0.475000 0.518229 0.469444 0.518229 0.468519 0.504687 0.444444 0.504687 0.443519 0.491146 0.419444 0.491146 0.418519 0.487500 0.412037 0.486979 0.412037 0.485938 0.410185 0.485417 0.410185 0.484896 0.409259
0 0.572135 0.445370 0.079687 0.074074 0.565625 0.408333 0.566146 0.408333 0.567187 0.410185 0.567187 0.411111 0.567708 0.412037 0.567708 0.414815 0.565625 0.418519 0.565625 0.419444 0.551042 0.445370 0.551042 0.446296 0.532292 0.479630 0.533333 0.479630 0.533854 0.480556 0.535937 0.480556 0.536458 0.481481 0.538542 0.481481 0.539062 0.482407 0.541667 0.482407 0.542188 0.481481 0.542708 0.481481 0.551042 0.466667 0.551042 0.465741 0.561458 0.447222 0.561979 0.447222 0.565104 0.441667 0.565625 0.442593 0.569792 0.442593 0.570312 0.443519 0.574479 0.443519 0.575000 0.444444 0.579167 0.444444 0.579688 0.445370 0.583333 0.445370 0.583854 0.446296 0.586979 0.446296 0.587500 0.447222 0.588021 0.447222 0.595313 0.460185 0.595313 0.461111 0.606250 0.480556 0.608854 0.480556 0.609375 0.481481 0.610417 0.481481 0.610938 0.480556 0.611458 0.480556 0.611458 0.479630 0.611979 0.478704 0.611979 0.475926 0.611458 0.475000 0.611458 0.474074 0.608333 0.468519 0.608333 0.467593 0.600521 0.453704 0.600521 0.452778 0.593229 0.439815 0.593229 0.438889 0.585417 0.425000 0.585417 0.424074 0.577604 0.410185 0.577083 0.410185 0.576562 0.409259 0.567187 0.409259 0.566667 0.408333
0 0.647917 0.455093 0.082292 0.071296 0.651563 0.419444 0.651563 0.420370 0.642188 0.437037 0.642188 0.437963 0.630729 0.458333 0.630729 0.459259 0.618229 0.481481 0.614583 0.481481 0.614062 0.480556 0.611979 0.480556 0.611458 0.481481 0.610938 0.481481 0.610417 0.482407 0.609375 0.482407 0.608854 0.481481 0.606771 0.481481 0.609896 0.487037 0.611458 0.487037 0.611979 0.487963 0.614062 0.487963 0.614583 0.488889 0.617188 0.488889 0.617708 0.489815 0.620313 0.489815 0.620833 0.490741 0.621875 0.490741 0.622396 0.489815 0.622917 0.489815 0.630208 0.476852 0.630208 0.475926 0.645312 0.449074 0.645833 0.449074 0.648438 0.444444 0.650000 0.444444 0.650521 0.445370 0.654167 0.445370 0.656250 0.449074 0.656250 0.452778 0.655208 0.454630 0.656250 0.454630 0.656771 0.455556 0.659375 0.455556 0.659896 0.456481 0.660417 0.456481 0.663542 0.462037 0.664062 0.462037 0.664583 0.462963 0.665104 0.462963 0.670312 0.472222 0.670312 0.473148 0.676562 0.484259 0.676562 0.485185 0.677604 0.487037 0.680729 0.487037 0.681250 0.487963 0.684375 0.487963 0.684896 0.488889 0.688021 0.488889 0.689063 0.487037 0.689063 0.483333 0.687500 0.480556 0.687500 0.479630 0.683854 0.473148 0.683854 0.472222 0.678125 0.462037 0.678125 0.461111 0.672917 0.451852 0.672917 0.450926 0.667708 0.441667 0.667708 0.440741 0.661979 0.430556 0.661979 0.429630 0.656771 0.420370 0.656250 0.420370 0.655729 0.419444
0 0.354167 0.442593 0.087500 0.079630 0.311458 0.402778 0.310417 0.404630 0.310417 0.407407 0.311458 0.409259 0.311458 0.410185 0.325000 0.434259 0.325521 0.434259 0.341667 0.462963 0.342187 0.462963 0.343750 0.465741 0.344271 0.465741 0.345833 0.468519 0.346354 0.468519 0.347917 0.471296 0.348438 0.471296 0.350000 0.474074 0.350521 0.474074 0.352083 0.476852 0.352604 0.476852 0.354167 0.479630 0.354687 0.479630 0.355729 0.481481 0.356250 0.481481 0.356771 0.482407 0.357812 0.482407 0.358333 0.481481 0.358854 0.481481 0.365625 0.469444 0.366146 0.469444 0.397396 0.413889 0.397396 0.412963 0.397917 0.412037 0.397917 0.409259 0.397396 0.408333 0.397396 0.407407 0.396875 0.406481 0.396354 0.406481 0.395833 0.405556 0.390104 0.405556 0.388542 0.408333 0.388021 0.408333 0.383854 0.415741 0.383333 0.415741 0.369271 0.440741 0.368750 0.440741 0.362500 0.451852 0.361979 0.451852 0.361458 0.452778 0.360938 0.452778 0.360417 0.451852 0.359375 0.451852 0.358854 0.450926 0.358333 0.450926 0.357812 0.450000 0.357292 0.450000 0.356771 0.449074 0.356250 0.449074 0.355729 0.448148 0.355208 0.448148 0.354687 0.447222 0.353646 0.447222 0.353125 0.446296 0.352604 0.446296 0.352083 0.447222 0.352083 0.448148 0.350521 0.450926 0.348958 0.450926 0.348438 0.450000 0.347917 0.450000 0.347396 0.449074 0.346875 0.449074 0.346354 0.448148 0.345833 0.448148 0.345313 0.447222 0.344792 0.448148 0.341667 0.442593 0.341146 0.442593 0.323437 0.411111 0.322917 0.411111 0.320312 0.406481 0.319792 0.406481 0.319271 0.405556 0.318229 0.405556 0.317708 0.404630 0.315625 0.404630 0.315104 0.403704 0.313542 0.403704 0.313021 0.402778
0 0.433854 0.439352 0.086458 0.075000 0.392708 0.401852 0.391667 0.403704 0.391146 0.403704 0.390625 0.404630 0.395833 0.404630 0.396354 0.405556 0.396875 0.405556 0.397917 0.407407 0.397917 0.408333 0.398438 0.409259 0.398438 0.412037 0.397917 0.412963 0.397917 0.413889 0.397396 0.414815 0.400521 0.414815 0.401042 0.415741 0.401562 0.415741 0.420833 0.450000 0.420833 0.450926 0.433854 0.474074 0.434375 0.474074 0.434896 0.475000 0.435937 0.475000 0.436458 0.475926 0.437500 0.475926 0.438021 0.476852 0.439063 0.476852 0.439583 0.475926 0.440104 0.475926 0.475521 0.412963 0.475521 0.412037 0.477083 0.409259 0.477083 0.406481 0.475521 0.403704 0.475000 0.403704 0.474479 0.402778 0.473958 0.402778 0.469271 0.411111 0.468750 0.411111 0.448958 0.446296 0.445312 0.446296 0.444792 0.445370 0.442708 0.445370 0.442188 0.444444 0.440104 0.444444 0.439583 0.443519 0.436979 0.443519 0.436458 0.442593 0.435937 0.442593 0.437500 0.445370 0.437500 0.449074 0.435937 0.451852 0.433333 0.451852 0.432812 0.450926 0.431250 0.450926 0.428125 0.445370 0.427604 0.445370 0.405729 0.406481 0.405208 0.406481 0.403646 0.403704 0.403125 0.403704 0.402604 0.402778 0.393750 0.402778 0.393229 0.401852
0 0.522396 0.444444 0.089583 0.074074 0.477604 0.407407 0.477604 0.408333 0.484896 0.408333 0.485417 0.409259 0.485938 0.409259 0.486979 0.411111 0.487500 0.411111 0.491667 0.418519 0.491667 0.419444 0.505208 0.443519 0.505208 0.444444 0.518750 0.468519 0.518750 0.469444 0.521875 0.475000 0.521875 0.475926 0.522396 0.476852 0.522396 0.477778 0.523438 0.479630 0.525521 0.479630 0.526042 0.480556 0.527604 0.480556 0.528125 0.481481 0.530729 0.481481 0.550521 0.446296 0.550521 0.445370 0.565104 0.419444 0.565104 0.418519 0.567187 0.414815 0.567187 0.412037 0.566667 0.411111 0.566667 0.410185 0.566146 0.409259 0.565625 0.409259 0.565104 0.408333 0.562500 0.408333 0.559375 0.413889 0.558854 0.413889 0.551562 0.426852 0.551562 0.427778 0.541667 0.445370 0.541146 0.445370 0.540625 0.446296 0.539062 0.446296 0.538542 0.445370 0.535417 0.445370 0.534896 0.444444 0.534375 0.444444 0.533854 0.445370 0.533333 0.445370 0.532813 0.446296 0.532292 0.445370 0.528646 0.445370 0.528125 0.444444 0.524479 0.444444 0.523958 0.443519 0.521875 0.443519 0.520833 0.445370 0.520312 0.445370 0.519792 0.446296 0.519271 0.446296 0.518750 0.445370 0.516146 0.445370 0.503646 0.423148 0.503646 0.422222 0.497396 0.411111 0.496875 0.411111 0.495833 0.409259 0.495312 0.409259 0.494792 0.408333 0.485417 0.408333 0.484896 0.407407
0 0.610156 0.444444 0.085938 0.072222 0.577083 0.409259 0.577604 0.409259 0.585938 0.424074 0.585938 0.425000 0.593750 0.438889 0.593750 0.439815 0.601042 0.452778 0.601042 0.453704 0.608854 0.467593 0.608854 0.468519 0.611979 0.474074 0.611979 0.475000 0.612500 0.475926 0.612500 0.478704 0.611979 0.479630 0.614062 0.479630 0.614583 0.480556 0.618229 0.480556 0.630208 0.459259 0.630208 0.458333 0.641667 0.437963 0.641667 0.437037 0.651042 0.420370 0.651042 0.419444 0.652604 0.416667 0.652604 0.415741 0.653125 0.414815 0.653125 0.412963 0.652604 0.412037 0.652604 0.411111 0.652083 0.410185 0.651042 0.410185 0.650521 0.409259 0.644792 0.409259 0.642188 0.413889 0.641667 0.413889 0.626042 0.441667 0.626042 0.442593 0.619792 0.453704 0.619271 0.453704 0.618750 0.454630 0.616667 0.454630 0.616146 0.453704 0.611979 0.453704 0.611458 0.452778 0.608333 0.452778 0.597917 0.434259 0.597917 0.433333 0.589583 0.418519 0.589583 0.417593 0.586458 0.412037 0.585938 0.412037 0.584896 0.410185 0.581250 0.410185 0.580729 0.409259
0 0.700781 0.467130 0.070312 0.075000 0.677083 0.429630 0.679688 0.434259 0.679688 0.435185 0.683854 0.442593 0.683854 0.443519 0.685417 0.446296 0.685417 0.447222 0.685937 0.448148 0.685937 0.450000 0.685417 0.450926 0.685417 0.451852 0.684896 0.452778 0.684375 0.452778 0.683854 0.453704 0.681250 0.453704 0.680729 0.452778 0.680208 0.452778 0.677083 0.447222 0.677083 0.446296 0.671875 0.437037 0.671354 0.437037 0.670833 0.436111 0.665625 0.436111 0.668229 0.440741 0.668229 0.441667 0.673438 0.450926 0.673438 0.451852 0.678646 0.461111 0.678646 0.462037 0.684375 0.472222 0.684375 0.473148 0.688021 0.479630 0.688021 0.480556 0.689583 0.483333 0.689583 0.487037 0.688021 0.489815 0.684896 0.489815 0.684375 0.488889 0.681250 0.488889 0.680729 0.487963 0.678125 0.487963 0.684896 0.500000 0.686458 0.500000 0.686979 0.500926 0.689583 0.500926 0.690104 0.501852 0.692708 0.501852 0.693229 0.502778 0.695833 0.502778 0.696354 0.503704 0.699479 0.503704 0.700000 0.504630 0.702083 0.504630 0.702604 0.503704 0.703125 0.503704 0.708854 0.493519 0.708854 0.492593 0.717187 0.477778 0.717187 0.476852 0.725000 0.462963 0.725000 0.462037 0.732812 0.448148 0.732812 0.447222 0.735417 0.442593 0.735417 0.441667 0.735938 0.440741 0.735938 0.438889 0.735417 0.437963 0.735417 0.437037 0.734896 0.436111 0.733854 0.436111 0.733333 0.435185 0.725000 0.435185 0.724479 0.434259 0.716667 0.434259 0.716146 0.433333 0.707812 0.433333 0.707292 0.432407 0.699479 0.432407 0.698958 0.431481 0.691146 0.431481 0.690625 0.430556 0.682292 0.430556 0.681771 0.429630
0 0.311198 0.412963 0.081771 0.075926 0.309896 0.375000 0.309375 0.375926 0.308333 0.375926 0.307812 0.376852 0.306771 0.376852 0.306250 0.377778 0.305729 0.377778 0.305208 0.378704 0.304688 0.378704 0.295833 0.394444 0.295312 0.394444 0.273958 0.432407 0.273958 0.433333 0.273438 0.434259 0.273438 0.435185 0.272917 0.436111 0.272917 0.437037 0.272396 0.437963 0.272396 0.438889 0.271875 0.439815 0.271875 0.440741 0.271354 0.441667 0.271354 0.442593 0.270833 0.443519 0.270833 0.444444 0.270313 0.445370 0.270313 0.446296 0.270833 0.447222 0.270833 0.448148 0.271875 0.450000 0.272396 0.450000 0.272917 0.450926 0.273438 0.450926 0.273958 0.450000 0.274479 0.450000 0.283854 0.433333 0.284375 0.433333 0.294271 0.415741 0.294792 0.415741 0.299479 0.407407 0.300000 0.407407 0.302604 0.402778 0.303125 0.402778 0.304688 0.400000 0.305208 0.400000 0.306250 0.398148 0.306771 0.398148 0.307812 0.396296 0.308854 0.396296 0.309375 0.395370 0.309896 0.395370 0.310417 0.396296 0.310937 0.396296 0.313021 0.400000 0.313542 0.400000 0.315625 0.403704 0.317708 0.403704 0.318229 0.404630 0.319271 0.404630 0.319792 0.405556 0.320312 0.405556 0.322917 0.410185 0.323437 0.410185 0.341146 0.441667 0.341667 0.441667 0.343229 0.444444 0.343750 0.444444 0.344271 0.445370 0.344792 0.445370 0.345833 0.447222 0.346354 0.447222 0.346875 0.448148 0.347396 0.448148 0.347917 0.449074 0.348438 0.449074 0.348958 0.450000 0.350521 0.450000 0.351562 0.448148 0.351562 0.447222 0.352083 0.446296 0.352083 0.445370 0.351562 0.444444 0.351562 0.443519 0.348438 0.437963 0.348438 0.437037 0.345833 0.432407 0.345313 0.432407 0.314063 0.376852 0.313542 0.376852 0.312500 0.375000
0 0.392969 0.414352 0.088021 0.075000 0.397917 0.376852 0.397396 0.377778 0.394271 0.377778 0.361979 0.435185 0.361458 0.435185 0.357812 0.441667 0.357292 0.441667 0.356771 0.442593 0.354687 0.442593 0.354167 0.441667 0.353646 0.441667 0.353125 0.440741 0.352604 0.440741 0.352083 0.439815 0.351042 0.439815 0.350521 0.438889 0.350000 0.438889 0.349479 0.437963 0.348958 0.437963 0.352083 0.443519 0.352083 0.444444 0.352604 0.445370 0.353125 0.445370 0.353646 0.446296 0.354687 0.446296 0.355208 0.447222 0.355729 0.447222 0.356250 0.448148 0.356771 0.448148 0.357292 0.449074 0.357812 0.449074 0.358333 0.450000 0.358854 0.450000 0.359375 0.450926 0.360417 0.450926 0.360938 0.451852 0.361458 0.451852 0.361979 0.450926 0.362500 0.450926 0.368750 0.439815 0.369271 0.439815 0.383333 0.414815 0.383854 0.414815 0.388021 0.407407 0.388542 0.407407 0.391146 0.402778 0.391667 0.402778 0.392708 0.400926 0.393229 0.400926 0.393750 0.401852 0.402604 0.401852 0.403125 0.402778 0.403646 0.402778 0.405208 0.405556 0.405729 0.405556 0.427604 0.444444 0.428125 0.444444 0.431250 0.450000 0.432812 0.450000 0.433333 0.450926 0.435937 0.450926 0.436979 0.449074 0.436979 0.445370 0.435417 0.442593 0.435417 0.441667 0.416146 0.407407 0.416146 0.406481 0.400521 0.378704 0.400000 0.378704 0.399479 0.377778 0.398958 0.377778 0.398438 0.376852
0 0.477604 0.408333 0.087500 0.074074 0.483333 0.371296 0.482812 0.372222 0.478125 0.372222 0.477083 0.374074 0.477083 0.375000 0.441146 0.438889 0.440625 0.438889 0.440104 0.439815 0.438021 0.439815 0.437500 0.438889 0.434896 0.438889 0.434375 0.437963 0.433854 0.437963 0.435937 0.441667 0.436458 0.441667 0.436979 0.442593 0.439583 0.442593 0.440104 0.443519 0.442188 0.443519 0.442708 0.444444 0.444792 0.444444 0.445312 0.445370 0.448958 0.445370 0.468750 0.410185 0.469271 0.410185 0.473958 0.401852 0.474479 0.401852 0.475000 0.402778 0.475521 0.402778 0.477604 0.406481 0.484896 0.406481 0.485417 0.407407 0.494792 0.407407 0.495312 0.408333 0.495833 0.408333 0.496875 0.410185 0.497396 0.410185 0.504167 0.422222 0.504167 0.423148 0.516146 0.444444 0.518750 0.444444 0.519271 0.445370 0.519792 0.445370 0.520312 0.444444 0.520833 0.444444 0.521354 0.443519 0.521354 0.438889 0.520312 0.437037 0.520312 0.436111 0.511979 0.421296 0.511979 0.420370 0.500000 0.399074 0.500000 0.398148 0.485417 0.372222 0.484896 0.372222 0.484375 0.371296
0 0.572917 0.408796 0.076042 0.073148 0.570312 0.372222 0.570833 0.373148 0.570833 0.375000 0.571354 0.375926 0.570833 0.376852 0.570833 0.377778 0.570312 0.378704 0.570312 0.379630 0.559375 0.399074 0.559375 0.400000 0.539583 0.435185 0.539583 0.436111 0.536458 0.441667 0.535937 0.441667 0.534896 0.443519 0.535417 0.444444 0.538542 0.444444 0.539062 0.445370 0.540625 0.445370 0.541146 0.444444 0.541667 0.444444 0.551042 0.427778 0.551042 0.426852 0.558854 0.412963 0.559375 0.412963 0.562500 0.407407 0.568750 0.407407 0.569271 0.408333 0.580729 0.408333 0.581250 0.409259 0.584896 0.409259 0.585938 0.411111 0.586458 0.411111 0.590104 0.417593 0.590104 0.418519 0.598437 0.433333 0.598437 0.434259 0.603646 0.443519 0.606771 0.443519 0.607292 0.444444 0.609896 0.444444 0.610938 0.442593 0.610938 0.438889 0.610417 0.437963 0.610417 0.437037 0.607812 0.432407 0.607812 0.431481 0.601042 0.419444 0.601042 0.418519 0.594271 0.406481 0.594271 0.405556 0.587500 0.393519 0.587500 0.392593 0.580208 0.379630 0.580208 0.378704 0.577604 0.374074 0.577083 0.374074 0.576042 0.372222
0 0.644792 0.418519 0.081250 0.070370 0.651042 0.383333 0.650000 0.385185 0.650000 0.386111 0.638021 0.407407 0.638021 0.408333 0.625521 0.430556 0.625521 0.431481 0.618229 0.444444 0.617708 0.444444 0.617188 0.445370 0.614583 0.445370 0.614062 0.444444 0.610417 0.444444 0.609896 0.445370 0.607292 0.445370 0.606771 0.444444 0.604167 0.444444 0.608333 0.451852 0.611458 0.451852 0.611979 0.452778 0.616146 0.452778 0.616667 0.453704 0.618750 0.453704 0.619271 0.452778 0.619792 0.452778 0.625521 0.442593 0.625521 0.441667 0.641667 0.412963 0.642188 0.412963 0.644792 0.408333 0.650521 0.408333 0.651042 0.409259 0.652083 0.409259 0.653125 0.411111 0.653125 0.412037 0.653646 0.412963 0.653646 0.414815 0.653125 0.415741 0.653125 0.416667 0.652083 0.418519 0.655729 0.418519 0.656250 0.419444 0.656771 0.419444 0.662500 0.429630 0.662500 0.430556 0.665104 0.435185 0.670833 0.435185 0.671354 0.436111 0.671875 0.436111 0.677604 0.446296 0.677604 0.447222 0.680208 0.451852 0.680729 0.451852 0.681250 0.452778 0.683854 0.452778 0.684375 0.451852 0.684896 0.451852 0.684896 0.450926 0.685417 0.450000 0.685417 0.448148 0.684896 0.447222 0.684896 0.446296 0.683333 0.443519 0.683333 0.442593 0.679167 0.435185 0.679167 0.434259 0.673958 0.425000 0.673958 0.424074 0.668750 0.414815 0.668750 0.413889 0.663542 0.404630 0.663542 0.403704 0.658854 0.395370 0.658854 0.394444 0.653125 0.384259 0.652604 0.384259 0.652083 0.383333