0 0.270833 0.563426 0.083333 0.089815 0.229167 0.518519 0.229167 0.537963 0.229687 0.538889 0.229687 0.545370 0.238021 0.560185 0.238542 0.560185 0.243229 0.568519 0.243750 0.568519 0.247917 0.575926 0.248438 0.575926 0.252604 0.583333 0.253125 0.583333 0.257812 0.591667 0.258333 0.591667 0.262500 0.599074 0.263021 0.599074 0.267188 0.606481 0.267708 0.606481 0.268750 0.608333 0.276042 0.608333 0.283333 0.595370 0.283333 0.594444 0.304688 0.556481 0.304688 0.555556 0.311979 0.542593 0.311979 0.541667 0.312500 0.540741 0.312500 0.536111 0.311979 0.535185 0.311979 0.534259 0.310937 0.532407 0.310937 0.531481 0.309375 0.528704 0.309375 0.527778 0.308333 0.525926 0.308333 0.525000 0.307292 0.525000 0.306771 0.525926 0.306250 0.525926 0.304167 0.529630 0.303646 0.529630 0.299479 0.537037 0.298958 0.537037 0.286458 0.559259 0.285938 0.559259 0.276042 0.576852 0.275000 0.576852 0.274479 0.575926 0.273958 0.575926 0.272917 0.574074 0.272917 0.568519 0.272396 0.567593 0.272396 0.563889 0.271875 0.562963 0.271354 0.562963 0.270833 0.563889 0.270313 0.563889 0.265625 0.572222 0.263021 0.572222 0.261458 0.569444 0.260937 0.569444 0.255729 0.560185 0.255208 0.560185 0.249479 0.550000 0.248958 0.550000 0.243229 0.539815 0.242708 0.539815 0.236458 0.528704 0.235937 0.528704 0.230208 0.518519
0 0.263281 0.530093 0.083854 0.084259 0.302604 0.487963 0.302083 0.488889 0.301563 0.488889 0.295312 0.500000 0.294792 0.500000 0.277083 0.531481 0.276562 0.531481 0.276042 0.532407 0.275521 0.532407 0.275000 0.533333 0.274479 0.532407 0.273958 0.532407 0.271875 0.528704 0.271875 0.526852 0.264583 0.539815 0.264062 0.539815 0.261458 0.544444 0.260937 0.544444 0.260417 0.545370 0.259375 0.545370 0.258854 0.544444 0.258333 0.544444 0.256771 0.541667 0.256250 0.541667 0.251563 0.533333 0.251042 0.533333 0.244792 0.522222 0.244271 0.522222 0.238542 0.512037 0.238021 0.512037 0.231771 0.500926 0.231250 0.500926 0.225521 0.490741 0.225000 0.490741 0.224479 0.489815 0.223958 0.489815 0.223958 0.490741 0.223438 0.491667 0.223438 0.493519 0.222917 0.494444 0.222917 0.495370 0.222396 0.496296 0.222396 0.498148 0.221875 0.499074 0.221875 0.500000 0.221354 0.500926 0.221354 0.502778 0.221875 0.503704 0.221875 0.504630 0.229167 0.517593 0.229687 0.517593 0.235417 0.527778 0.235937 0.527778 0.242188 0.538889 0.242708 0.538889 0.248438 0.549074 0.248958 0.549074 0.254688 0.559259 0.255208 0.559259 0.260417 0.568519 0.260937 0.568519 0.262500 0.571296 0.263021 0.571296 0.263542 0.572222 0.265104 0.572222 0.265625 0.571296 0.266146 0.571296 0.270833 0.562963 0.271354 0.562963 0.303125 0.506481 0.303125 0.505556 0.305208 0.501852 0.305208 0.498148 0.304688 0.497222 0.304688 0.495370 0.304167 0.494444 0.304167 0.493519 0.303646 0.492593 0.303646 0.490741 0.303125 0.489815 0.303125 0.487963
0 0.258854 0.500463 0.085417 0.087963 0.298438 0.456481 0.297396 0.458333 0.296875 0.458333 0.277604 0.492593 0.277083 0.492593 0.275521 0.495370 0.273958 0.495370 0.271875 0.491667 0.271875 0.488889 0.271354 0.487963 0.271354 0.485185 0.258333 0.508333 0.257812 0.508333 0.255729 0.512037 0.255208 0.512037 0.254688 0.512963 0.253646 0.512963 0.253125 0.512037 0.252604 0.512037 0.251042 0.509259 0.250521 0.509259 0.245833 0.500926 0.245312 0.500926 0.239583 0.490741 0.239063 0.490741 0.233333 0.480556 0.232813 0.480556 0.227083 0.470370 0.226562 0.470370 0.220833 0.460185 0.220312 0.460185 0.219792 0.459259 0.219271 0.460185 0.219271 0.461111 0.218750 0.462037 0.218750 0.462963 0.218229 0.463889 0.218229 0.464815 0.217708 0.465741 0.217708 0.466667 0.217188 0.467593 0.217188 0.468519 0.216146 0.470370 0.216146 0.473148 0.216667 0.474074 0.216667 0.475000 0.225000 0.489815 0.225521 0.489815 0.231250 0.500000 0.231771 0.500000 0.238021 0.511111 0.238542 0.511111 0.244271 0.521296 0.244792 0.521296 0.251042 0.532407 0.251563 0.532407 0.256250 0.540741 0.256771 0.540741 0.258333 0.543519 0.258854 0.543519 0.259375 0.544444 0.260417 0.544444 0.260937 0.543519 0.261458 0.543519 0.264062 0.538889 0.264583 0.538889 0.300000 0.475926 0.300000 0.475000 0.301563 0.472222 0.301563 0.469444 0.301042 0.468519 0.301042 0.466667 0.300521 0.465741 0.300521 0.464815 0.300000 0.463889 0.300000 0.462037 0.299479 0.461111 0.299479 0.460185 0.298958 0.459259 0.298958 0.457407
0 0.252865 0.469444 0.084896 0.085185 0.291667 0.426852 0.275521 0.455556 0.273438 0.455556 0.271354 0.451852 0.271354 0.446296 0.250521 0.483333 0.250000 0.483333 0.248958 0.485185 0.247917 0.485185 0.247396 0.484259 0.246875 0.484259 0.245833 0.482407 0.245312 0.482407 0.242188 0.476852 0.241667 0.476852 0.236458 0.467593 0.235937 0.467593 0.230729 0.458333 0.230208 0.458333 0.225000 0.449074 0.224479 0.449074 0.219271 0.439815 0.218750 0.439815 0.214062 0.431481 0.212500 0.434259 0.212500 0.435185 0.210938 0.437963 0.210938 0.438889 0.210417 0.439815 0.210417 0.440741 0.210938 0.441667 0.210938 0.442593 0.220312 0.459259 0.220833 0.459259 0.226562 0.469444 0.227083 0.469444 0.232813 0.479630 0.233333 0.479630 0.239063 0.489815 0.239583 0.489815 0.245312 0.500000 0.245833 0.500000 0.250521 0.508333 0.251042 0.508333 0.252604 0.511111 0.253125 0.511111 0.253646 0.512037 0.254688 0.512037 0.255208 0.511111 0.255729 0.511111 0.257812 0.507407 0.258333 0.507407 0.291667 0.448148 0.291667 0.447222 0.294792 0.441667 0.294792 0.440741 0.295312 0.439815 0.295312 0.437963 0.294792 0.437037 0.294792 0.436111 0.294271 0.435185 0.294271 0.433333 0.293750 0.432407 0.293750 0.431481 0.293229 0.430556 0.293229 0.428704 0.292708 0.427778 0.292708 0.426852
0 0.246615 0.435185 0.085938 0.098148 0.281771 0.386111 0.265625 0.414815 0.265104 0.414815 0.259896 0.424074 0.259375 0.424074 0.257292 0.427778 0.256771 0.427778 0.255729 0.429630 0.255208 0.429630 0.254688 0.430556 0.254167 0.430556 0.253646 0.431481 0.252604 0.431481 0.252083 0.432407 0.250521 0.432407 0.250000 0.431481 0.248958 0.431481 0.248438 0.430556 0.247917 0.430556 0.246875 0.428704 0.246354 0.428704 0.244792 0.425926 0.244271 0.425926 0.242708 0.423148 0.242188 0.423148 0.239583 0.418519 0.239063 0.418519 0.235417 0.412037 0.234896 0.412037 0.230208 0.403704 0.229687 0.403704 0.223958 0.393519 0.223438 0.393519 0.220833 0.388889 0.220312 0.388889 0.219792 0.387963 0.219271 0.387963 0.218750 0.387037 0.218229 0.387963 0.217188 0.387963 0.211979 0.397222 0.211458 0.397222 0.206250 0.406481 0.205729 0.406481 0.204167 0.409259 0.204167 0.410185 0.203646 0.411111 0.203646 0.412037 0.204167 0.412963 0.204167 0.413889 0.213021 0.429630 0.213542 0.429630 0.218750 0.438889 0.219271 0.438889 0.224479 0.448148 0.225000 0.448148 0.230208 0.457407 0.230729 0.457407 0.235937 0.466667 0.236458 0.466667 0.241667 0.475926 0.242188 0.475926 0.245312 0.481481 0.245833 0.481481 0.246875 0.483333 0.247396 0.483333 0.247917 0.484259 0.248958 0.484259 0.250000 0.482407 0.250521 0.482407 0.284375 0.422222 0.284375 0.421296 0.289062 0.412963 0.289062 0.412037 0.289583 0.411111 0.289583 0.408333 0.289062 0.407407 0.289062 0.406481 0.288542 0.405556 0.288542 0.404630 0.288021 0.403704 0.288021 0.401852 0.287500 0.400926 0.287500 0.400000 0.286979 0.399074 0.286979 0.397222 0.286458 0.396296 0.286458 0.395370 0.285938 0.394444 0.285938 0.393519 0.285417 0.392593 0.285417 0.390741 0.284896 0.389815 0.284896 0.388889 0.284375 0.387963 0.284375 0.387037 0.283854 0.386111
0 0.351562 0.401389 0.089583 0.087963 0.369792 0.357407 0.369271 0.358333 0.368750 0.358333 0.359375 0.375000 0.358854 0.375000 0.348958 0.392593 0.348438 0.392593 0.345833 0.397222 0.345313 0.397222 0.343750 0.400000 0.343229 0.400000 0.342708 0.400926 0.342187 0.400926 0.341667 0.401852 0.340104 0.401852 0.339583 0.402778 0.339062 0.401852 0.338542 0.401852 0.334896 0.395370 0.334375 0.395370 0.322396 0.374074 0.321875 0.374074 0.320312 0.371296 0.319792 0.371296 0.318750 0.369444 0.318229 0.369444 0.316667 0.366667 0.316146 0.366667 0.315104 0.364815 0.314583 0.364815 0.313542 0.362963 0.313021 0.362963 0.311979 0.361111 0.311458 0.361111 0.310417 0.359259 0.309896 0.359259 0.309375 0.358333 0.307812 0.358333 0.307292 0.359259 0.307292 0.360185 0.306771 0.361111 0.307292 0.362037 0.307292 0.362963 0.307812 0.363889 0.307812 0.364815 0.314583 0.376852 0.315104 0.376852 0.331250 0.405556 0.331771 0.405556 0.339062 0.418519 0.339583 0.418519 0.344271 0.426852 0.344792 0.426852 0.348958 0.434259 0.349479 0.434259 0.353646 0.441667 0.354167 0.441667 0.355729 0.444444 0.356771 0.444444 0.357292 0.445370 0.357812 0.444444 0.358333 0.444444 0.360417 0.440741 0.360938 0.440741 0.367188 0.429630 0.367188 0.428704 0.395313 0.378704 0.395313 0.377778 0.396354 0.375926 0.396354 0.373148 0.395833 0.372222 0.395833 0.371296 0.395313 0.370370 0.394792 0.370370 0.394271 0.369444 0.393229 0.369444 0.392708 0.368519 0.391146 0.368519 0.390625 0.367593 0.389062 0.367593 0.388542 0.366667 0.387500 0.366667 0.386979 0.365741 0.385417 0.365741 0.384896 0.364815 0.383333 0.364815 0.382812 0.363889 0.381771 0.363889 0.381250 0.362963 0.379688 0.362963 0.379167 0.362037 0.377604 0.362037 0.377083 0.361111 0.376042 0.361111 0.375521 0.360185 0.373958 0.360185 0.373437 0.359259 0.371875 0.359259 0.371354 0.358333 0.370312 0.358333
0 0.426563 0.398148 0.103125 0.085185 0.376563 0.355556 0.375000 0.358333 0.375000 0.359259 0.375521 0.359259 0.376042 0.360185 0.377083 0.360185 0.377604 0.361111 0.379167 0.361111 0.379688 0.362037 0.381250 0.362037 0.381771 0.362963 0.382812 0.362963 0.383333 0.363889 0.384896 0.363889 0.385417 0.364815 0.386979 0.364815 0.387500 0.365741 0.388542 0.365741 0.389062 0.366667 0.390625 0.366667 0.391146 0.367593 0.392708 0.367593 0.393229 0.368519 0.394271 0.368519 0.394792 0.369444 0.395313 0.369444 0.396354 0.371296 0.396354 0.372222 0.396875 0.373148 0.396875 0.375926 0.396354 0.376852 0.396875 0.376852 0.397396 0.377778 0.398438 0.377778 0.398958 0.378704 0.400000 0.378704 0.401562 0.381481 0.402083 0.381481 0.432292 0.435185 0.433333 0.435185 0.433854 0.436111 0.434375 0.436111 0.434896 0.437037 0.435417 0.437037 0.435937 0.437963 0.436979 0.437963 0.437500 0.438889 0.438021 0.438889 0.438542 0.439815 0.439583 0.439815 0.440104 0.440741 0.440625 0.439815 0.441146 0.439815 0.464583 0.398148 0.464583 0.397222 0.477083 0.375000 0.477083 0.374074 0.478125 0.372222 0.478125 0.369444 0.476562 0.366667 0.475521 0.366667 0.475000 0.365741 0.472396 0.365741 0.471875 0.364815 0.468750 0.364815 0.468229 0.363889 0.465625 0.363889 0.465104 0.362963 0.461979 0.362963 0.461458 0.362037 0.458854 0.362037 0.458333 0.361111 0.455208 0.361111 0.454688 0.360185 0.452083 0.360185 0.451562 0.359259 0.448437 0.359259 0.447917 0.358333 0.445312 0.358333 0.444792 0.357407 0.441667 0.357407 0.441146 0.356481 0.438542 0.356481 0.438021 0.355556 0.434896 0.355556 0.416667 0.387963 0.407292 0.371296 0.406771 0.371296 0.405208 0.368519 0.404687 0.368519 0.404167 0.367593 0.403646 0.367593 0.403125 0.366667 0.401042 0.366667 0.400521 0.365741 0.398958 0.365741 0.398438 0.364815 0.396875 0.364815 0.396354 0.363889 0.394792 0.363889 0.394271 0.362963 0.392708 0.362963 0.392188 0.362037 0.390625 0.362037 0.390104 0.361111 0.388542 0.361111 0.388021 0.360185 0.385937 0.360185 0.385417 0.359259 0.383854 0.359259 0.383333 0.358333 0.381771 0.358333 0.381250 0.357407 0.379688 0.357407 0.379167 0.356481 0.377604 0.356481 0.377083 0.355556
0 0.523958 0.402778 0.092708 0.087037 0.509375 0.359259 0.500000 0.375926 0.498958 0.374074 0.498437 0.374074 0.497917 0.373148 0.495833 0.373148 0.495312 0.372222 0.492708 0.372222 0.492188 0.371296 0.489583 0.371296 0.489063 0.370370 0.486458 0.370370 0.485938 0.369444 0.483333 0.369444 0.482812 0.368519 0.480208 0.368519 0.479687 0.367593 0.477604 0.367593 0.478646 0.369444 0.478646 0.370370 0.479687 0.370370 0.480208 0.371296 0.482812 0.371296 0.483333 0.372222 0.484896 0.372222 0.485417 0.373148 0.485938 0.373148 0.500000 0.398148 0.500000 0.399074 0.515625 0.426852 0.515625 0.427778 0.521354 0.437963 0.521354 0.438889 0.521875 0.439815 0.521875 0.440741 0.522917 0.440741 0.523438 0.441667 0.524479 0.441667 0.525000 0.442593 0.526563 0.442593 0.527083 0.443519 0.528125 0.443519 0.528646 0.444444 0.529687 0.444444 0.530208 0.445370 0.531771 0.445370 0.532292 0.446296 0.532813 0.446296 0.533333 0.445370 0.533854 0.445370 0.548438 0.419444 0.548438 0.418519 0.561979 0.394444 0.561979 0.393519 0.569271 0.380556 0.569271 0.379630 0.569792 0.378704 0.569792 0.377778 0.570312 0.376852 0.570312 0.375926 0.569792 0.375000 0.569792 0.374074 0.568750 0.372222 0.566667 0.372222 0.566146 0.371296 0.562500 0.371296 0.561979 0.370370 0.557813 0.370370 0.557292 0.369444 0.553646 0.369444 0.553125 0.368519 0.549479 0.368519 0.548958 0.367593 0.545312 0.367593 0.544792 0.366667 0.541146 0.366667 0.540625 0.365741 0.536979 0.365741 0.536458 0.364815 0.532813 0.364815 0.532292 0.363889 0.528646 0.363889 0.528125 0.362963 0.524479 0.362963 0.523958 0.362037 0.520312 0.362037 0.519792 0.361111 0.516146 0.361111 0.515625 0.360185 0.511979 0.360185 0.511458 0.359259
0 0.586198 0.400000 0.128646 0.083333 0.577083 0.358333 0.570833 0.369444 0.567708 0.369444 0.567187 0.368519 0.563542 0.368519 0.563021 0.367593 0.559375 0.367593 0.558854 0.366667 0.555208 0.366667 0.554688 0.365741 0.551042 0.365741 0.550521 0.364815 0.546354 0.364815 0.545833 0.363889 0.542188 0.363889 0.541667 0.362963 0.538021 0.362963 0.537500 0.362037 0.533854 0.362037 0.533333 0.361111 0.529687 0.361111 0.529167 0.360185 0.525000 0.360185 0.524479 0.359259 0.521875 0.359259 0.522396 0.360185 0.526042 0.360185 0.526563 0.361111 0.530208 0.361111 0.530729 0.362037 0.534375 0.362037 0.534896 0.362963 0.538542 0.362963 0.539062 0.363889 0.542708 0.363889 0.543229 0.364815 0.546875 0.364815 0.547396 0.365741 0.551042 0.365741 0.551562 0.366667 0.555729 0.366667 0.556250 0.367593 0.559896 0.367593 0.560417 0.368519 0.564063 0.368519 0.564583 0.369444 0.568229 0.369444 0.568750 0.370370 0.572396 0.370370 0.572917 0.371296 0.575521 0.371296 0.585938 0.389815 0.585938 0.390741 0.593229 0.403704 0.593229 0.404630 0.600000 0.416667 0.600000 0.417593 0.607292 0.430556 0.607292 0.431481 0.609896 0.436111 0.609896 0.437037 0.610417 0.437963 0.610417 0.440741 0.612500 0.440741 0.613021 0.441667 0.616146 0.441667 0.627083 0.422222 0.627083 0.421296 0.637500 0.402778 0.637500 0.401852 0.647396 0.384259 0.647396 0.383333 0.650000 0.378704 0.650000 0.377778 0.650521 0.376852 0.650521 0.373148 0.649479 0.371296 0.646875 0.371296 0.646354 0.370370 0.641667 0.370370 0.641146 0.369444 0.636458 0.369444 0.635938 0.368519 0.631250 0.368519 0.630729 0.367593 0.626042 0.367593 0.625521 0.366667 0.620833 0.366667 0.620313 0.365741 0.615625 0.365741 0.615104 0.364815 0.610417 0.364815 0.609896 0.363889 0.605208 0.363889 0.604688 0.362963 0.600000 0.362963 0.599479 0.362037 0.594792 0.362037 0.594271 0.361111 0.589063 0.361111 0.588542 0.360185 0.583854 0.360185 0.583333 0.359259 0.578646 0.359259 0.578125 0.358333
0 0.351302 0.561111 0.078646 0.083333 0.313542 0.519444 0.313021 0.520370 0.311979 0.520370 0.311979 0.521296 0.312500 0.522222 0.312500 0.525000 0.313021 0.525926 0.313021 0.527778 0.313542 0.528704 0.313542 0.529630 0.314583 0.531481 0.314583 0.532407 0.315625 0.534259 0.315625 0.535185 0.316667 0.537037 0.316667 0.537963 0.317708 0.539815 0.317708 0.540741 0.318750 0.542593 0.318750 0.543519 0.319792 0.545370 0.319792 0.546296 0.321354 0.549074 0.321354 0.550000 0.322396 0.551852 0.322396 0.552778 0.323437 0.554630 0.323437 0.555556 0.325000 0.558333 0.325000 0.559259 0.326042 0.561111 0.326042 0.562037 0.327083 0.563889 0.327083 0.564815 0.328125 0.566667 0.328125 0.567593 0.329688 0.570370 0.329688 0.571296 0.330729 0.573148 0.330729 0.574074 0.331771 0.575926 0.331771 0.576852 0.332813 0.578704 0.332813 0.579630 0.334375 0.582407 0.334375 0.583333 0.335417 0.585185 0.335417 0.586111 0.336458 0.587963 0.336458 0.588889 0.338021 0.591667 0.338021 0.592593 0.339062 0.594444 0.339062 0.595370 0.340104 0.597222 0.340104 0.598148 0.341667 0.600926 0.341667 0.601852 0.342187 0.602778 0.347917 0.602778 0.348438 0.601852 0.349479 0.601852 0.350521 0.600000 0.351042 0.600000 0.352083 0.598148 0.352604 0.598148 0.353646 0.596296 0.354167 0.596296 0.355208 0.594444 0.355729 0.594444 0.356771 0.592593 0.357292 0.592593 0.358333 0.590741 0.358854 0.590741 0.359896 0.588889 0.360417 0.588889 0.361979 0.586111 0.362500 0.586111 0.363542 0.584259 0.364063 0.584259 0.365104 0.582407 0.365625 0.582407 0.366667 0.580556 0.367188 0.580556 0.368229 0.578704 0.368750 0.578704 0.369792 0.576852 0.370312 0.576852 0.371354 0.575000 0.371875 0.575000 0.372917 0.573148 0.373437 0.573148 0.374479 0.571296 0.375000 0.571296 0.376042 0.569444 0.376563 0.569444 0.377604 0.567593 0.378125 0.567593 0.379167 0.565741 0.379688 0.565741 0.380729 0.563889 0.381250 0.563889 0.382292 0.562037 0.382812 0.562037 0.383854 0.560185 0.384375 0.560185 0.385417 0.558333 0.385937 0.558333 0.387500 0.555556 0.388021 0.555556 0.389583 0.552778 0.390104 0.552778 0.390625 0.551852 0.390625 0.547222 0.389062 0.544444 0.389062 0.543519 0.385937 0.537963 0.385937 0.537037 0.384375 0.534259 0.383854 0.534259 0.382292 0.537037 0.381771 0.537037 0.376563 0.546296 0.376042 0.546296 0.368750 0.559259 0.368229 0.559259 0.363021 0.568519 0.362500 0.568519 0.361458 0.570370 0.359896 0.570370 0.358333 0.567593 0.358333 0.566667 0.357292 0.564815 0.357292 0.563889 0.355208 0.560185 0.354687 0.560185 0.351042 0.553704 0.351562 0.554630 0.351562 0.555556 0.352604 0.557407 0.352604 0.558333 0.353125 0.559259 0.353125 0.560185 0.353646 0.561111 0.353646 0.562037 0.354687 0.563889 0.354687 0.564815 0.355208 0.565741 0.355208 0.566667 0.355729 0.567593 0.355729 0.569444 0.353646 0.573148 0.352083 0.573148 0.351562 0.572222 0.351042 0.572222 0.350521 0.571296 0.350000 0.571296 0.345313 0.562963 0.344792 0.562963 0.335938 0.547222 0.335417 0.547222 0.330208 0.537963 0.329688 0.537963 0.326042 0.531481 0.325521 0.531481 0.323437 0.527778 0.322917 0.527778 0.321354 0.525000 0.320833 0.525000 0.319792 0.523148 0.319271 0.523148 0.318229 0.521296 0.317708 0.521296 0.317188 0.520370 0.315625 0.520370 0.315104 0.519444
0 0.432031 0.562037 0.086979 0.083333 0.414583 0.520370 0.414062 0.521296 0.414062 0.522222 0.415104 0.524074 0.415104 0.525000 0.423958 0.540741 0.423958 0.541667 0.432292 0.556481 0.432292 0.557407 0.435417 0.562963 0.435417 0.563889 0.435937 0.564815 0.435937 0.568519 0.434896 0.570370 0.434375 0.570370 0.433854 0.571296 0.432812 0.571296 0.432292 0.570370 0.431771 0.570370 0.429688 0.566667 0.429167 0.566667 0.425521 0.560185 0.425000 0.560185 0.421354 0.553704 0.420833 0.553704 0.417187 0.547222 0.416667 0.547222 0.413021 0.540741 0.412500 0.540741 0.408854 0.534259 0.408333 0.534259 0.407292 0.532407 0.406771 0.532407 0.405729 0.534259 0.405208 0.534259 0.404687 0.535185 0.401042 0.535185 0.400521 0.534259 0.400000 0.534259 0.399479 0.533333 0.398958 0.533333 0.394792 0.525926 0.394271 0.525926 0.392188 0.522222 0.391667 0.523148 0.391146 0.523148 0.389062 0.526852 0.388542 0.526852 0.388542 0.527778 0.395833 0.540741 0.396354 0.540741 0.404687 0.555556 0.405208 0.555556 0.413021 0.569444 0.413542 0.569444 0.421875 0.584259 0.422396 0.584259 0.430729 0.599074 0.431250 0.599074 0.433854 0.603704 0.440625 0.603704 0.449479 0.587963 0.449479 0.587037 0.458333 0.571296 0.458333 0.570370 0.467187 0.554630 0.467187 0.553704 0.473958 0.541667 0.473958 0.540741 0.475521 0.537963 0.475521 0.533333 0.474479 0.531481 0.473958 0.531481 0.473438 0.530556 0.472917 0.530556 0.472396 0.529630 0.471875 0.529630 0.470833 0.527778 0.470313 0.527778 0.469792 0.526852 0.469271 0.526852 0.468750 0.525926 0.468229 0.525926 0.467708 0.525000 0.466667 0.525000 0.448437 0.557407 0.447917 0.557407 0.447396 0.558333 0.445833 0.558333 0.444792 0.556481 0.444271 0.556481 0.442188 0.552778 0.441667 0.552778 0.441146 0.553704 0.440625 0.553704 0.440104 0.554630 0.439063 0.554630 0.438542 0.553704 0.438021 0.553704 0.436458 0.550926 0.435937 0.550926 0.433333 0.546296 0.432812 0.546296 0.430729 0.542593 0.430208 0.542593 0.427604 0.537963 0.427083 0.537963 0.424479 0.533333 0.423958 0.533333 0.421875 0.529630 0.421354 0.529630 0.418750 0.525000 0.418229 0.525000 0.415625 0.520370
0 0.516146 0.549074 0.094792 0.083333 0.477604 0.507407 0.476042 0.510185 0.475521 0.510185 0.472396 0.515741 0.471875 0.515741 0.468750 0.521296 0.468750 0.522222 0.472917 0.529630 0.473438 0.529630 0.473958 0.530556 0.474479 0.530556 0.476042 0.533333 0.476042 0.534259 0.477083 0.536111 0.477604 0.536111 0.478646 0.537963 0.479167 0.537963 0.480208 0.539815 0.480729 0.539815 0.481250 0.540741 0.481771 0.540741 0.482812 0.542593 0.483333 0.542593 0.484375 0.544444 0.484896 0.544444 0.485417 0.545370 0.485938 0.545370 0.486979 0.547222 0.487500 0.547222 0.488542 0.549074 0.489063 0.549074 0.490104 0.550926 0.490625 0.550926 0.491146 0.551852 0.491667 0.551852 0.492708 0.553704 0.493229 0.553704 0.494271 0.555556 0.494792 0.555556 0.495833 0.557407 0.496354 0.557407 0.496875 0.558333 0.497396 0.558333 0.498437 0.560185 0.498958 0.560185 0.500000 0.562037 0.500521 0.562037 0.501042 0.562963 0.501563 0.562963 0.502604 0.564815 0.503125 0.564815 0.504167 0.566667 0.504687 0.566667 0.505729 0.568519 0.506250 0.568519 0.506771 0.569444 0.507292 0.569444 0.508333 0.571296 0.508854 0.571296 0.509896 0.573148 0.510417 0.573148 0.511458 0.575000 0.511979 0.575000 0.512500 0.575926 0.513021 0.575926 0.514062 0.577778 0.514583 0.577778 0.515625 0.579630 0.516146 0.579630 0.516667 0.580556 0.517188 0.580556 0.518229 0.582407 0.518750 0.582407 0.519792 0.584259 0.520312 0.584259 0.521354 0.586111 0.521875 0.586111 0.522396 0.587037 0.522917 0.587037 0.523958 0.588889 0.524479 0.588889 0.525521 0.590741 0.527604 0.590741 0.540625 0.567593 0.540625 0.566667 0.554167 0.542593 0.554167 0.541667 0.562500 0.526852 0.562500 0.525926 0.563021 0.525000 0.563021 0.524074 0.563542 0.523148 0.563542 0.522222 0.563021 0.521296 0.563021 0.520370 0.562500 0.519444 0.561979 0.519444 0.561458 0.518519 0.560937 0.518519 0.560417 0.517593 0.559375 0.517593 0.551042 0.532407 0.551042 0.533333 0.538542 0.555556 0.536979 0.555556 0.536458 0.554630 0.535937 0.554630 0.535417 0.553704 0.534896 0.553704 0.534375 0.552778 0.533854 0.552778 0.532813 0.550926 0.530729 0.554630 0.530208 0.554630 0.529687 0.555556 0.527604 0.555556 0.527083 0.554630 0.526563 0.554630 0.526042 0.553704 0.525521 0.553704 0.525000 0.552778 0.524479 0.552778 0.523438 0.550926 0.522917 0.550926 0.522396 0.550000 0.521875 0.550000 0.521354 0.549074 0.520833 0.549074 0.520312 0.548148 0.519792 0.548148 0.519271 0.547222 0.518750 0.547222 0.517708 0.545370 0.518750 0.547222 0.518750 0.548148 0.519271 0.549074 0.519271 0.551852 0.517708 0.554630 0.517188 0.554630 0.516667 0.555556 0.516146 0.554630 0.515625 0.554630 0.515104 0.553704 0.514583 0.553704 0.514062 0.552778 0.513542 0.552778 0.513021 0.551852 0.512500 0.551852 0.511979 0.550926 0.511458 0.550926 0.510417 0.549074 0.509896 0.549074 0.509375 0.548148 0.508854 0.548148 0.495833 0.525000 0.495312 0.525000 0.493750 0.522222 0.493229 0.522222 0.492708 0.521296 0.492188 0.521296 0.491667 0.520370 0.491146 0.520370 0.490625 0.519444 0.490104 0.519444 0.489063 0.517593 0.488542 0.517593 0.488021 0.516667 0.487500 0.516667 0.486979 0.515741 0.486458 0.515741 0.485938 0.514815 0.485417 0.514815 0.484375 0.512963 0.483854 0.512963 0.483333 0.512037 0.482812 0.512037 0.482292 0.511111 0.481771 0.511111 0.481250 0.510185 0.480729 0.510185 0.479687 0.508333 0.479167 0.508333 0.478646 0.507407
0 0.602083 0.545833 0.090625 0.076852 0.566146 0.507407 0.565625 0.508333 0.565104 0.508333 0.560417 0.516667 0.560937 0.517593 0.561458 0.517593 0.561979 0.518519 0.562500 0.518519 0.563542 0.520370 0.563542 0.521296 0.564063 0.522222 0.564063 0.523148 0.563542 0.524074 0.563542 0.525000 0.563021 0.525926 0.563021 0.526852 0.556771 0.537963 0.556771 0.538889 0.557813 0.538889 0.558333 0.539815 0.558854 0.539815 0.559375 0.540741 0.559896 0.540741 0.560417 0.541667 0.560937 0.541667 0.561458 0.542593 0.561979 0.542593 0.562500 0.543519 0.563021 0.543519 0.563542 0.544444 0.564063 0.544444 0.564583 0.545370 0.565104 0.545370 0.565625 0.546296 0.566667 0.546296 0.567187 0.547222 0.567708 0.547222 0.568229 0.548148 0.568750 0.548148 0.569271 0.549074 0.569792 0.549074 0.570312 0.550000 0.570833 0.550000 0.571354 0.550926 0.571875 0.550926 0.572396 0.551852 0.572917 0.551852 0.573438 0.552778 0.573958 0.552778 0.574479 0.553704 0.575521 0.553704 0.576042 0.554630 0.576562 0.554630 0.577083 0.555556 0.577604 0.555556 0.578125 0.556481 0.578646 0.556481 0.579167 0.557407 0.579688 0.557407 0.580208 0.558333 0.580729 0.558333 0.581250 0.559259 0.581771 0.559259 0.582292 0.560185 0.582812 0.560185 0.583333 0.561111 0.584375 0.561111 0.584896 0.562037 0.585417 0.562037 0.585938 0.562963 0.586458 0.562963 0.586979 0.563889 0.587500 0.563889 0.588021 0.564815 0.588542 0.564815 0.589063 0.565741 0.589583 0.565741 0.590104 0.566667 0.590625 0.566667 0.591146 0.567593 0.591667 0.567593 0.592187 0.568519 0.593229 0.568519 0.593750 0.569444 0.594271 0.569444 0.594792 0.570370 0.595313 0.570370 0.595833 0.571296 0.596354 0.571296 0.596875 0.572222 0.597396 0.572222 0.597917 0.573148 0.598437 0.573148 0.598958 0.574074 0.599479 0.574074 0.600000 0.575000 0.600521 0.575000 0.601042 0.575926 0.602083 0.575926 0.602604 0.576852 0.603125 0.576852 0.603646 0.577778 0.604167 0.577778 0.604688 0.578704 0.605208 0.578704 0.605729 0.579630 0.606250 0.579630 0.606771 0.580556 0.607292 0.580556 0.607812 0.581481 0.608333 0.581481 0.608854 0.582407 0.609375 0.582407 0.609896 0.583333 0.610417 0.583333 0.610938 0.584259 0.612500 0.584259 0.613542 0.582407 0.614062 0.582407 0.617708 0.575926 0.617708 0.575000 0.626563 0.559259 0.626563 0.558333 0.635417 0.542593 0.635417 0.541667 0.643750 0.526852 0.643750 0.525926 0.646875 0.520370 0.646875 0.518519 0.647396 0.517593 0.646875 0.516667 0.646875 0.515741 0.645833 0.513889 0.644792 0.513889 0.644271 0.512963 0.643229 0.512963 0.623437 0.548148 0.623437 0.549074 0.618229 0.558333 0.617708 0.558333 0.617188 0.559259 0.616667 0.559259 0.616146 0.558333 0.615625 0.558333 0.615104 0.557407 0.614062 0.557407 0.613542 0.556481 0.613021 0.556481 0.612500 0.555556 0.611458 0.555556 0.610938 0.554630 0.610417 0.554630 0.609896 0.553704 0.609375 0.553704 0.608854 0.552778 0.607812 0.552778 0.607292 0.551852 0.606771 0.551852 0.606250 0.550926 0.603646 0.550926 0.603125 0.550000 0.602083 0.550000 0.601562 0.549074 0.601042 0.549074 0.600521 0.548148 0.600000 0.548148 0.599479 0.547222 0.598437 0.547222 0.597917 0.546296 0.597396 0.546296 0.596875 0.545370 0.596354 0.545370 0.591667 0.537037 0.591667 0.536111 0.581771 0.518519 0.581250 0.518519 0.580729 0.517593 0.580208 0.517593 0.579688 0.516667 0.578646 0.516667 0.578125 0.515741 0.577604 0.515741 0.577083 0.514815 0.576042 0.514815 0.575521 0.513889 0.575000 0.513889 0.574479 0.512963 0.573438 0.512963 0.572917 0.512037 0.572396 0.512037 0.571875 0.511111 0.570833 0.511111 0.570312 0.510185 0.569792 0.510185 0.569271 0.509259 0.568229 0.509259 0.567708 0.508333 0.567187 0.508333 0.566667 0.507407
0 0.675260 0.543519 0.081771 0.068519 0.645833 0.509259 0.644271 0.512037 0.644792 0.512963 0.645833 0.512963 0.647396 0.515741 0.647396 0.516667 0.647917 0.517593 0.647396 0.518519 0.647396 0.520370 0.644271 0.525926 0.644271 0.526852 0.635938 0.541667 0.635938 0.542593 0.634375 0.545370 0.634896 0.545370 0.635417 0.546296 0.636458 0.546296 0.636979 0.547222 0.637500 0.547222 0.638021 0.548148 0.639062 0.548148 0.639583 0.549074 0.640625 0.549074 0.641146 0.550000 0.641667 0.550000 0.642188 0.550926 0.643229 0.550926 0.643750 0.551852 0.644792 0.551852 0.645312 0.552778 0.645833 0.552778 0.646354 0.553704 0.647396 0.553704 0.647917 0.554630 0.648958 0.554630 0.649479 0.555556 0.650000 0.555556 0.650521 0.556481 0.651563 0.556481 0.652083 0.557407 0.652604 0.557407 0.653125 0.558333 0.654167 0.558333 0.654687 0.559259 0.655729 0.559259 0.656250 0.560185 0.656771 0.560185 0.657292 0.561111 0.658333 0.561111 0.658854 0.562037 0.659896 0.562037 0.660417 0.562963 0.660937 0.562963 0.661458 0.563889 0.662500 0.563889 0.663021 0.564815 0.664062 0.564815 0.664583 0.565741 0.665104 0.565741 0.665625 0.566667 0.666667 0.566667 0.667188 0.567593 0.668229 0.567593 0.668750 0.568519 0.669271 0.568519 0.669792 0.569444 0.670833 0.569444 0.671354 0.570370 0.671875 0.570370 0.672396 0.571296 0.673438 0.571296 0.673958 0.572222 0.675000 0.572222 0.675521 0.573148 0.676042 0.573148 0.676562 0.574074 0.677604 0.574074 0.678125 0.575000 0.679167 0.575000 0.679688 0.575926 0.680208 0.575926 0.680729 0.576852 0.681771 0.576852 0.682292 0.577778 0.682813 0.576852 0.683333 0.576852 0.692708 0.560185 0.692708 0.559259 0.700000 0.546296 0.700000 0.545370 0.707292 0.532407 0.707292 0.531481 0.714063 0.519444 0.714063 0.518519 0.716146 0.514815 0.716146 0.510185 0.715625 0.510185 0.714063 0.512963 0.714063 0.513889 0.706771 0.526852 0.706771 0.527778 0.698958 0.541667 0.698958 0.542593 0.692708 0.553704 0.692187 0.553704 0.691667 0.554630 0.690625 0.554630 0.690104 0.553704 0.689063 0.553704 0.688542 0.552778 0.687500 0.552778 0.686979 0.551852 0.685937 0.551852 0.685417 0.550926 0.684375 0.550926 0.683854 0.550000 0.683333 0.550000 0.683333 0.550926 0.681250 0.554630 0.679688 0.554630 0.679167 0.553704 0.678125 0.553704 0.677604 0.552778 0.676562 0.552778 0.676042 0.551852 0.675521 0.551852 0.675000 0.550926 0.674479 0.550926 0.660937 0.526852 0.660937 0.525926 0.653646 0.512963 0.653125 0.512963 0.652604 0.512037 0.651563 0.512037 0.651042 0.511111 0.650000 0.511111 0.649479 0.510185 0.648438 0.510185 0.647917 0.509259
0 0.313802 0.526852 0.082812 0.100000 0.311458 0.476852 0.310937 0.477778 0.309896 0.477778 0.308854 0.479630 0.308333 0.479630 0.307812 0.480556 0.307292 0.480556 0.305208 0.484259 0.304688 0.484259 0.303125 0.487037 0.303646 0.487963 0.303646 0.489815 0.304167 0.490741 0.304167 0.492593 0.304688 0.493519 0.304688 0.494444 0.305208 0.495370 0.305208 0.497222 0.305729 0.498148 0.305729 0.501852 0.303646 0.505556 0.303646 0.506481 0.272396 0.562037 0.272396 0.565741 0.272917 0.566667 0.272917 0.573148 0.273438 0.574074 0.273438 0.575000 0.273958 0.575000 0.274479 0.575926 0.275000 0.575926 0.275521 0.576852 0.276042 0.575926 0.276562 0.575926 0.286458 0.558333 0.286979 0.558333 0.299479 0.536111 0.300000 0.536111 0.304167 0.528704 0.304688 0.528704 0.306771 0.525000 0.307292 0.525000 0.308854 0.522222 0.309375 0.522222 0.309896 0.521296 0.310417 0.521296 0.310937 0.520370 0.311458 0.520370 0.311979 0.519444 0.313021 0.519444 0.313542 0.518519 0.315104 0.518519 0.315625 0.519444 0.317188 0.519444 0.317708 0.520370 0.318229 0.520370 0.319271 0.522222 0.319792 0.522222 0.320833 0.524074 0.321354 0.524074 0.322917 0.526852 0.323437 0.526852 0.325521 0.530556 0.326042 0.530556 0.329688 0.537037 0.330208 0.537037 0.335417 0.546296 0.335938 0.546296 0.344792 0.562037 0.345313 0.562037 0.350000 0.570370 0.350521 0.570370 0.351042 0.571296 0.351562 0.571296 0.352083 0.572222 0.353646 0.572222 0.355208 0.569444 0.355208 0.567593 0.354687 0.566667 0.354687 0.565741 0.354167 0.564815 0.354167 0.563889 0.353125 0.562037 0.353125 0.561111 0.352604 0.560185 0.352604 0.559259 0.352083 0.558333 0.352083 0.557407 0.351042 0.555556 0.351042 0.554630 0.350521 0.553704 0.350521 0.552778 0.345313 0.543519 0.344792 0.543519 0.332813 0.522222 0.332292 0.522222 0.317188 0.495370 0.317188 0.494444 0.316667 0.493519 0.316667 0.492593 0.316146 0.491667 0.316146 0.489815 0.315625 0.488889 0.315625 0.487963 0.315104 0.487037 0.315104 0.486111 0.314583 0.485185 0.314583 0.484259 0.314063 0.483333 0.314063 0.481481 0.313542 0.480556 0.313542 0.479630 0.313021 0.478704 0.313021 0.477778 0.312500 0.476852
0 0.396354 0.532870 0.078125 0.075000 0.397917 0.495370 0.359896 0.562963 0.359375 0.562963 0.358854 0.563889 0.357812 0.563889 0.357292 0.562963 0.357812 0.563889 0.357812 0.564815 0.358854 0.566667 0.358854 0.567593 0.359896 0.569444 0.361458 0.569444 0.362500 0.567593 0.363021 0.567593 0.368229 0.558333 0.368750 0.558333 0.376042 0.545370 0.376563 0.545370 0.381771 0.536111 0.382292 0.536111 0.385417 0.530556 0.385937 0.530556 0.388542 0.525926 0.389062 0.525926 0.391146 0.522222 0.391667 0.522222 0.392708 0.520370 0.393229 0.520370 0.394271 0.518519 0.394792 0.518519 0.395313 0.517593 0.396354 0.517593 0.396875 0.516667 0.397917 0.516667 0.400000 0.520370 0.400521 0.520370 0.404167 0.526852 0.404687 0.526852 0.408333 0.533333 0.408854 0.533333 0.412500 0.539815 0.413021 0.539815 0.416667 0.546296 0.417187 0.546296 0.420833 0.552778 0.421354 0.552778 0.425000 0.559259 0.425521 0.559259 0.429167 0.565741 0.429688 0.565741 0.431771 0.569444 0.432292 0.569444 0.432812 0.570370 0.433854 0.570370 0.434375 0.569444 0.434896 0.569444 0.435417 0.568519 0.435417 0.564815 0.434896 0.563889 0.434896 0.562963 0.431771 0.557407 0.431771 0.556481 0.423438 0.541667 0.423438 0.540741 0.414583 0.525000 0.414583 0.524074 0.405729 0.508333 0.405729 0.507407 0.400521 0.498148 0.400000 0.498148 0.398438 0.495370
0 0.480469 0.518519 0.076563 0.077778 0.476562 0.479630 0.478125 0.482407 0.478125 0.485185 0.477604 0.486111 0.477604 0.487037 0.475000 0.491667 0.475000 0.492593 0.455729 0.526852 0.455729 0.527778 0.442188 0.551852 0.444271 0.555556 0.444792 0.555556 0.445833 0.557407 0.447396 0.557407 0.447917 0.556481 0.448437 0.556481 0.471875 0.514815 0.472396 0.514815 0.475521 0.509259 0.476042 0.509259 0.477604 0.506481 0.478646 0.506481 0.479167 0.507407 0.479687 0.507407 0.480729 0.509259 0.481250 0.509259 0.481771 0.510185 0.482292 0.510185 0.482812 0.511111 0.483333 0.511111 0.483854 0.512037 0.484375 0.512037 0.485417 0.513889 0.485938 0.513889 0.486458 0.514815 0.486979 0.514815 0.487500 0.515741 0.488021 0.515741 0.488542 0.516667 0.489063 0.516667 0.490104 0.518519 0.490625 0.518519 0.491146 0.519444 0.491667 0.519444 0.492188 0.520370 0.492708 0.520370 0.493229 0.521296 0.493750 0.521296 0.495312 0.524074 0.495833 0.524074 0.508854 0.547222 0.509375 0.547222 0.509896 0.548148 0.510417 0.548148 0.511458 0.550000 0.511979 0.550000 0.512500 0.550926 0.513021 0.550926 0.513542 0.551852 0.514062 0.551852 0.514583 0.552778 0.515104 0.552778 0.515625 0.553704 0.516146 0.553704 0.516667 0.554630 0.517188 0.553704 0.517708 0.553704 0.518750 0.551852 0.518750 0.549074 0.518229 0.548148 0.518229 0.547222 0.511979 0.536111 0.511979 0.535185 0.489063 0.494444 0.489063 0.493519 0.485938 0.487963 0.485417 0.487963 0.483333 0.484259 0.482292 0.484259 0.481771 0.483333 0.481250 0.483333 0.480729 0.482407 0.480208 0.482407 0.479687 0.481481 0.479167 0.481481 0.478646 0.480556 0.478125 0.480556 0.477604 0.479630
0 0.570052 0.514352 0.073438 0.080556 0.558854 0.474074 0.557292 0.476852 0.557813 0.477778 0.558333 0.477778 0.558854 0.478704 0.559896 0.478704 0.560417 0.479630 0.561458 0.479630 0.561979 0.480556 0.563021 0.480556 0.563542 0.481481 0.564583 0.481481 0.566146 0.484259 0.566146 0.487963 0.565625 0.488889 0.565625 0.489815 0.560417 0.499074 0.560417 0.500000 0.548438 0.521296 0.548438 0.522222 0.536979 0.542593 0.536979 0.543519 0.533333 0.550000 0.533333 0.550926 0.533854 0.551852 0.534375 0.551852 0.534896 0.552778 0.535417 0.552778 0.535937 0.553704 0.536458 0.553704 0.536979 0.554630 0.538542 0.554630 0.550521 0.533333 0.550521 0.532407 0.559375 0.516667 0.559896 0.516667 0.565104 0.507407 0.565625 0.507407 0.566146 0.506481 0.566667 0.506481 0.567187 0.507407 0.567708 0.507407 0.568229 0.508333 0.569271 0.508333 0.569792 0.509259 0.570312 0.509259 0.570833 0.510185 0.571875 0.510185 0.572396 0.511111 0.572917 0.511111 0.573438 0.512037 0.574479 0.512037 0.575000 0.512963 0.575521 0.512963 0.576042 0.513889 0.577083 0.513889 0.577604 0.514815 0.578125 0.514815 0.578646 0.515741 0.579688 0.515741 0.580208 0.516667 0.580729 0.516667 0.581250 0.517593 0.581771 0.517593 0.592187 0.536111 0.592187 0.537037 0.596354 0.544444 0.596875 0.544444 0.597396 0.545370 0.597917 0.545370 0.598437 0.546296 0.599479 0.546296 0.600000 0.547222 0.600521 0.547222 0.601042 0.548148 0.601562 0.548148 0.602083 0.549074 0.603125 0.549074 0.603646 0.550000 0.605729 0.550000 0.606771 0.548148 0.606771 0.544444 0.604167 0.539815 0.604167 0.538889 0.594271 0.521296 0.594271 0.520370 0.582812 0.500000 0.582812 0.499074 0.573958 0.483333 0.573438 0.483333 0.572917 0.482407 0.572396 0.482407 0.571875 0.481481 0.570833 0.481481 0.570312 0.480556 0.569271 0.480556 0.568750 0.479630 0.567708 0.479630 0.567187 0.478704 0.566146 0.478704 0.565625 0.477778 0.564583 0.477778 0.564063 0.476852 0.563021 0.476852 0.562500 0.475926 0.561458 0.475926 0.560937 0.475000 0.559896 0.475000 0.559375 0.474074
0 0.644531 0.525463 0.076563 0.065741 0.607292 0.545370 0.607292 0.548148 0.606250 0.550000 0.606771 0.550926 0.607292 0.550926 0.607812 0.551852 0.608854 0.551852 0.609375 0.552778 0.609896 0.552778 0.610417 0.553704 0.610938 0.553704 0.611458 0.554630 0.612500 0.554630 0.613021 0.555556 0.613542 0.555556 0.614062 0.556481 0.615104 0.556481 0.615625 0.557407 0.616146 0.557407 0.616667 0.558333 0.617188 0.558333 0.617708 0.557407 0.618229 0.557407 0.622917 0.549074 0.620313 0.553704 0.617708 0.553704 0.617188 0.552778 0.616667 0.552778 0.616146 0.551852 0.615104 0.551852 0.614583 0.550926 0.614062 0.550926 0.613542 0.550000 0.612500 0.550000 0.611979 0.549074 0.611458 0.549074 0.610938 0.548148 0.610417 0.548148 0.609896 0.547222 0.608854 0.547222 0.608333 0.546296 0.607812 0.546296
0 0.355729 0.519907 0.085417 0.086111 0.313021 0.476852 0.313542 0.477778 0.313542 0.478704 0.314063 0.479630 0.314063 0.480556 0.314583 0.481481 0.314583 0.483333 0.315104 0.484259 0.315104 0.485185 0.315625 0.486111 0.315625 0.487037 0.316146 0.487963 0.316146 0.488889 0.316667 0.489815 0.316667 0.491667 0.317188 0.492593 0.317188 0.493519 0.317708 0.494444 0.317708 0.495370 0.332292 0.521296 0.332813 0.521296 0.344792 0.542593 0.345313 0.542593 0.354687 0.559259 0.355208 0.559259 0.356771 0.562037 0.357292 0.562037 0.357812 0.562963 0.358854 0.562963 0.359375 0.562037 0.359896 0.562037 0.397396 0.495370 0.397396 0.494444 0.398438 0.492593 0.398438 0.490741 0.397917 0.489815 0.397917 0.488889 0.396354 0.486111 0.395833 0.486111 0.394271 0.483333 0.393229 0.483333 0.390625 0.487963 0.390104 0.487963 0.383854 0.499074 0.383333 0.499074 0.364583 0.532407 0.364063 0.532407 0.363542 0.533333 0.362500 0.533333 0.359375 0.527778 0.359375 0.526852 0.358333 0.525000 0.358333 0.524074 0.357292 0.522222 0.356250 0.522222 0.355729 0.521296 0.355208 0.521296 0.349479 0.511111 0.348958 0.511111 0.347917 0.509259 0.349479 0.512037 0.349479 0.512963 0.350521 0.514815 0.350521 0.515741 0.351562 0.517593 0.351562 0.518519 0.352604 0.520370 0.352604 0.521296 0.353646 0.523148 0.353646 0.526852 0.352604 0.528704 0.352083 0.528704 0.351562 0.529630 0.350000 0.529630 0.348958 0.527778 0.348438 0.527778 0.345833 0.523148 0.345313 0.523148 0.335417 0.505556 0.334896 0.505556 0.328646 0.494444 0.328125 0.494444 0.324479 0.487963 0.323958 0.487963 0.321875 0.484259 0.321354 0.484259 0.319792 0.481481 0.319271 0.481481 0.318229 0.479630 0.317708 0.479630 0.317188 0.478704 0.316667 0.478704 0.316146 0.477778 0.315625 0.477778 0.315104 0.476852
0 0.435937 0.515741 0.083333 0.075926 0.398438 0.477778 0.397917 0.478704 0.397396 0.478704 0.396875 0.479630 0.396354 0.479630 0.395313 0.481481 0.394792 0.481481 0.394271 0.482407 0.395833 0.485185 0.396354 0.485185 0.398438 0.488889 0.398438 0.489815 0.398958 0.490741 0.398958 0.492593 0.398438 0.493519 0.400521 0.497222 0.401042 0.497222 0.406250 0.506481 0.406771 0.506481 0.409375 0.511111 0.409896 0.511111 0.411979 0.514815 0.412500 0.514815 0.415104 0.519444 0.415625 0.519444 0.418229 0.524074 0.418750 0.524074 0.421354 0.528704 0.421875 0.528704 0.423958 0.532407 0.424479 0.532407 0.427083 0.537037 0.427604 0.537037 0.430208 0.541667 0.430729 0.541667 0.432812 0.545370 0.433333 0.545370 0.435937 0.550000 0.436458 0.550000 0.438021 0.552778 0.438542 0.552778 0.439063 0.553704 0.440104 0.553704 0.440625 0.552778 0.441146 0.552778 0.455208 0.527778 0.455208 0.526852 0.474479 0.492593 0.474479 0.491667 0.477083 0.487037 0.477083 0.486111 0.477604 0.485185 0.477604 0.482407 0.476562 0.480556 0.476042 0.480556 0.470833 0.489815 0.470313 0.489815 0.455729 0.515741 0.455729 0.516667 0.453125 0.521296 0.452604 0.521296 0.450521 0.525000 0.448958 0.525000 0.447917 0.523148 0.447396 0.523148 0.446354 0.521296 0.445833 0.521296 0.444792 0.519444 0.444271 0.519444 0.442708 0.516667 0.442188 0.516667 0.441146 0.514815 0.440625 0.514815 0.440104 0.515741 0.439583 0.515741 0.439063 0.516667 0.438542 0.516667 0.438021 0.515741 0.437500 0.515741 0.436458 0.513889 0.435937 0.513889 0.434375 0.511111 0.433854 0.511111 0.432812 0.509259 0.432292 0.509259 0.431250 0.507407 0.430729 0.507407 0.429167 0.504630 0.438021 0.520370 0.438021 0.521296 0.439063 0.523148 0.439063 0.524074 0.439583 0.525000 0.439583 0.525926 0.439063 0.526852 0.439063 0.527778 0.438021 0.529630 0.437500 0.529630 0.436979 0.530556 0.436458 0.530556 0.435937 0.529630 0.435417 0.529630 0.434896 0.528704 0.434375 0.528704 0.432812 0.525926 0.432292 0.525926 0.430729 0.523148 0.430208 0.523148 0.428646 0.520370 0.428125 0.520370 0.426563 0.517593 0.426042 0.517593 0.424479 0.514815 0.423958 0.514815 0.422396 0.512037 0.421875 0.512037 0.409375 0.489815 0.408854 0.489815 0.405208 0.483333 0.404687 0.483333 0.403125 0.480556 0.402604 0.480556 0.401042 0.477778
0 0.521354 0.514352 0.088542 0.080556 0.480729 0.474074 0.480208 0.475000 0.479687 0.475000 0.477604 0.478704 0.477083 0.478704 0.477604 0.478704 0.478125 0.479630 0.478646 0.479630 0.479167 0.480556 0.479687 0.480556 0.480208 0.481481 0.480729 0.481481 0.481250 0.482407 0.481771 0.482407 0.482292 0.483333 0.483333 0.483333 0.485417 0.487037 0.485938 0.487037 0.489583 0.493519 0.489583 0.494444 0.512500 0.535185 0.512500 0.536111 0.517188 0.544444 0.517708 0.544444 0.518750 0.546296 0.519271 0.546296 0.519792 0.547222 0.520312 0.547222 0.520833 0.548148 0.521354 0.548148 0.521875 0.549074 0.522396 0.549074 0.522917 0.550000 0.523438 0.550000 0.524479 0.551852 0.525000 0.551852 0.525521 0.552778 0.526042 0.552778 0.526563 0.553704 0.527083 0.553704 0.527604 0.554630 0.529687 0.554630 0.530208 0.553704 0.530729 0.553704 0.536458 0.543519 0.536458 0.542593 0.547917 0.522222 0.547917 0.521296 0.559896 0.500000 0.559896 0.499074 0.565104 0.489815 0.565104 0.488889 0.565625 0.487963 0.565625 0.484259 0.564583 0.482407 0.563542 0.482407 0.563021 0.481481 0.561979 0.481481 0.561458 0.480556 0.560417 0.480556 0.559896 0.479630 0.558854 0.479630 0.558333 0.478704 0.557813 0.478704 0.557292 0.477778 0.556771 0.477778 0.540104 0.507407 0.540104 0.508333 0.536979 0.513889 0.536458 0.513889 0.535417 0.515741 0.533854 0.515741 0.533333 0.514815 0.532813 0.514815 0.532292 0.513889 0.531250 0.513889 0.529167 0.517593 0.526563 0.517593 0.526042 0.516667 0.525521 0.516667 0.525000 0.515741 0.524479 0.515741 0.523958 0.514815 0.523438 0.514815 0.522917 0.513889 0.523438 0.514815 0.523438 0.519444 0.522396 0.521296 0.521875 0.521296 0.521354 0.522222 0.520833 0.522222 0.520312 0.521296 0.519271 0.521296 0.518750 0.520370 0.518229 0.520370 0.517708 0.519444 0.517188 0.519444 0.516667 0.518519 0.516146 0.518519 0.515625 0.517593 0.515104 0.517593 0.514583 0.516667 0.514062 0.516667 0.513542 0.515741 0.513021 0.515741 0.496875 0.487037 0.496354 0.487037 0.495312 0.485185 0.494271 0.485185 0.493750 0.484259 0.493229 0.484259 0.492708 0.483333 0.492188 0.483333 0.491667 0.482407 0.491146 0.482407 0.490625 0.481481 0.489583 0.481481 0.489063 0.480556 0.488542 0.480556 0.488021 0.479630 0.487500 0.479630 0.486979 0.478704 0.486458 0.478704 0.485938 0.477778 0.484896 0.477778 0.484375 0.476852 0.483854 0.476852 0.483333 0.475926 0.482812 0.475926 0.482292 0.475000 0.481771 0.475000 0.481250 0.474074
0 0.607292 0.511574 0.095833 0.082407 0.561458 0.470370 0.560417 0.472222 0.559896 0.472222 0.559375 0.473148 0.559896 0.474074 0.560937 0.474074 0.561458 0.475000 0.562500 0.475000 0.563021 0.475926 0.564063 0.475926 0.564583 0.476852 0.565625 0.476852 0.566146 0.477778 0.567187 0.477778 0.567708 0.478704 0.568750 0.478704 0.569271 0.479630 0.570312 0.479630 0.570833 0.480556 0.571875 0.480556 0.572396 0.481481 0.572917 0.481481 0.573438 0.482407 0.573958 0.482407 0.583333 0.499074 0.583333 0.500000 0.594792 0.520370 0.594792 0.521296 0.604688 0.538889 0.604688 0.539815 0.607812 0.545370 0.608333 0.545370 0.608854 0.546296 0.609896 0.546296 0.610417 0.547222 0.610938 0.547222 0.611458 0.548148 0.611979 0.548148 0.612500 0.549074 0.613542 0.549074 0.614062 0.550000 0.614583 0.550000 0.615104 0.550926 0.616146 0.550926 0.616667 0.551852 0.617188 0.551852 0.617708 0.552778 0.620313 0.552778 0.628125 0.538889 0.628125 0.537963 0.636979 0.522222 0.636979 0.521296 0.645833 0.505556 0.645833 0.504630 0.653125 0.491667 0.653125 0.490741 0.654687 0.487963 0.654687 0.487037 0.655208 0.486111 0.655208 0.484259 0.653646 0.481481 0.653125 0.481481 0.652604 0.480556 0.651042 0.480556 0.650521 0.479630 0.650000 0.479630 0.628646 0.517593 0.628646 0.518519 0.624479 0.525926 0.623958 0.525926 0.623437 0.526852 0.622396 0.526852 0.621875 0.525926 0.620833 0.525926 0.620313 0.525000 0.619271 0.525000 0.618750 0.524074 0.618229 0.524074 0.617708 0.523148 0.616667 0.523148 0.616146 0.522222 0.615104 0.522222 0.614583 0.521296 0.613542 0.521296 0.613021 0.520370 0.611979 0.520370 0.611458 0.519444 0.610417 0.519444 0.609896 0.518519 0.609375 0.518519 0.608854 0.517593 0.607812 0.517593 0.607292 0.516667 0.606250 0.516667 0.605729 0.515741 0.604688 0.515741 0.603125 0.512963 0.603125 0.512037 0.588021 0.485185 0.587500 0.485185 0.586979 0.484259 0.585938 0.484259 0.585417 0.483333 0.584375 0.483333 0.583854 0.482407 0.582812 0.482407 0.582292 0.481481 0.581250 0.481481 0.580729 0.480556 0.579688 0.480556 0.579167 0.479630 0.578125 0.479630 0.577604 0.478704 0.576562 0.478704 0.576042 0.477778 0.575000 0.477778 0.574479 0.476852 0.572917 0.476852 0.572396 0.475926 0.571354 0.475926 0.570833 0.475000 0.569792 0.475000 0.569271 0.474074 0.568229 0.474074 0.567708 0.473148 0.566667 0.473148 0.566146 0.472222 0.565104 0.472222 0.564583 0.471296 0.563542 0.471296 0.563021 0.470370
0 0.689583 0.517130 0.071875 0.073148 0.715104 0.480556 0.714583 0.481481 0.714583 0.482407 0.707292 0.495370 0.707292 0.496296 0.699479 0.510185 0.699479 0.511111 0.692187 0.524074 0.691667 0.524074 0.691146 0.525000 0.690104 0.525000 0.689583 0.524074 0.688542 0.524074 0.688021 0.523148 0.686458 0.523148 0.685937 0.522222 0.684896 0.522222 0.684375 0.521296 0.683333 0.521296 0.682813 0.520370 0.681250 0.520370 0.680729 0.519444 0.679688 0.519444 0.679167 0.518519 0.678646 0.518519 0.672917 0.508333 0.672917 0.507407 0.666667 0.496296 0.666667 0.495370 0.663021 0.488889 0.662500 0.488889 0.661458 0.487037 0.659896 0.487037 0.659375 0.486111 0.657813 0.486111 0.657292 0.485185 0.655729 0.485185 0.655729 0.486111 0.655208 0.487037 0.655208 0.487963 0.653646 0.490741 0.653646 0.491667 0.660417 0.503704 0.660417 0.504630 0.666667 0.515741 0.666667 0.516667 0.673438 0.528704 0.673438 0.529630 0.679688 0.540741 0.679688 0.541667 0.682292 0.546296 0.682292 0.547222 0.682813 0.548148 0.682813 0.549074 0.683854 0.549074 0.684375 0.550000 0.685417 0.550000 0.685937 0.550926 0.686979 0.550926 0.687500 0.551852 0.688542 0.551852 0.689063 0.552778 0.690104 0.552778 0.690625 0.553704 0.691667 0.553704 0.692187 0.552778 0.692708 0.552778 0.698438 0.542593 0.698438 0.541667 0.706250 0.527778 0.706250 0.526852 0.713542 0.513889 0.713542 0.512963 0.720833 0.500000 0.720833 0.499074 0.725000 0.491667 0.725000 0.490741 0.725521 0.489815 0.725521 0.486111 0.724479 0.484259 0.722917 0.484259 0.722396 0.483333 0.720833 0.483333 0.720313 0.482407 0.718750 0.482407 0.718229 0.481481 0.716146 0.481481 0.715625 0.480556
0 0.312760 0.485648 0.080729 0.093519 0.311458 0.438889 0.310937 0.439815 0.309896 0.439815 0.309375 0.440741 0.308854 0.440741 0.307812 0.442593 0.307292 0.442593 0.305729 0.445370 0.305208 0.445370 0.302604 0.450000 0.302083 0.450000 0.298958 0.455556 0.298958 0.456481 0.299479 0.457407 0.299479 0.459259 0.300000 0.460185 0.300000 0.461111 0.300521 0.462037 0.300521 0.463889 0.301042 0.464815 0.301042 0.465741 0.301563 0.466667 0.301563 0.468519 0.302083 0.469444 0.302083 0.472222 0.300521 0.475000 0.300521 0.475926 0.272396 0.525926 0.272396 0.528704 0.273958 0.531481 0.274479 0.531481 0.275000 0.532407 0.275521 0.531481 0.276042 0.531481 0.276562 0.530556 0.277083 0.530556 0.294792 0.499074 0.295312 0.499074 0.301563 0.487963 0.302083 0.487963 0.304688 0.483333 0.305208 0.483333 0.307292 0.479630 0.307812 0.479630 0.308333 0.478704 0.308854 0.478704 0.309896 0.476852 0.310937 0.476852 0.311458 0.475926 0.315104 0.475926 0.315625 0.476852 0.316146 0.476852 0.316667 0.477778 0.317188 0.477778 0.317708 0.478704 0.318229 0.478704 0.319271 0.480556 0.319792 0.480556 0.321354 0.483333 0.321875 0.483333 0.323958 0.487037 0.324479 0.487037 0.328125 0.493519 0.328646 0.493519 0.334896 0.504630 0.335417 0.504630 0.345313 0.522222 0.345833 0.522222 0.348438 0.526852 0.348958 0.526852 0.350000 0.528704 0.351562 0.528704 0.352083 0.527778 0.352604 0.527778 0.353125 0.526852 0.353125 0.523148 0.352083 0.521296 0.352083 0.520370 0.351042 0.518519 0.351042 0.517593 0.350000 0.515741 0.350000 0.514815 0.348958 0.512963 0.348958 0.512037 0.347396 0.509259 0.347396 0.508333 0.335938 0.487963 0.335417 0.487963 0.321875 0.463889 0.321354 0.463889 0.318229 0.458333 0.318229 0.457407 0.316146 0.453704 0.316146 0.452778 0.315625 0.451852 0.315625 0.450926 0.315104 0.450000 0.315104 0.449074 0.314063 0.447222 0.314063 0.446296 0.313542 0.445370 0.313542 0.444444 0.313021 0.443519 0.313021 0.442593 0.311979 0.440741 0.311979 0.439815
0 0.398438 0.492593 0.081250 0.079630 0.396875 0.452778 0.395833 0.454630 0.395833 0.455556 0.358854 0.521296 0.358333 0.521296 0.357812 0.522222 0.358854 0.524074 0.358854 0.525000 0.359896 0.526852 0.359896 0.527778 0.362500 0.532407 0.363542 0.532407 0.364063 0.531481 0.364583 0.531481 0.383333 0.498148 0.383854 0.498148 0.390104 0.487037 0.390625 0.487037 0.393229 0.482407 0.393750 0.482407 0.394792 0.480556 0.395313 0.480556 0.396354 0.478704 0.396875 0.478704 0.397396 0.477778 0.397917 0.477778 0.398438 0.476852 0.401042 0.476852 0.402604 0.479630 0.403125 0.479630 0.404687 0.482407 0.405208 0.482407 0.408854 0.488889 0.409375 0.488889 0.421875 0.511111 0.422396 0.511111 0.423958 0.513889 0.424479 0.513889 0.426042 0.516667 0.426563 0.516667 0.428125 0.519444 0.428646 0.519444 0.430208 0.522222 0.430729 0.522222 0.432292 0.525000 0.432812 0.525000 0.434375 0.527778 0.434896 0.527778 0.435417 0.528704 0.435937 0.528704 0.436458 0.529630 0.436979 0.529630 0.437500 0.528704 0.438021 0.528704 0.438542 0.527778 0.438542 0.526852 0.439063 0.525926 0.439063 0.525000 0.438542 0.524074 0.438542 0.523148 0.437500 0.521296 0.437500 0.520370 0.405208 0.462963 0.404687 0.462963 0.401562 0.457407 0.401042 0.457407 0.400000 0.455556 0.399479 0.455556 0.398958 0.454630 0.398438 0.454630 0.397396 0.452778
0 0.482031 0.483796 0.081771 0.080556 0.477083 0.443519 0.477083 0.444444 0.477604 0.445370 0.477604 0.447222 0.477083 0.448148 0.477083 0.449074 0.475000 0.452778 0.475000 0.453704 0.450521 0.497222 0.450521 0.498148 0.441667 0.513889 0.441146 0.513889 0.442188 0.515741 0.442708 0.515741 0.444271 0.518519 0.444792 0.518519 0.445833 0.520370 0.446354 0.520370 0.447396 0.522222 0.447917 0.522222 0.448958 0.524074 0.450521 0.524074 0.452604 0.520370 0.453125 0.520370 0.455208 0.516667 0.455208 0.515741 0.470313 0.488889 0.470833 0.488889 0.477083 0.477778 0.477604 0.477778 0.479687 0.474074 0.480208 0.474074 0.480729 0.473148 0.481250 0.473148 0.481771 0.474074 0.482292 0.474074 0.482812 0.475000 0.483333 0.475000 0.483854 0.475926 0.484375 0.475926 0.484896 0.476852 0.485938 0.476852 0.486458 0.477778 0.486979 0.477778 0.487500 0.478704 0.488021 0.478704 0.488542 0.479630 0.489063 0.479630 0.489583 0.480556 0.490625 0.480556 0.491146 0.481481 0.491667 0.481481 0.492188 0.482407 0.492708 0.482407 0.493229 0.483333 0.493750 0.483333 0.494271 0.484259 0.495312 0.484259 0.496354 0.486111 0.496875 0.486111 0.513021 0.514815 0.513542 0.514815 0.514062 0.515741 0.514583 0.515741 0.515104 0.516667 0.515625 0.516667 0.516146 0.517593 0.516667 0.517593 0.517188 0.518519 0.517708 0.518519 0.518229 0.519444 0.518750 0.519444 0.519271 0.520370 0.520312 0.520370 0.520833 0.521296 0.521354 0.521296 0.521875 0.520370 0.522396 0.520370 0.522917 0.519444 0.522917 0.514815 0.520833 0.511111 0.520833 0.510185 0.505729 0.483333 0.505729 0.482407 0.487500 0.450000 0.486979 0.450000 0.486458 0.449074 0.485417 0.449074 0.484896 0.448148 0.483854 0.448148 0.483333 0.447222 0.482812 0.447222 0.482292 0.446296 0.481250 0.446296 0.480729 0.445370 0.479687 0.445370 0.479167 0.444444 0.478125 0.444444 0.477604 0.443519
0 0.567448 0.478241 0.071354 0.073148 0.565104 0.441667 0.564583 0.442593 0.564063 0.442593 0.563542 0.443519 0.563542 0.444444 0.564063 0.444444 0.564583 0.445370 0.564583 0.446296 0.565104 0.447222 0.565104 0.450926 0.563021 0.454630 0.563021 0.455556 0.552604 0.474074 0.552604 0.475000 0.541146 0.495370 0.541146 0.496296 0.531771 0.512963 0.532292 0.512963 0.532813 0.513889 0.533333 0.513889 0.533854 0.514815 0.535417 0.514815 0.536458 0.512963 0.536979 0.512963 0.539583 0.508333 0.539583 0.507407 0.559896 0.471296 0.560417 0.471296 0.561458 0.469444 0.563021 0.469444 0.563542 0.470370 0.564583 0.470370 0.565104 0.471296 0.566146 0.471296 0.566667 0.472222 0.567708 0.472222 0.568229 0.473148 0.569271 0.473148 0.569792 0.474074 0.570833 0.474074 0.571354 0.475000 0.572396 0.475000 0.572917 0.475926 0.574479 0.475926 0.575000 0.476852 0.576042 0.476852 0.576562 0.477778 0.577604 0.477778 0.578125 0.478704 0.579167 0.478704 0.579688 0.479630 0.580729 0.479630 0.581250 0.480556 0.582292 0.480556 0.582812 0.481481 0.583854 0.481481 0.584375 0.482407 0.585417 0.482407 0.585938 0.483333 0.586979 0.483333 0.587500 0.484259 0.588021 0.484259 0.602604 0.510185 0.603125 0.509259 0.603125 0.505556 0.601562 0.502778 0.601562 0.501852 0.593750 0.487963 0.593750 0.487037 0.584375 0.470370 0.584375 0.469444 0.573958 0.450926 0.573958 0.450000 0.571354 0.445370 0.570833 0.445370 0.569792 0.443519 0.568750 0.443519 0.568229 0.442593 0.566667 0.442593 0.566146 0.441667
0 0.646615 0.489352 0.086979 0.073148 0.653125 0.452778 0.650521 0.457407 0.650521 0.458333 0.641667 0.474074 0.641667 0.475000 0.632812 0.490741 0.632812 0.491667 0.623437 0.508333 0.623437 0.509259 0.620313 0.514815 0.619792 0.514815 0.618750 0.516667 0.616667 0.516667 0.616146 0.515741 0.615625 0.515741 0.615104 0.514815 0.614062 0.514815 0.613542 0.513889 0.612500 0.513889 0.611979 0.512963 0.610938 0.512963 0.610417 0.512037 0.609375 0.512037 0.608854 0.511111 0.607812 0.511111 0.607292 0.510185 0.606250 0.510185 0.605729 0.509259 0.604688 0.509259 0.604167 0.508333 0.603646 0.508333 0.603646 0.509259 0.603125 0.510185 0.603125 0.511111 0.603646 0.512037 0.603646 0.512963 0.604688 0.514815 0.605729 0.514815 0.606250 0.515741 0.607292 0.515741 0.607812 0.516667 0.608854 0.516667 0.609375 0.517593 0.609896 0.517593 0.610417 0.518519 0.611458 0.518519 0.611979 0.519444 0.613021 0.519444 0.613542 0.520370 0.614583 0.520370 0.615104 0.521296 0.616146 0.521296 0.616667 0.522222 0.617708 0.522222 0.618229 0.523148 0.618750 0.523148 0.619271 0.524074 0.620313 0.524074 0.620833 0.525000 0.621875 0.525000 0.622396 0.525926 0.623437 0.525926 0.623958 0.525000 0.624479 0.525000 0.628125 0.518519 0.628125 0.517593 0.650000 0.478704 0.650521 0.478704 0.651042 0.479630 0.652604 0.479630 0.653125 0.480556 0.653646 0.480556 0.655729 0.484259 0.657292 0.484259 0.657813 0.485185 0.659375 0.485185 0.659896 0.486111 0.661458 0.486111 0.662500 0.487963 0.663021 0.487963 0.667188 0.495370 0.667188 0.496296 0.673438 0.507407 0.673438 0.508333 0.678646 0.517593 0.679688 0.517593 0.680208 0.518519 0.681771 0.518519 0.682292 0.519444 0.683333 0.519444 0.683854 0.520370 0.684896 0.520370 0.685417 0.521296 0.686979 0.521296 0.687500 0.522222 0.688542 0.522222 0.689583 0.520370 0.689583 0.519444 0.690104 0.518519 0.689583 0.517593 0.689583 0.515741 0.688021 0.512963 0.688021 0.512037 0.682813 0.502778 0.682813 0.501852 0.677083 0.491667 0.677083 0.490741 0.671354 0.480556 0.671354 0.479630 0.665625 0.469444 0.665625 0.468519 0.657813 0.454630 0.657292 0.454630 0.656771 0.453704 0.654687 0.453704 0.654167 0.452778
0 0.354167 0.480093 0.084375 0.082407 0.311979 0.438889 0.312500 0.439815 0.312500 0.440741 0.313542 0.442593 0.313542 0.443519 0.314063 0.444444 0.314063 0.445370 0.314583 0.446296 0.314583 0.447222 0.315625 0.449074 0.315625 0.450000 0.316146 0.450926 0.316146 0.451852 0.316667 0.452778 0.316667 0.453704 0.318750 0.457407 0.318750 0.458333 0.321354 0.462963 0.321875 0.462963 0.335417 0.487037 0.335938 0.487037 0.348958 0.510185 0.349479 0.510185 0.355208 0.520370 0.355729 0.520370 0.356250 0.521296 0.357812 0.521296 0.358333 0.520370 0.358854 0.520370 0.395313 0.455556 0.395313 0.454630 0.396354 0.452778 0.396354 0.449074 0.394792 0.446296 0.394271 0.446296 0.393750 0.445370 0.391667 0.449074 0.391146 0.449074 0.386979 0.456481 0.386458 0.456481 0.365625 0.493519 0.365104 0.493519 0.364063 0.495370 0.362500 0.495370 0.359375 0.489815 0.359375 0.488889 0.358333 0.487037 0.357812 0.487037 0.357292 0.486111 0.356771 0.486111 0.353646 0.480556 0.353125 0.480556 0.343229 0.462963 0.343750 0.463889 0.343750 0.464815 0.346354 0.469444 0.346354 0.470370 0.348958 0.475000 0.348958 0.475926 0.351562 0.480556 0.351562 0.481481 0.353646 0.485185 0.353646 0.486111 0.354167 0.487037 0.354167 0.487963 0.353646 0.488889 0.353646 0.489815 0.352604 0.491667 0.352083 0.491667 0.351562 0.492593 0.350521 0.492593 0.350000 0.491667 0.349479 0.491667 0.347917 0.488889 0.347396 0.488889 0.339062 0.474074 0.338542 0.474074 0.330729 0.460185 0.330208 0.460185 0.325521 0.451852 0.325000 0.451852 0.322396 0.447222 0.321875 0.447222 0.320312 0.444444 0.319792 0.444444 0.318229 0.441667 0.317708 0.441667 0.317188 0.440741 0.316667 0.440741 0.316146 0.439815 0.315104 0.439815 0.314583 0.438889
0 0.435677 0.477778 0.082812 0.075926 0.398958 0.439815 0.398438 0.440741 0.397917 0.440741 0.397396 0.441667 0.396875 0.441667 0.396354 0.442593 0.395833 0.442593 0.394271 0.445370 0.394792 0.445370 0.396875 0.449074 0.396875 0.451852 0.397396 0.451852 0.398438 0.453704 0.398958 0.453704 0.399479 0.454630 0.400000 0.454630 0.401042 0.456481 0.401562 0.456481 0.404687 0.462037 0.405208 0.462037 0.428646 0.503704 0.429167 0.503704 0.430729 0.506481 0.431250 0.506481 0.432292 0.508333 0.432812 0.508333 0.433854 0.510185 0.434375 0.510185 0.435937 0.512963 0.436458 0.512963 0.437500 0.514815 0.438021 0.514815 0.438542 0.515741 0.439063 0.515741 0.439583 0.514815 0.440104 0.514815 0.441146 0.512963 0.441667 0.512963 0.450000 0.498148 0.450000 0.497222 0.474479 0.453704 0.474479 0.452778 0.476562 0.449074 0.476562 0.448148 0.477083 0.447222 0.477083 0.445370 0.476562 0.444444 0.476562 0.443519 0.476042 0.442593 0.475521 0.442593 0.475000 0.441667 0.450000 0.486111 0.447917 0.486111 0.447396 0.485185 0.446875 0.485185 0.446354 0.484259 0.445833 0.484259 0.444792 0.482407 0.444271 0.482407 0.443750 0.481481 0.443229 0.481481 0.442708 0.480556 0.442188 0.480556 0.441667 0.479630 0.441146 0.479630 0.440104 0.477778 0.439583 0.477778 0.439063 0.478704 0.438542 0.477778 0.438021 0.477778 0.437500 0.476852 0.436979 0.476852 0.436458 0.475926 0.435937 0.475926 0.435417 0.475000 0.434896 0.475000 0.433854 0.473148 0.433333 0.473148 0.432812 0.472222 0.432292 0.472222 0.431771 0.471296 0.439583 0.485185 0.439583 0.486111 0.440104 0.487037 0.440104 0.488889 0.439583 0.489815 0.439583 0.490741 0.438542 0.492593 0.436458 0.492593 0.435937 0.491667 0.435417 0.491667 0.434896 0.490741 0.434375 0.490741 0.433333 0.488889 0.432812 0.488889 0.432292 0.487963 0.431771 0.487963 0.430729 0.486111 0.430208 0.486111 0.429167 0.484259 0.428646 0.484259 0.428125 0.483333 0.427604 0.483333 0.426563 0.481481 0.426042 0.481481 0.417708 0.466667 0.417187 0.466667 0.405208 0.445370 0.404687 0.445370 0.403646 0.443519 0.403125 0.443519 0.402604 0.442593 0.402083 0.442593 0.401042 0.440741 0.400521 0.440741 0.400000 0.439815
0 0.520052 0.476852 0.089063 0.079630 0.478125 0.437037 0.475521 0.441667 0.476042 0.441667 0.476562 0.442593 0.477604 0.442593 0.478125 0.443519 0.479167 0.443519 0.479687 0.444444 0.480729 0.444444 0.481250 0.445370 0.482292 0.445370 0.482812 0.446296 0.483333 0.446296 0.483854 0.447222 0.484896 0.447222 0.485417 0.448148 0.486458 0.448148 0.486979 0.449074 0.487500 0.449074 0.506250 0.482407 0.506250 0.483333 0.521354 0.510185 0.521354 0.511111 0.522396 0.512963 0.522917 0.512963 0.523438 0.513889 0.523958 0.513889 0.524479 0.514815 0.525000 0.514815 0.525521 0.515741 0.526042 0.515741 0.526563 0.516667 0.529167 0.516667 0.540625 0.496296 0.540625 0.495370 0.552083 0.475000 0.552083 0.474074 0.562500 0.455556 0.562500 0.454630 0.564583 0.450926 0.564583 0.447222 0.564063 0.446296 0.564063 0.445370 0.563542 0.445370 0.563021 0.444444 0.550000 0.467593 0.550000 0.468519 0.541667 0.483333 0.539583 0.483333 0.539062 0.482407 0.538021 0.482407 0.537500 0.481481 0.536458 0.481481 0.535937 0.480556 0.535417 0.480556 0.534896 0.479630 0.533854 0.479630 0.533333 0.478704 0.532292 0.478704 0.530729 0.481481 0.530208 0.481481 0.529687 0.482407 0.528646 0.482407 0.528125 0.481481 0.527604 0.481481 0.527083 0.480556 0.526042 0.480556 0.525521 0.479630 0.524479 0.479630 0.523958 0.478704 0.523438 0.478704 0.522917 0.477778 0.522396 0.477778 0.522396 0.480556 0.520833 0.483333 0.518750 0.483333 0.518229 0.482407 0.517708 0.482407 0.517188 0.481481 0.516146 0.481481 0.515625 0.480556 0.515104 0.480556 0.514583 0.479630 0.513542 0.479630 0.513021 0.478704 0.512500 0.478704 0.501563 0.459259 0.501563 0.458333 0.497396 0.450926 0.496875 0.450926 0.494792 0.447222 0.493750 0.447222 0.493229 0.446296 0.492188 0.446296 0.491667 0.445370 0.491146 0.445370 0.490625 0.444444 0.489583 0.444444 0.489063 0.443519 0.488021 0.443519 0.487500 0.442593 0.486458 0.442593 0.485938 0.441667 0.484896 0.441667 0.484375 0.440741 0.483333 0.440741 0.482812 0.439815 0.481771 0.439815 0.481250 0.438889 0.480729 0.438889 0.480208 0.437963 0.479167 0.437963 0.478646 0.437037
0 0.609635 0.476852 0.088021 0.077778 0.567187 0.437963 0.565625 0.440741 0.566146 0.440741 0.566667 0.441667 0.568229 0.441667 0.568750 0.442593 0.569792 0.442593 0.570833 0.444444 0.571354 0.444444 0.574479 0.450000 0.574479 0.450926 0.584896 0.469444 0.584896 0.470370 0.594271 0.487037 0.594271 0.487963 0.602083 0.501852 0.602083 0.502778 0.603646 0.505556 0.603646 0.507407 0.604167 0.507407 0.604688 0.508333 0.605729 0.508333 0.606250 0.509259 0.607292 0.509259 0.607812 0.510185 0.608854 0.510185 0.609375 0.511111 0.610417 0.511111 0.610938 0.512037 0.611979 0.512037 0.612500 0.512963 0.613542 0.512963 0.614062 0.513889 0.615104 0.513889 0.615625 0.514815 0.616146 0.514815 0.616667 0.515741 0.618750 0.515741 0.619792 0.513889 0.620313 0.513889 0.622917 0.509259 0.622917 0.508333 0.632292 0.491667 0.632292 0.490741 0.641146 0.475000 0.641146 0.474074 0.650000 0.458333 0.650000 0.457407 0.653125 0.451852 0.653125 0.450926 0.653646 0.450000 0.653646 0.446296 0.652604 0.444444 0.651563 0.444444 0.651042 0.443519 0.648958 0.443519 0.648438 0.442593 0.646354 0.442593 0.642188 0.450000 0.641667 0.450000 0.634375 0.462963 0.634375 0.463889 0.620313 0.488889 0.619271 0.488889 0.618750 0.487963 0.617708 0.487963 0.617188 0.487037 0.615625 0.487037 0.615104 0.486111 0.614062 0.486111 0.613542 0.485185 0.612500 0.485185 0.611979 0.484259 0.610417 0.484259 0.609896 0.483333 0.608854 0.483333 0.608333 0.482407 0.607292 0.482407 0.606771 0.481481 0.605729 0.481481 0.592708 0.458333 0.592708 0.457407 0.587500 0.448148 0.586979 0.448148 0.586458 0.447222 0.585938 0.447222 0.585417 0.446296 0.583854 0.446296 0.583333 0.445370 0.581771 0.445370 0.581250 0.444444 0.579688 0.444444 0.579167 0.443519 0.577604 0.443519 0.577083 0.442593 0.575521 0.442593 0.575000 0.441667 0.573438 0.441667 0.572917 0.440741 0.571354 0.440741 0.570833 0.439815 0.569792 0.439815 0.569271 0.438889 0.567708 0.438889
0 0.692448 0.489815 0.065104 0.068519 0.722917 0.455556 0.716146 0.467593 0.716146 0.468519 0.708333 0.482407 0.708333 0.483333 0.698958 0.500000 0.697396 0.500000 0.696875 0.499074 0.695312 0.499074 0.694792 0.498148 0.693229 0.498148 0.692708 0.497222 0.691146 0.497222 0.690625 0.496296 0.689063 0.496296 0.688542 0.495370 0.686979 0.495370 0.686458 0.494444 0.684896 0.494444 0.684375 0.493519 0.682813 0.493519 0.682292 0.492593 0.680729 0.492593 0.680208 0.491667 0.679688 0.491667 0.673958 0.481481 0.673958 0.480556 0.667708 0.469444 0.667708 0.468519 0.662500 0.459259 0.661979 0.459259 0.661458 0.458333 0.660417 0.458333 0.659896 0.457407 0.666146 0.468519 0.666146 0.469444 0.671875 0.479630 0.671875 0.480556 0.677604 0.490741 0.677604 0.491667 0.683333 0.501852 0.683333 0.502778 0.688542 0.512037 0.688542 0.512963 0.690104 0.515741 0.690104 0.517593 0.690625 0.518519 0.690104 0.519444 0.690104 0.520370 0.688542 0.523148 0.689583 0.523148 0.690104 0.524074 0.691146 0.524074 0.691667 0.523148 0.692187 0.523148 0.698958 0.511111 0.698958 0.510185 0.706771 0.496296 0.706771 0.495370 0.714063 0.482407 0.714063 0.481481 0.721354 0.468519 0.721354 0.467593 0.724479 0.462037 0.724479 0.460185 0.725000 0.459259 0.724479 0.458333 0.724479 0.457407 0.723437 0.455556
0 0.312760 0.448148 0.081771 0.092593 0.307812 0.401852 0.306250 0.404630 0.305729 0.404630 0.304167 0.407407 0.303646 0.407407 0.300521 0.412963 0.300000 0.412963 0.292708 0.425926 0.293229 0.426852 0.293229 0.427778 0.293750 0.428704 0.293750 0.430556 0.294271 0.431481 0.294271 0.432407 0.294792 0.433333 0.294792 0.435185 0.295312 0.436111 0.295312 0.437037 0.295833 0.437963 0.295833 0.439815 0.295312 0.440741 0.295312 0.441667 0.292187 0.447222 0.292187 0.448148 0.271875 0.484259 0.271875 0.487963 0.272396 0.488889 0.272396 0.491667 0.273958 0.494444 0.275521 0.494444 0.277083 0.491667 0.277604 0.491667 0.296875 0.457407 0.297396 0.457407 0.302083 0.449074 0.302604 0.449074 0.305208 0.444444 0.305729 0.444444 0.307292 0.441667 0.307812 0.441667 0.308854 0.439815 0.309375 0.439815 0.309896 0.438889 0.310937 0.438889 0.311458 0.437963 0.314583 0.437963 0.315104 0.438889 0.316146 0.438889 0.316667 0.439815 0.317188 0.439815 0.317708 0.440741 0.318229 0.440741 0.319792 0.443519 0.320312 0.443519 0.321875 0.446296 0.322396 0.446296 0.325000 0.450926 0.325521 0.450926 0.330208 0.459259 0.330729 0.459259 0.338542 0.473148 0.339062 0.473148 0.347396 0.487963 0.347917 0.487963 0.349479 0.490741 0.350000 0.490741 0.350521 0.491667 0.351562 0.491667 0.352083 0.490741 0.352604 0.490741 0.353125 0.489815 0.353125 0.488889 0.353646 0.487963 0.353646 0.487037 0.353125 0.486111 0.353125 0.485185 0.351042 0.481481 0.351042 0.480556 0.348438 0.475926 0.348438 0.475000 0.345833 0.470370 0.345833 0.469444 0.343229 0.464815 0.343229 0.463889 0.340625 0.459259 0.340625 0.458333 0.339062 0.455556 0.338542 0.455556 0.324479 0.430556 0.323958 0.430556 0.318229 0.420370 0.318229 0.419444 0.316146 0.415741 0.316146 0.414815 0.308854 0.401852
0 0.399479 0.455556 0.080208 0.077778 0.398958 0.416667 0.398958 0.417593 0.394792 0.425000 0.394792 0.425926 0.360938 0.486111 0.360417 0.486111 0.359896 0.487037 0.359375 0.487037 0.359375 0.487963 0.359896 0.488889 0.359896 0.489815 0.362500 0.494444 0.364063 0.494444 0.365104 0.492593 0.365625 0.492593 0.386458 0.455556 0.386979 0.455556 0.391146 0.448148 0.391667 0.448148 0.393750 0.444444 0.394271 0.444444 0.395833 0.441667 0.396354 0.441667 0.396875 0.440741 0.397396 0.440741 0.397917 0.439815 0.398438 0.439815 0.398958 0.438889 0.400000 0.438889 0.400521 0.439815 0.401042 0.439815 0.402083 0.441667 0.402604 0.441667 0.403125 0.442593 0.403646 0.442593 0.404687 0.444444 0.405208 0.444444 0.417187 0.465741 0.417708 0.465741 0.426042 0.480556 0.426563 0.480556 0.427604 0.482407 0.428125 0.482407 0.428646 0.483333 0.429167 0.483333 0.430208 0.485185 0.430729 0.485185 0.431771 0.487037 0.432292 0.487037 0.432812 0.487963 0.433333 0.487963 0.434375 0.489815 0.434896 0.489815 0.435417 0.490741 0.435937 0.490741 0.436458 0.491667 0.438542 0.491667 0.439063 0.490741 0.439063 0.489815 0.439583 0.488889 0.439583 0.487037 0.439063 0.486111 0.439063 0.485185 0.421354 0.453704 0.421354 0.452778 0.406250 0.425926 0.405729 0.425926 0.402083 0.419444 0.401562 0.419444 0.401042 0.418519 0.400521 0.418519 0.400000 0.417593 0.399479 0.417593
0 0.481250 0.446296 0.081250 0.077778 0.477604 0.407407 0.477604 0.409259 0.477083 0.410185 0.477083 0.411111 0.471354 0.421296 0.471354 0.422222 0.451042 0.458333 0.451042 0.459259 0.441667 0.475926 0.441146 0.475926 0.440625 0.476852 0.440625 0.477778 0.441146 0.478704 0.441667 0.478704 0.442188 0.479630 0.442708 0.479630 0.443229 0.480556 0.443750 0.480556 0.444271 0.481481 0.444792 0.481481 0.445833 0.483333 0.446354 0.483333 0.446875 0.484259 0.447396 0.484259 0.447917 0.485185 0.450000 0.485185 0.475000 0.440741 0.475521 0.440741 0.478125 0.436111 0.478646 0.436111 0.479167 0.437037 0.480208 0.437037 0.480729 0.437963 0.481250 0.437963 0.481771 0.438889 0.482812 0.438889 0.483333 0.439815 0.484375 0.439815 0.484896 0.440741 0.485938 0.440741 0.486458 0.441667 0.487500 0.441667 0.488021 0.442593 0.489063 0.442593 0.489583 0.443519 0.490625 0.443519 0.491146 0.444444 0.491667 0.444444 0.492188 0.445370 0.493229 0.445370 0.493750 0.446296 0.494792 0.446296 0.496875 0.450000 0.497396 0.450000 0.502083 0.458333 0.502083 0.459259 0.512500 0.477778 0.513021 0.477778 0.513542 0.478704 0.514583 0.478704 0.515104 0.479630 0.515625 0.479630 0.516146 0.480556 0.517188 0.480556 0.517708 0.481481 0.518229 0.481481 0.518750 0.482407 0.520833 0.482407 0.521875 0.480556 0.521875 0.476852 0.520833 0.475000 0.520833 0.474074 0.508333 0.451852 0.508333 0.450926 0.485938 0.411111 0.484896 0.411111 0.484375 0.410185 0.482812 0.410185 0.482292 0.409259 0.480729 0.409259 0.480208 0.408333 0.478646 0.408333 0.478125 0.407407
0 0.571615 0.443981 0.077604 0.076852 0.563542 0.405556 0.563021 0.406481 0.563542 0.407407 0.565104 0.407407 0.566667 0.410185 0.566667 0.411111 0.567187 0.412037 0.567187 0.412963 0.566667 0.413889 0.566667 0.414815 0.566146 0.415741 0.566146 0.416667 0.558333 0.430556 0.558333 0.431481 0.545833 0.453704 0.545833 0.454630 0.532813 0.477778 0.533333 0.477778 0.533854 0.478704 0.534896 0.478704 0.535417 0.479630 0.535937 0.479630 0.536458 0.480556 0.537500 0.480556 0.538021 0.481481 0.539062 0.481481 0.539583 0.482407 0.541667 0.482407 0.549479 0.468519 0.549479 0.467593 0.564063 0.441667 0.564583 0.441667 0.567187 0.437037 0.567708 0.437963 0.569271 0.437963 0.569792 0.438889 0.570833 0.438889 0.571354 0.439815 0.572917 0.439815 0.573438 0.440741 0.575000 0.440741 0.575521 0.441667 0.577083 0.441667 0.577604 0.442593 0.579167 0.442593 0.579688 0.443519 0.581250 0.443519 0.581771 0.444444 0.583333 0.444444 0.583854 0.445370 0.585417 0.445370 0.585938 0.446296 0.586458 0.446296 0.586979 0.447222 0.587500 0.447222 0.593229 0.457407 0.593229 0.458333 0.604167 0.477778 0.605729 0.477778 0.606250 0.478704 0.607292 0.478704 0.607812 0.479630 0.609375 0.479630 0.610417 0.477778 0.610417 0.474074 0.609896 0.473148 0.609896 0.472222 0.606771 0.466667 0.606771 0.465741 0.598958 0.451852 0.598958 0.450926 0.590625 0.436111 0.590625 0.435185 0.582292 0.420370 0.582292 0.419444 0.577083 0.410185 0.576562 0.410185 0.576042 0.409259 0.573958 0.409259 0.573438 0.408333 0.571354 0.408333 0.570833 0.407407 0.568750 0.407407 0.568229 0.406481 0.566146 0.406481 0.565625 0.405556
0 0.645573 0.451852 0.081771 0.072222 0.650521 0.415741 0.646354 0.423148 0.646354 0.424074 0.636979 0.440741 0.636979 0.441667 0.627083 0.459259 0.627083 0.460185 0.616667 0.478704 0.616146 0.478704 0.615625 0.479630 0.615104 0.479630 0.614583 0.478704 0.613542 0.478704 0.613021 0.477778 0.611458 0.477778 0.610938 0.476852 0.610938 0.477778 0.609375 0.480556 0.607812 0.480556 0.607292 0.479630 0.606250 0.479630 0.605729 0.478704 0.604688 0.478704 0.605729 0.480556 0.606771 0.480556 0.607292 0.481481 0.608333 0.481481 0.608854 0.482407 0.609896 0.482407 0.610417 0.483333 0.611979 0.483333 0.612500 0.484259 0.613542 0.484259 0.614062 0.485185 0.615104 0.485185 0.615625 0.486111 0.617188 0.486111 0.617708 0.487037 0.618750 0.487037 0.619271 0.487963 0.620313 0.487963 0.633854 0.463889 0.633854 0.462963 0.641667 0.449074 0.642188 0.449074 0.646354 0.441667 0.648438 0.441667 0.648958 0.442593 0.651042 0.442593 0.651563 0.443519 0.652604 0.443519 0.654167 0.446296 0.654167 0.450000 0.653646 0.450926 0.653646 0.451852 0.654167 0.451852 0.654687 0.452778 0.656771 0.452778 0.657292 0.453704 0.657813 0.453704 0.659375 0.456481 0.659896 0.456481 0.660417 0.457407 0.661458 0.457407 0.661979 0.458333 0.662500 0.458333 0.668229 0.468519 0.668229 0.469444 0.674479 0.480556 0.675521 0.480556 0.676042 0.481481 0.677604 0.481481 0.678125 0.482407 0.679688 0.482407 0.680208 0.483333 0.681771 0.483333 0.682292 0.484259 0.685417 0.484259 0.685937 0.483333 0.685937 0.482407 0.686458 0.481481 0.686458 0.480556 0.685937 0.479630 0.685937 0.478704 0.684896 0.476852 0.684896 0.475926 0.681250 0.469444 0.681250 0.468519 0.676042 0.459259 0.676042 0.458333 0.670833 0.449074 0.670833 0.448148 0.665625 0.438889 0.665625 0.437963 0.660417 0.428704 0.660417 0.427778 0.654687 0.417593 0.654167 0.417593 0.653646 0.416667 0.651563 0.416667 0.651042 0.415741
0 0.354427 0.443056 0.089063 0.087963 0.311979 0.399074 0.311458 0.400000 0.309896 0.400000 0.311458 0.402778 0.311458 0.403704 0.313021 0.406481 0.313021 0.407407 0.315104 0.411111 0.315104 0.412037 0.316667 0.414815 0.316667 0.415741 0.318750 0.419444 0.318750 0.420370 0.323958 0.429630 0.324479 0.429630 0.338542 0.454630 0.339062 0.454630 0.353125 0.479630 0.353646 0.479630 0.356771 0.485185 0.357292 0.485185 0.357812 0.486111 0.358333 0.486111 0.358854 0.487037 0.359375 0.486111 0.359896 0.486111 0.360417 0.485185 0.360938 0.485185 0.394271 0.425926 0.394271 0.425000 0.398438 0.417593 0.398438 0.416667 0.398958 0.415741 0.398958 0.412963 0.397396 0.410185 0.396875 0.410185 0.396354 0.409259 0.395833 0.409259 0.395313 0.408333 0.394271 0.408333 0.393750 0.407407 0.393229 0.407407 0.392708 0.406481 0.391667 0.406481 0.390625 0.408333 0.390104 0.408333 0.386458 0.414815 0.385937 0.414815 0.364063 0.453704 0.363542 0.453704 0.363021 0.454630 0.360938 0.454630 0.357292 0.448148 0.356771 0.448148 0.352604 0.440741 0.352083 0.440741 0.348438 0.434259 0.347917 0.434259 0.346354 0.431481 0.345833 0.431481 0.345313 0.432407 0.348958 0.438889 0.349479 0.438889 0.351042 0.441667 0.351042 0.442593 0.353125 0.446296 0.353125 0.450926 0.352083 0.452778 0.351042 0.452778 0.350521 0.453704 0.350000 0.452778 0.348958 0.452778 0.346875 0.449074 0.346354 0.449074 0.336979 0.432407 0.336458 0.432407 0.334896 0.429630 0.334375 0.429630 0.332292 0.425926 0.331771 0.425926 0.327083 0.417593 0.326562 0.417593 0.318750 0.403704 0.318229 0.403704 0.317188 0.401852 0.316667 0.401852 0.316146 0.400926 0.315625 0.400926 0.315104 0.400000 0.313542 0.400000 0.313021 0.399074
0 0.434635 0.439352 0.084896 0.076852 0.395833 0.400926 0.394792 0.402778 0.394271 0.402778 0.393229 0.404630 0.392708 0.404630 0.392188 0.405556 0.392708 0.405556 0.393229 0.406481 0.393750 0.406481 0.394271 0.407407 0.395313 0.407407 0.395833 0.408333 0.396354 0.408333 0.396875 0.409259 0.397396 0.409259 0.399479 0.412963 0.399479 0.416667 0.400000 0.416667 0.400521 0.417593 0.401042 0.417593 0.401562 0.418519 0.402083 0.418519 0.405729 0.425000 0.406250 0.425000 0.421875 0.452778 0.421875 0.453704 0.431250 0.470370 0.431771 0.470370 0.432292 0.471296 0.432812 0.471296 0.433333 0.472222 0.433854 0.472222 0.434896 0.474074 0.435417 0.474074 0.435937 0.475000 0.436458 0.475000 0.436979 0.475926 0.437500 0.475926 0.438021 0.476852 0.438542 0.476852 0.439063 0.477778 0.439583 0.476852 0.440104 0.476852 0.441146 0.475000 0.441667 0.475000 0.450521 0.459259 0.450521 0.458333 0.470833 0.422222 0.470833 0.421296 0.476562 0.411111 0.476562 0.410185 0.477083 0.409259 0.477083 0.407407 0.476562 0.406481 0.476562 0.405556 0.475521 0.403704 0.474479 0.403704 0.450000 0.447222 0.449479 0.447222 0.448958 0.448148 0.447396 0.448148 0.446875 0.447222 0.446354 0.447222 0.445833 0.446296 0.444792 0.446296 0.444271 0.445370 0.443750 0.445370 0.443229 0.444444 0.442708 0.444444 0.442188 0.443519 0.441146 0.443519 0.440625 0.442593 0.440104 0.442593 0.439583 0.441667 0.439063 0.441667 0.438542 0.440741 0.438021 0.440741 0.437500 0.439815 0.436458 0.439815 0.435937 0.438889 0.435417 0.438889 0.434896 0.437963 0.434375 0.437963 0.433854 0.437037 0.433333 0.437037 0.435417 0.440741 0.435417 0.441667 0.437500 0.445370 0.437500 0.446296 0.438021 0.447222 0.438021 0.449074 0.437500 0.450000 0.437500 0.450926 0.436979 0.451852 0.436458 0.451852 0.435937 0.452778 0.434375 0.452778 0.433854 0.451852 0.433333 0.451852 0.432812 0.450926 0.432292 0.450926 0.431771 0.450000 0.431250 0.450000 0.430729 0.449074 0.430208 0.449074 0.429688 0.448148 0.429167 0.448148 0.425521 0.441667 0.425000 0.441667 0.406771 0.409259 0.406250 0.409259 0.404167 0.405556 0.403125 0.405556 0.402604 0.404630 0.402083 0.404630 0.401562 0.403704 0.400521 0.403704 0.400000 0.402778 0.399479 0.402778 0.398958 0.401852 0.397917 0.401852 0.397396 0.400926
0 0.521094 0.441667 0.091146 0.079630 0.476042 0.401852 0.475521 0.402778 0.477083 0.405556 0.477083 0.406481 0.478125 0.406481 0.478646 0.407407 0.480208 0.407407 0.480729 0.408333 0.482292 0.408333 0.482812 0.409259 0.484375 0.409259 0.484896 0.410185 0.485938 0.410185 0.508854 0.450926 0.508854 0.451852 0.521354 0.474074 0.521354 0.475000 0.522396 0.476852 0.522917 0.476852 0.523438 0.477778 0.523958 0.477778 0.524479 0.478704 0.525521 0.478704 0.526042 0.479630 0.527083 0.479630 0.527604 0.480556 0.528125 0.480556 0.528646 0.481481 0.529687 0.481481 0.530208 0.480556 0.530729 0.480556 0.545312 0.454630 0.545312 0.453704 0.557813 0.431481 0.557813 0.430556 0.565625 0.416667 0.565625 0.415741 0.566146 0.414815 0.566146 0.413889 0.566667 0.412963 0.566667 0.412037 0.566146 0.411111 0.566146 0.410185 0.565104 0.408333 0.563542 0.408333 0.563021 0.407407 0.562500 0.407407 0.561979 0.408333 0.561458 0.408333 0.551562 0.425926 0.551562 0.426852 0.541146 0.445370 0.540625 0.445370 0.540104 0.446296 0.539062 0.446296 0.538542 0.445370 0.537500 0.445370 0.536979 0.444444 0.535937 0.444444 0.535417 0.443519 0.533854 0.446296 0.533333 0.446296 0.532813 0.447222 0.532292 0.447222 0.531771 0.446296 0.530208 0.446296 0.529687 0.445370 0.528646 0.445370 0.528125 0.444444 0.527083 0.444444 0.526563 0.443519 0.525000 0.443519 0.524479 0.442593 0.523438 0.442593 0.522917 0.441667 0.521875 0.441667 0.521875 0.442593 0.520312 0.445370 0.519792 0.445370 0.519271 0.446296 0.518750 0.445370 0.517188 0.445370 0.516667 0.444444 0.515625 0.444444 0.515104 0.443519 0.514583 0.443519 0.502083 0.421296 0.502083 0.420370 0.498437 0.413889 0.497917 0.413889 0.496354 0.411111 0.495833 0.411111 0.495312 0.410185 0.494271 0.410185 0.493750 0.409259 0.492188 0.409259 0.491667 0.408333 0.490104 0.408333 0.489583 0.407407 0.488021 0.407407 0.487500 0.406481 0.486458 0.406481 0.485938 0.405556 0.484375 0.405556 0.483854 0.404630 0.482292 0.404630 0.481771 0.403704 0.480208 0.403704 0.479687 0.402778 0.478125 0.402778 0.477604 0.401852
0 0.607552 0.440741 0.086979 0.075926 0.565104 0.402778 0.564063 0.404630 0.565625 0.404630 0.566146 0.405556 0.568229 0.405556 0.568750 0.406481 0.570833 0.406481 0.571354 0.407407 0.573438 0.407407 0.573958 0.408333 0.576042 0.408333 0.576562 0.409259 0.577083 0.409259 0.582812 0.419444 0.582812 0.420370 0.591146 0.435185 0.591146 0.436111 0.599479 0.450926 0.599479 0.451852 0.607292 0.465741 0.607292 0.466667 0.610417 0.472222 0.610417 0.473148 0.610938 0.474074 0.610938 0.475926 0.611458 0.476852 0.613021 0.476852 0.613542 0.477778 0.614583 0.477778 0.615104 0.478704 0.615625 0.478704 0.616146 0.477778 0.616667 0.477778 0.626563 0.460185 0.626563 0.459259 0.636458 0.441667 0.636458 0.440741 0.645833 0.424074 0.645833 0.423148 0.650521 0.414815 0.650521 0.413889 0.651042 0.412963 0.651042 0.410185 0.650521 0.409259 0.650521 0.408333 0.650000 0.407407 0.648438 0.407407 0.647917 0.406481 0.644792 0.406481 0.644271 0.405556 0.643229 0.405556 0.641667 0.408333 0.641146 0.408333 0.625521 0.436111 0.625521 0.437037 0.617708 0.450926 0.617188 0.450926 0.616667 0.451852 0.616146 0.450926 0.614583 0.450926 0.614062 0.450000 0.612500 0.450000 0.611979 0.449074 0.609896 0.449074 0.609375 0.448148 0.607812 0.448148 0.607292 0.447222 0.605729 0.447222 0.605208 0.446296 0.604688 0.446296 0.590625 0.421296 0.590625 0.420370 0.584896 0.410185 0.584375 0.410185 0.583854 0.409259 0.582812 0.409259 0.582292 0.408333 0.580208 0.408333 0.579688 0.407407 0.577083 0.407407 0.576562 0.406481 0.574479 0.406481 0.573958 0.405556 0.571875 0.405556 0.571354 0.404630 0.568750 0.404630 0.568229 0.403704 0.566146 0.403704 0.565625 0.402778
0 0.697135 0.456019 0.070312 0.086111 0.668229 0.412963 0.670312 0.416667 0.670312 0.417593 0.675521 0.426852 0.675521 0.427778 0.680208 0.436111 0.680208 0.437037 0.682292 0.440741 0.682292 0.441667 0.682813 0.442593 0.682813 0.446296 0.681250 0.449074 0.679688 0.449074 0.679167 0.448148 0.677604 0.448148 0.671875 0.437963 0.671875 0.437037 0.670833 0.435185 0.670312 0.435185 0.668750 0.432407 0.666667 0.432407 0.666146 0.431481 0.664062 0.431481 0.663542 0.430556 0.661979 0.430556 0.666146 0.437963 0.666146 0.438889 0.671354 0.448148 0.671354 0.449074 0.676562 0.458333 0.676562 0.459259 0.681771 0.468519 0.681771 0.469444 0.685417 0.475926 0.685417 0.476852 0.686458 0.478704 0.686458 0.479630 0.686979 0.480556 0.686979 0.481481 0.686458 0.482407 0.686458 0.483333 0.685417 0.485185 0.682292 0.485185 0.681771 0.484259 0.680208 0.484259 0.679688 0.483333 0.678125 0.483333 0.677604 0.482407 0.676042 0.482407 0.675521 0.481481 0.674479 0.481481 0.679688 0.490741 0.680208 0.490741 0.680729 0.491667 0.682292 0.491667 0.682813 0.492593 0.684375 0.492593 0.684896 0.493519 0.686458 0.493519 0.686979 0.494444 0.688542 0.494444 0.689063 0.495370 0.690625 0.495370 0.691146 0.496296 0.692708 0.496296 0.693229 0.497222 0.694792 0.497222 0.695312 0.498148 0.696875 0.498148 0.697396 0.499074 0.698958 0.499074 0.707812 0.483333 0.707812 0.482407 0.715625 0.468519 0.715625 0.467593 0.723437 0.453704 0.723437 0.452778 0.730208 0.440741 0.730208 0.439815 0.731771 0.437037 0.731771 0.436111 0.732292 0.435185 0.732292 0.433333 0.731771 0.432407 0.731771 0.431481 0.731250 0.430556 0.729688 0.430556 0.729167 0.429630 0.726562 0.429630 0.726042 0.428704 0.722917 0.428704 0.722396 0.427778 0.719792 0.427778 0.719271 0.426852 0.716146 0.426852 0.715625 0.425926 0.713021 0.425926 0.712500 0.425000 0.709375 0.425000 0.708854 0.424074 0.706250 0.424074 0.705729 0.423148 0.702604 0.423148 0.702083 0.422222 0.699479 0.422222 0.698958 0.421296 0.695833 0.421296 0.695312 0.420370 0.692708 0.420370 0.692187 0.419444 0.689063 0.419444 0.688542 0.418519 0.685937 0.418519 0.685417 0.417593 0.682292 0.417593 0.681771 0.416667 0.679167 0.416667 0.678646 0.415741 0.675521 0.415741 0.675000 0.414815 0.672396 0.414815 0.671875 0.413889 0.668750 0.413889
0 0.312240 0.409259 0.080729 0.090741 0.303125 0.363889 0.302604 0.364815 0.302083 0.364815 0.286458 0.392593 0.286458 0.394444 0.286979 0.395370 0.286979 0.396296 0.287500 0.397222 0.287500 0.399074 0.288021 0.400000 0.288021 0.400926 0.288542 0.401852 0.288542 0.403704 0.289062 0.404630 0.289062 0.405556 0.289583 0.406481 0.289583 0.407407 0.290104 0.408333 0.290104 0.411111 0.289583 0.412037 0.289583 0.412963 0.284896 0.421296 0.284896 0.422222 0.271875 0.445370 0.271875 0.451852 0.273438 0.454630 0.275521 0.454630 0.291667 0.425926 0.292187 0.425926 0.300000 0.412037 0.300521 0.412037 0.303646 0.406481 0.304167 0.406481 0.305729 0.403704 0.306250 0.403704 0.307812 0.400926 0.308333 0.400926 0.308854 0.400000 0.309375 0.400000 0.309896 0.399074 0.311458 0.399074 0.311979 0.398148 0.313021 0.398148 0.313542 0.399074 0.315104 0.399074 0.315625 0.400000 0.316146 0.400000 0.316667 0.400926 0.317188 0.400926 0.318229 0.402778 0.318750 0.402778 0.320312 0.405556 0.320833 0.405556 0.323437 0.410185 0.323958 0.410185 0.327604 0.416667 0.328125 0.416667 0.334896 0.428704 0.335417 0.428704 0.346354 0.448148 0.346875 0.448148 0.348958 0.451852 0.350000 0.451852 0.350521 0.452778 0.351042 0.451852 0.352083 0.451852 0.352604 0.450926 0.352604 0.446296 0.350521 0.442593 0.350521 0.441667 0.349479 0.439815 0.348958 0.439815 0.332292 0.410185 0.331771 0.410185 0.317188 0.384259 0.316667 0.384259 0.311979 0.375926 0.311458 0.375926 0.306771 0.367593 0.306250 0.367593 0.304688 0.364815 0.304167 0.364815 0.303646 0.363889
0 0.390104 0.415741 0.094792 0.075926 0.395833 0.377778 0.395833 0.378704 0.367708 0.428704 0.367708 0.429630 0.360938 0.441667 0.360417 0.441667 0.358333 0.445370 0.357812 0.445370 0.357292 0.446296 0.356771 0.445370 0.355729 0.445370 0.354167 0.442593 0.356771 0.447222 0.357292 0.447222 0.360938 0.453704 0.363021 0.453704 0.363542 0.452778 0.364063 0.452778 0.385937 0.413889 0.386458 0.413889 0.390104 0.407407 0.390625 0.407407 0.392708 0.403704 0.393229 0.403704 0.394271 0.401852 0.394792 0.401852 0.395833 0.400000 0.397396 0.400000 0.397917 0.400926 0.398958 0.400926 0.399479 0.401852 0.400000 0.401852 0.400521 0.402778 0.401562 0.402778 0.402083 0.403704 0.402604 0.403704 0.403125 0.404630 0.404167 0.404630 0.406250 0.408333 0.406771 0.408333 0.425000 0.440741 0.425521 0.440741 0.429167 0.447222 0.429688 0.447222 0.430208 0.448148 0.430729 0.448148 0.431250 0.449074 0.431771 0.449074 0.432292 0.450000 0.432812 0.450000 0.433333 0.450926 0.433854 0.450926 0.434375 0.451852 0.435937 0.451852 0.436458 0.450926 0.436979 0.450926 0.436979 0.450000 0.437500 0.449074 0.437500 0.447222 0.436979 0.446296 0.436979 0.445370 0.434896 0.441667 0.434896 0.440741 0.402083 0.382407 0.401562 0.382407 0.400000 0.379630 0.398958 0.379630 0.398438 0.378704 0.397396 0.378704 0.396875 0.377778
0 0.477083 0.409259 0.088542 0.075926 0.478646 0.371296 0.478646 0.372222 0.477604 0.374074 0.477604 0.375000 0.465104 0.397222 0.465104 0.398148 0.441146 0.440741 0.440625 0.440741 0.440104 0.441667 0.439583 0.440741 0.439063 0.440741 0.439583 0.440741 0.440104 0.441667 0.440625 0.441667 0.441146 0.442593 0.442188 0.442593 0.442708 0.443519 0.443229 0.443519 0.443750 0.444444 0.444271 0.444444 0.444792 0.445370 0.445833 0.445370 0.446354 0.446296 0.446875 0.446296 0.447396 0.447222 0.448958 0.447222 0.449479 0.446296 0.450000 0.446296 0.474479 0.402778 0.475000 0.402778 0.476042 0.400926 0.477604 0.400926 0.478125 0.401852 0.479687 0.401852 0.480208 0.402778 0.481771 0.402778 0.482292 0.403704 0.483854 0.403704 0.484375 0.404630 0.485938 0.404630 0.486458 0.405556 0.487500 0.405556 0.488021 0.406481 0.489583 0.406481 0.490104 0.407407 0.491667 0.407407 0.492188 0.408333 0.493750 0.408333 0.494271 0.409259 0.495312 0.409259 0.495833 0.410185 0.496354 0.410185 0.497917 0.412963 0.498437 0.412963 0.502604 0.420370 0.502604 0.421296 0.514583 0.442593 0.515104 0.442593 0.515625 0.443519 0.516667 0.443519 0.517188 0.444444 0.518750 0.444444 0.519271 0.445370 0.519792 0.444444 0.520312 0.444444 0.521354 0.442593 0.521354 0.439815 0.520833 0.438889 0.520833 0.437963 0.515104 0.427778 0.515104 0.426852 0.499479 0.399074 0.499479 0.398148 0.485938 0.374074 0.485417 0.374074 0.484896 0.373148 0.483333 0.373148 0.482812 0.372222 0.480208 0.372222 0.479687 0.371296
0 0.562760 0.402315 0.094271 0.086111 0.515625 0.359259 0.516146 0.360185 0.519792 0.360185 0.520312 0.361111 0.523958 0.361111 0.524479 0.362037 0.528125 0.362037 0.528646 0.362963 0.532292 0.362963 0.532813 0.363889 0.536458 0.363889 0.536979 0.364815 0.540625 0.364815 0.541146 0.365741 0.544792 0.365741 0.545312 0.366667 0.548958 0.366667 0.549479 0.367593 0.553125 0.367593 0.553646 0.368519 0.557292 0.368519 0.557813 0.369444 0.561979 0.369444 0.562500 0.370370 0.566146 0.370370 0.566667 0.371296 0.568750 0.371296 0.570312 0.374074 0.570312 0.375000 0.570833 0.375926 0.570833 0.376852 0.570312 0.377778 0.570312 0.378704 0.569792 0.379630 0.569792 0.380556 0.562500 0.393519 0.562500 0.394444 0.548958 0.418519 0.548958 0.419444 0.535937 0.442593 0.535937 0.443519 0.536979 0.443519 0.537500 0.444444 0.538542 0.444444 0.539062 0.445370 0.540104 0.445370 0.540625 0.444444 0.541146 0.444444 0.551042 0.426852 0.551042 0.425926 0.561458 0.407407 0.561979 0.407407 0.565104 0.401852 0.565625 0.401852 0.566146 0.402778 0.568229 0.402778 0.568750 0.403704 0.571354 0.403704 0.571875 0.404630 0.573958 0.404630 0.574479 0.405556 0.576562 0.405556 0.577083 0.406481 0.579688 0.406481 0.580208 0.407407 0.582292 0.407407 0.582812 0.408333 0.583854 0.408333 0.584375 0.409259 0.584896 0.409259 0.591146 0.420370 0.591146 0.421296 0.602083 0.440741 0.603125 0.440741 0.603646 0.441667 0.605729 0.441667 0.606250 0.442593 0.608854 0.442593 0.609375 0.441667 0.609375 0.440741 0.609896 0.439815 0.609896 0.437963 0.609375 0.437037 0.609375 0.436111 0.606771 0.431481 0.606771 0.430556 0.599479 0.417593 0.599479 0.416667 0.592708 0.404630 0.592708 0.403704 0.585417 0.390741 0.585417 0.389815 0.575521 0.372222 0.572917 0.372222 0.572396 0.371296 0.568750 0.371296 0.568229 0.370370 0.564583 0.370370 0.564063 0.369444 0.560417 0.369444 0.559896 0.368519 0.556250 0.368519 0.555729 0.367593 0.551562 0.367593 0.551042 0.366667 0.547396 0.366667 0.546875 0.365741 0.543229 0.365741 0.542708 0.364815 0.539062 0.364815 0.538542 0.363889 0.534896 0.363889 0.534375 0.362963 0.530729 0.362963 0.530208 0.362037 0.526563 0.362037 0.526042 0.361111 0.522396 0.361111 0.521875 0.360185 0.518229 0.360185 0.517708 0.359259
0 0.642448 0.415741 0.079687 0.070370 0.649479 0.380556 0.647917 0.383333 0.647917 0.384259 0.638021 0.401852 0.638021 0.402778 0.627604 0.421296 0.627604 0.422222 0.616146 0.442593 0.613021 0.442593 0.612500 0.441667 0.610417 0.441667 0.609896 0.440741 0.609896 0.441667 0.608854 0.443519 0.606250 0.443519 0.605729 0.442593 0.603646 0.442593 0.603125 0.441667 0.602604 0.441667 0.604688 0.445370 0.605208 0.445370 0.605729 0.446296 0.607292 0.446296 0.607812 0.447222 0.609375 0.447222 0.609896 0.448148 0.611979 0.448148 0.612500 0.449074 0.614062 0.449074 0.614583 0.450000 0.616146 0.450000 0.616667 0.450926 0.617188 0.450000 0.617708 0.450000 0.625000 0.437037 0.625000 0.436111 0.641146 0.407407 0.641667 0.407407 0.643229 0.404630 0.644271 0.404630 0.644792 0.405556 0.647917 0.405556 0.648438 0.406481 0.650000 0.406481 0.651042 0.408333 0.651042 0.409259 0.651563 0.410185 0.651563 0.412963 0.651042 0.413889 0.651042 0.414815 0.651563 0.415741 0.653646 0.415741 0.654167 0.416667 0.654687 0.416667 0.660937 0.427778 0.660937 0.428704 0.661458 0.429630 0.663542 0.429630 0.664062 0.430556 0.666146 0.430556 0.666667 0.431481 0.668750 0.431481 0.670312 0.434259 0.670833 0.434259 0.672396 0.437037 0.672396 0.437963 0.677604 0.447222 0.679167 0.447222 0.679688 0.448148 0.681250 0.448148 0.682292 0.446296 0.682292 0.442593 0.681771 0.441667 0.681771 0.440741 0.679688 0.437037 0.679688 0.436111 0.675000 0.427778 0.675000 0.426852 0.669792 0.417593 0.669792 0.416667 0.665104 0.408333 0.665104 0.407407 0.659896 0.398148 0.659896 0.397222 0.655208 0.388889 0.655208 0.387963 0.651042 0.380556