0 0.268229 0.561574 0.083333 0.086111 0.231250 0.518519 0.230729 0.519444 0.230729 0.520370 0.230208 0.521296 0.230208 0.522222 0.229687 0.523148 0.229687 0.524074 0.229167 0.525000 0.229167 0.525926 0.228125 0.527778 0.228125 0.528704 0.227604 0.529630 0.227604 0.530556 0.227083 0.531481 0.227083 0.532407 0.226562 0.533333 0.226562 0.538889 0.227083 0.539815 0.227083 0.540741 0.229687 0.545370 0.230208 0.545370 0.231250 0.547222 0.231250 0.548148 0.232813 0.550926 0.233333 0.550926 0.240625 0.563889 0.241146 0.563889 0.248438 0.576852 0.248958 0.576852 0.256771 0.590741 0.257292 0.590741 0.263542 0.601852 0.264062 0.601852 0.265625 0.604630 0.271354 0.604630 0.271875 0.603704 0.272396 0.603704 0.273438 0.601852 0.273958 0.601852 0.308854 0.539815 0.308854 0.538889 0.309896 0.537037 0.309896 0.532407 0.309375 0.531481 0.309375 0.530556 0.308333 0.528704 0.308333 0.527778 0.307292 0.525926 0.307292 0.525000 0.306250 0.523148 0.306250 0.522222 0.305208 0.520370 0.305208 0.519444 0.303646 0.519444 0.303125 0.520370 0.302604 0.520370 0.300521 0.524074 0.300000 0.524074 0.296354 0.530556 0.295833 0.530556 0.290104 0.540741 0.289583 0.540741 0.277083 0.562963 0.276562 0.562963 0.272396 0.570370 0.270833 0.570370 0.268750 0.566667 0.268750 0.563889 0.269271 0.562963 0.269271 0.561111 0.269792 0.560185 0.269792 0.559259 0.270313 0.558333 0.270313 0.556481 0.270833 0.555556 0.270833 0.552778 0.268750 0.556481 0.268229 0.556481 0.262500 0.566667 0.259375 0.566667 0.254688 0.558333 0.254167 0.558333 0.242188 0.537037 0.241667 0.537037
0 0.260677 0.523611 0.083854 0.086111 0.302604 0.480556 0.302083 0.481481 0.301563 0.481481 0.298958 0.486111 0.298438 0.486111 0.294271 0.493519 0.293750 0.493519 0.284896 0.509259 0.284375 0.509259 0.274479 0.526852 0.273958 0.526852 0.272917 0.528704 0.272396 0.528704 0.271875 0.527778 0.271354 0.527778 0.269271 0.524074 0.269271 0.521296 0.269792 0.520370 0.269792 0.519444 0.270833 0.517593 0.269271 0.517593 0.260417 0.533333 0.259896 0.533333 0.257812 0.537037 0.257292 0.537037 0.256771 0.537963 0.255729 0.537963 0.255208 0.537037 0.254688 0.537037 0.253646 0.535185 0.253125 0.535185 0.244792 0.520370 0.244271 0.520370 0.232292 0.499074 0.231771 0.499074 0.224479 0.486111 0.223958 0.487037 0.223438 0.487037 0.222917 0.487963 0.222396 0.487963 0.221875 0.488889 0.221354 0.488889 0.220312 0.490741 0.219792 0.490741 0.218750 0.492593 0.218750 0.496296 0.219271 0.497222 0.219271 0.498148 0.229167 0.515741 0.229687 0.515741 0.241146 0.536111 0.241667 0.536111 0.253646 0.557407 0.254167 0.557407 0.258854 0.565741 0.259375 0.565741 0.259896 0.566667 0.261979 0.566667 0.262500 0.565741 0.263021 0.565741 0.268750 0.555556 0.269271 0.555556 0.287500 0.523148 0.288021 0.523148 0.302083 0.498148 0.302083 0.497222 0.302604 0.496296
0 0.256250 0.492593 0.086458 0.088889 0.298438 0.448148 0.297917 0.449074 0.297396 0.449074 0.292187 0.458333 0.291667 0.458333 0.280729 0.477778 0.280208 0.477778 0.273958 0.488889 0.273438 0.488889 0.272917 0.489815 0.270833 0.489815 0.270313 0.490741 0.269792 0.490741 0.269271 0.491667 0.268750 0.491667 0.268229 0.492593 0.267188 0.492593 0.266667 0.493519 0.264583 0.493519 0.264062 0.492593 0.263542 0.492593 0.263021 0.491667 0.262500 0.491667 0.261979 0.490741 0.261458 0.491667 0.260937 0.491667 0.253646 0.504630 0.253125 0.504630 0.252083 0.506481 0.250521 0.506481 0.249479 0.504630 0.248958 0.504630 0.245312 0.498148 0.244792 0.498148 0.234375 0.479630 0.233854 0.479630 0.222917 0.460185 0.222396 0.460185 0.219792 0.455556 0.219271 0.456481 0.218229 0.456481 0.217708 0.457407 0.216667 0.457407 0.216146 0.458333 0.215104 0.458333 0.214583 0.459259 0.214062 0.459259 0.213021 0.461111 0.213021 0.464815 0.214062 0.466667 0.214062 0.467593 0.219792 0.477778 0.220312 0.477778 0.231771 0.498148 0.232292 0.498148 0.244271 0.519444 0.244792 0.519444 0.253125 0.534259 0.253646 0.534259 0.254688 0.536111 0.255208 0.536111 0.255729 0.537037 0.256771 0.537037 0.257292 0.536111 0.257812 0.536111 0.259896 0.532407 0.260417 0.532407 0.276042 0.504630 0.276562 0.504630 0.298438 0.465741 0.298438 0.462963 0.298958 0.462037 0.298958 0.456481 0.299479 0.455556 0.299479 0.450000
0 0.251823 0.464815 0.086979 0.081481 0.292187 0.424074 0.290625 0.426852 0.290104 0.426852 0.279167 0.446296 0.278646 0.446296 0.272396 0.457407 0.271875 0.457407 0.268750 0.462963 0.268229 0.462963 0.266667 0.465741 0.266146 0.465741 0.265625 0.466667 0.265104 0.466667 0.264583 0.467593 0.264062 0.467593 0.263542 0.468519 0.259896 0.468519 0.259375 0.467593 0.258854 0.467593 0.258333 0.466667 0.257812 0.466667 0.256771 0.464815 0.255729 0.464815 0.254167 0.467593 0.253646 0.467593 0.252604 0.469444 0.252083 0.469444 0.250521 0.472222 0.250000 0.472222 0.248958 0.474074 0.248438 0.474074 0.247396 0.475926 0.246875 0.475926 0.246354 0.476852 0.244271 0.476852 0.243750 0.475926 0.243229 0.475926 0.240625 0.471296 0.240104 0.471296 0.231771 0.456481 0.231250 0.456481 0.222396 0.440741 0.221875 0.440741 0.214583 0.427778 0.210938 0.427778 0.210417 0.428704 0.209375 0.428704 0.208333 0.430556 0.208333 0.433333 0.208854 0.434259 0.208854 0.435185 0.222396 0.459259 0.222917 0.459259 0.233854 0.478704 0.234375 0.478704 0.244792 0.497222 0.245312 0.497222 0.248958 0.503704 0.249479 0.503704 0.250521 0.505556 0.252083 0.505556 0.253125 0.503704 0.253646 0.503704 0.260937 0.490741 0.261458 0.490741 0.282292 0.453704 0.282813 0.453704 0.292187 0.437037 0.292187 0.436111 0.293229 0.434259 0.293229 0.433333 0.293750 0.432407 0.293750 0.431481 0.294792 0.429630 0.294792 0.428704 0.295312 0.427778 0.295312 0.426852 0.293750 0.424074
0 0.246094 0.437037 0.089063 0.077778 0.283854 0.398148 0.282292 0.400926 0.281771 0.400926 0.266667 0.427778 0.266146 0.427778 0.259375 0.439815 0.258854 0.439815 0.255729 0.445370 0.255208 0.444444 0.254167 0.444444 0.253125 0.442593 0.252604 0.442593 0.251563 0.440741 0.251042 0.440741 0.249479 0.437963 0.248958 0.437963 0.245833 0.432407 0.245312 0.432407 0.240625 0.424074 0.240104 0.424074 0.231771 0.409259 0.231250 0.409259 0.227083 0.401852 0.226562 0.401852 0.225521 0.400000 0.217708 0.400000 0.217188 0.399074 0.202604 0.399074 0.201563 0.400926 0.201563 0.403704 0.202083 0.404630 0.202083 0.405556 0.212500 0.424074 0.213021 0.424074 0.221875 0.439815 0.222396 0.439815 0.231250 0.455556 0.231771 0.455556 0.240104 0.470370 0.240625 0.470370 0.243229 0.475000 0.243750 0.475000 0.244271 0.475926 0.246354 0.475926 0.246875 0.475000 0.247396 0.475000 0.248438 0.473148 0.248958 0.473148 0.250000 0.471296 0.250521 0.471296 0.252083 0.468519 0.252604 0.468519 0.253646 0.466667 0.254167 0.466667 0.255729 0.463889 0.256250 0.463889 0.257292 0.462037 0.257812 0.462037 0.259375 0.459259 0.259896 0.459259 0.286979 0.411111 0.287500 0.411111 0.287500 0.410185 0.290625 0.404630 0.290625 0.402778 0.290104 0.401852 0.290104 0.400926 0.289583 0.400926 0.289062 0.400000 0.288542 0.400000 0.288021 0.399074 0.285938 0.399074 0.285417 0.398148
0 0.354427 0.403241 0.081771 0.075000 0.315625 0.365741 0.314583 0.367593 0.314583 0.369444 0.314063 0.370370 0.314063 0.372222 0.313542 0.373148 0.313542 0.375926 0.314063 0.376852 0.314583 0.376852 0.347917 0.436111 0.348438 0.436111 0.348958 0.437037 0.350000 0.437037 0.350521 0.437963 0.351042 0.437963 0.351562 0.438889 0.352083 0.438889 0.352604 0.439815 0.353646 0.439815 0.354167 0.440741 0.356771 0.440741 0.359896 0.435185 0.360417 0.435185 0.395313 0.373148 0.395313 0.369444 0.393750 0.366667 0.391146 0.366667 0.390625 0.367593 0.389062 0.367593 0.388542 0.368519 0.386979 0.368519 0.386458 0.369444 0.385417 0.369444 0.384896 0.370370 0.383333 0.370370 0.382812 0.371296 0.381250 0.371296 0.380729 0.372222 0.379167 0.372222 0.378646 0.373148 0.377083 0.373148 0.376563 0.374074 0.375521 0.374074 0.375000 0.375000 0.374479 0.375000 0.363021 0.395370 0.362500 0.395370 0.355729 0.407407 0.355208 0.407407 0.352604 0.412037 0.352083 0.412037 0.350521 0.414815 0.350000 0.414815 0.348958 0.416667 0.346875 0.412963 0.346354 0.412963 0.343229 0.407407 0.342708 0.407407 0.333333 0.390741 0.332813 0.390741 0.319271 0.366667 0.318750 0.366667 0.318229 0.365741
0 0.435937 0.401389 0.084375 0.075000 0.401042 0.363889 0.400521 0.364815 0.398958 0.364815 0.398438 0.365741 0.396875 0.365741 0.396354 0.366667 0.394792 0.366667 0.394792 0.367593 0.395833 0.369444 0.395833 0.373148 0.393750 0.376852 0.395313 0.376852 0.395833 0.375926 0.398958 0.375926 0.400000 0.377778 0.400521 0.377778 0.415625 0.404630 0.415625 0.405556 0.433333 0.437037 0.434896 0.437037 0.435417 0.437963 0.438542 0.437963 0.439063 0.438889 0.439583 0.438889 0.440104 0.437963 0.440625 0.437963 0.477604 0.372222 0.477604 0.371296 0.478125 0.370370 0.478125 0.368519 0.477604 0.367593 0.477604 0.366667 0.477083 0.365741 0.476562 0.365741 0.476042 0.364815 0.473438 0.364815 0.472917 0.365741 0.469792 0.365741 0.469271 0.366667 0.465625 0.366667 0.465104 0.367593 0.461979 0.367593 0.461458 0.368519 0.458333 0.368519 0.457813 0.369444 0.454167 0.369444 0.453646 0.370370 0.450521 0.370370 0.450000 0.371296 0.446875 0.371296 0.446354 0.372222 0.443229 0.372222 0.442708 0.373148 0.441667 0.373148 0.441146 0.374074 0.440625 0.374074 0.425000 0.401852 0.404687 0.365741 0.404167 0.365741 0.403125 0.363889
0 0.528125 0.406944 0.085417 0.075000 0.496354 0.369444 0.495833 0.370370 0.491146 0.370370 0.490625 0.371296 0.485417 0.371296 0.485938 0.371296 0.494792 0.387037 0.494792 0.387963 0.507812 0.411111 0.507812 0.412037 0.519271 0.432407 0.519271 0.433333 0.521875 0.437963 0.521875 0.438889 0.522396 0.439815 0.522396 0.442593 0.524479 0.442593 0.525000 0.443519 0.529167 0.443519 0.529687 0.444444 0.533854 0.444444 0.560417 0.397222 0.560417 0.396296 0.570312 0.378704 0.570312 0.377778 0.570833 0.376852 0.570833 0.373148 0.569271 0.370370 0.566146 0.370370 0.565625 0.371296 0.558854 0.371296 0.558333 0.372222 0.551042 0.372222 0.550521 0.373148 0.543229 0.373148 0.542708 0.374074 0.535417 0.374074 0.534896 0.375000 0.528125 0.375000 0.527604 0.375926 0.520312 0.375926 0.519792 0.376852 0.516146 0.376852 0.515104 0.378704 0.514583 0.378704 0.508854 0.388889 0.498958 0.371296 0.498437 0.371296 0.497917 0.370370 0.497396 0.370370 0.496875 0.369444
0 0.616146 0.408796 0.076042 0.071296 0.578125 0.373148 0.588542 0.391667 0.588542 0.392593 0.595833 0.405556 0.595833 0.406481 0.603646 0.420370 0.603646 0.421296 0.610417 0.433333 0.610417 0.434259 0.612500 0.437963 0.612500 0.439815 0.613021 0.440741 0.612500 0.441667 0.612500 0.442593 0.611979 0.443519 0.613021 0.443519 0.613542 0.444444 0.618750 0.444444 0.619792 0.442593 0.620313 0.442593 0.627083 0.430556 0.627083 0.429630 0.642708 0.401852 0.642708 0.400926 0.653125 0.382407 0.653125 0.381481 0.654167 0.379630 0.654167 0.375926 0.652604 0.373148 0.648438 0.373148 0.647917 0.374074 0.636458 0.374074 0.635938 0.375000 0.624479 0.375000 0.623958 0.375926 0.613021 0.375926 0.612500 0.376852 0.601042 0.376852 0.600521 0.377778 0.588542 0.377778 0.586979 0.375000 0.586458 0.375000 0.585417 0.373148
0 0.349740 0.557407 0.078646 0.087037 0.310937 0.513889 0.310937 0.515741 0.310417 0.516667 0.310417 0.523148 0.310937 0.524074 0.310937 0.525000 0.311458 0.525926 0.311458 0.526852 0.311979 0.527778 0.311979 0.528704 0.313021 0.530556 0.313021 0.531481 0.314063 0.533333 0.314063 0.534259 0.315104 0.536111 0.315104 0.537037 0.316146 0.538889 0.316146 0.539815 0.317188 0.541667 0.317188 0.542593 0.318229 0.544444 0.318229 0.545370 0.319271 0.547222 0.319271 0.548148 0.320312 0.550000 0.320312 0.550926 0.321354 0.552778 0.321354 0.553704 0.322396 0.555556 0.322396 0.556481 0.323437 0.558333 0.323437 0.559259 0.324479 0.561111 0.324479 0.562037 0.325521 0.563889 0.325521 0.564815 0.327083 0.567593 0.327083 0.568519 0.328125 0.570370 0.328125 0.571296 0.329167 0.573148 0.329167 0.574074 0.330208 0.575926 0.330208 0.576852 0.331250 0.578704 0.331250 0.579630 0.332292 0.581481 0.332292 0.582407 0.333333 0.584259 0.333333 0.585185 0.334375 0.587037 0.334375 0.587963 0.335417 0.589815 0.335417 0.590741 0.336458 0.592593 0.336458 0.593519 0.337500 0.595370 0.337500 0.596296 0.338542 0.598148 0.338542 0.599074 0.339583 0.600926 0.345833 0.600926 0.346354 0.600000 0.346875 0.600000 0.347396 0.599074 0.347917 0.599074 0.348958 0.597222 0.349479 0.597222 0.350521 0.595370 0.351042 0.595370 0.352083 0.593519 0.352604 0.593519 0.353646 0.591667 0.354167 0.591667 0.355208 0.589815 0.355729 0.589815 0.356771 0.587963 0.357292 0.587963 0.357812 0.587037 0.358333 0.587037 0.359375 0.585185 0.359896 0.585185 0.360938 0.583333 0.361458 0.583333 0.362500 0.581481 0.363021 0.581481 0.364063 0.579630 0.364583 0.579630 0.365625 0.577778 0.366146 0.577778 0.367188 0.575926 0.367708 0.575926 0.368750 0.574074 0.369271 0.574074 0.370312 0.572222 0.370833 0.572222 0.371354 0.571296 0.371875 0.571296 0.372917 0.569444 0.373437 0.569444 0.374479 0.567593 0.375000 0.567593 0.376042 0.565741 0.376563 0.565741 0.377604 0.563889 0.378125 0.563889 0.379167 0.562037 0.379688 0.562037 0.380729 0.560185 0.381250 0.560185 0.382292 0.558333 0.382812 0.558333 0.383854 0.556481 0.384375 0.556481 0.385417 0.554630 0.385937 0.554630 0.386979 0.552778 0.387500 0.552778 0.389062 0.550000 0.389062 0.546296 0.385937 0.540741 0.385937 0.539815 0.382292 0.533333 0.381771 0.533333 0.379688 0.537037 0.379167 0.537037 0.375000 0.544444 0.374479 0.544444 0.369271 0.553704 0.368750 0.553704 0.363021 0.563889 0.362500 0.563889 0.359896 0.568519 0.357812 0.568519 0.355729 0.564815 0.355729 0.563889 0.355208 0.562963 0.355208 0.562037 0.354167 0.560185 0.354167 0.559259 0.353646 0.558333 0.353125 0.558333 0.348958 0.550926 0.349479 0.551852 0.349479 0.552778 0.350000 0.553704 0.350000 0.554630 0.350521 0.555556 0.350521 0.556481 0.351042 0.557407 0.351042 0.558333 0.351562 0.559259 0.351562 0.560185 0.352083 0.561111 0.352083 0.562037 0.352604 0.562963 0.352604 0.565741 0.352083 0.566667 0.352083 0.567593 0.351562 0.568519 0.351042 0.568519 0.350521 0.569444 0.348958 0.569444 0.348438 0.568519 0.347917 0.568519 0.345833 0.564815 0.345313 0.564815 0.330208 0.537963 0.329688 0.537963 0.323958 0.527778 0.323437 0.527778 0.320312 0.522222 0.319792 0.522222 0.318229 0.519444 0.317708 0.519444 0.316146 0.516667 0.315625 0.516667 0.315104 0.515741 0.314583 0.515741 0.314063 0.514815 0.313021 0.514815 0.312500 0.513889
0 0.429688 0.562500 0.089583 0.080556 0.389583 0.522222 0.388542 0.524074 0.388021 0.524074 0.386458 0.526852 0.385937 0.526852 0.384896 0.528704 0.384896 0.529630 0.390625 0.539815 0.391146 0.539815 0.404687 0.563889 0.405208 0.563889 0.407813 0.568519 0.408333 0.568519 0.410417 0.572222 0.410938 0.572222 0.413021 0.575926 0.413542 0.575926 0.415625 0.579630 0.416146 0.579630 0.418229 0.583333 0.418750 0.583333 0.420833 0.587037 0.421354 0.587037 0.423438 0.590741 0.423958 0.590741 0.426042 0.594444 0.426563 0.594444 0.429167 0.599074 0.429688 0.599074 0.431771 0.602778 0.435417 0.602778 0.435937 0.601852 0.439063 0.601852 0.449479 0.583333 0.449479 0.582407 0.463542 0.557407 0.463542 0.556481 0.473438 0.538889 0.473438 0.537963 0.474479 0.536111 0.474479 0.532407 0.472917 0.529630 0.472396 0.529630 0.471875 0.528704 0.470833 0.528704 0.470313 0.527778 0.469271 0.527778 0.468750 0.526852 0.468229 0.526852 0.467708 0.525926 0.466667 0.525926 0.466146 0.525000 0.450000 0.553704 0.449479 0.553704 0.446875 0.558333 0.446354 0.558333 0.445833 0.559259 0.445312 0.558333 0.444792 0.558333 0.444271 0.557407 0.443750 0.557407 0.442708 0.555556 0.442188 0.555556 0.441667 0.554630 0.441146 0.554630 0.440104 0.552778 0.439583 0.553704 0.439063 0.553704 0.438542 0.554630 0.438021 0.553704 0.436979 0.553704 0.435937 0.551852 0.435417 0.551852 0.434375 0.550000 0.433854 0.550000 0.432812 0.548148 0.432292 0.548148 0.431250 0.546296 0.430729 0.546296 0.429688 0.544444 0.429167 0.544444 0.428646 0.543519 0.428125 0.543519 0.427083 0.541667 0.426563 0.541667 0.425521 0.539815 0.425000 0.539815 0.423958 0.537963 0.423438 0.537963 0.422396 0.536111 0.421875 0.536111 0.421354 0.535185 0.420833 0.536111 0.420833 0.537037 0.423438 0.541667 0.423438 0.542593 0.429688 0.553704 0.429688 0.554630 0.433854 0.562037 0.433854 0.562963 0.434896 0.564815 0.434896 0.565741 0.435417 0.566667 0.435417 0.567593 0.434896 0.568519 0.434896 0.569444 0.433854 0.571296 0.433333 0.571296 0.432812 0.572222 0.432292 0.572222 0.431771 0.571296 0.431250 0.571296 0.430729 0.570370 0.430208 0.570370 0.429167 0.568519 0.428646 0.568519 0.427083 0.565741 0.426563 0.565741 0.425521 0.563889 0.425000 0.563889 0.423438 0.561111 0.422917 0.561111 0.421875 0.559259 0.421354 0.559259 0.420312 0.557407 0.419792 0.557407 0.418229 0.554630 0.417708 0.554630 0.416667 0.552778 0.416146 0.552778 0.414583 0.550000 0.414062 0.550000 0.413021 0.548148 0.412500 0.549074 0.411979 0.549074 0.410938 0.550926 0.409896 0.550926 0.409375 0.550000 0.408854 0.550000 0.400521 0.535185 0.400000 0.535185 0.398438 0.532407 0.397917 0.532407 0.396875 0.530556 0.396354 0.530556 0.395313 0.528704 0.394792 0.528704 0.393750 0.526852 0.393229 0.526852 0.392188 0.525000 0.391667 0.525000 0.390625 0.523148 0.390104 0.523148
0 0.515885 0.552778 0.098437 0.083333 0.475000 0.511111 0.473958 0.512963 0.473438 0.512963 0.469271 0.520370 0.468750 0.520370 0.466667 0.524074 0.466667 0.525000 0.467708 0.525000 0.468229 0.525926 0.468750 0.525926 0.469271 0.526852 0.470313 0.526852 0.470833 0.527778 0.471875 0.527778 0.472396 0.528704 0.472917 0.528704 0.475000 0.532407 0.475000 0.536111 0.473958 0.537963 0.473958 0.538889 0.483333 0.555556 0.483854 0.555556 0.484375 0.556481 0.484896 0.556481 0.485417 0.557407 0.485938 0.557407 0.486458 0.558333 0.486979 0.558333 0.487500 0.559259 0.488021 0.559259 0.488542 0.560185 0.489063 0.560185 0.489583 0.561111 0.490104 0.561111 0.490625 0.562037 0.491146 0.562037 0.491667 0.562963 0.492188 0.562963 0.492708 0.563889 0.493229 0.563889 0.493750 0.564815 0.494271 0.564815 0.494792 0.565741 0.495312 0.565741 0.495833 0.566667 0.496354 0.566667 0.496875 0.567593 0.497396 0.567593 0.497917 0.568519 0.498437 0.568519 0.498958 0.569444 0.499479 0.569444 0.500000 0.570370 0.500521 0.570370 0.501042 0.571296 0.501563 0.571296 0.502083 0.572222 0.502604 0.572222 0.503125 0.573148 0.503646 0.573148 0.504167 0.574074 0.504687 0.574074 0.505208 0.575000 0.505729 0.575000 0.506250 0.575926 0.506771 0.575926 0.507292 0.576852 0.507812 0.576852 0.508333 0.577778 0.508854 0.577778 0.509375 0.578704 0.509896 0.578704 0.510417 0.579630 0.510938 0.579630 0.511458 0.580556 0.511979 0.580556 0.512500 0.581481 0.513021 0.581481 0.513542 0.582407 0.514062 0.582407 0.514583 0.583333 0.515104 0.583333 0.515625 0.584259 0.516146 0.584259 0.516667 0.585185 0.517188 0.585185 0.517708 0.586111 0.518229 0.586111 0.518750 0.587037 0.519271 0.587037 0.519792 0.587963 0.520312 0.587963 0.520833 0.588889 0.521354 0.588889 0.521875 0.589815 0.522396 0.589815 0.522917 0.590741 0.523438 0.590741 0.523958 0.591667 0.524479 0.591667 0.525000 0.592593 0.525521 0.592593 0.526042 0.593519 0.526563 0.593519 0.527083 0.594444 0.527604 0.594444 0.528125 0.593519 0.528646 0.593519 0.556250 0.544444 0.556250 0.543519 0.564583 0.528704 0.564583 0.527778 0.565104 0.526852 0.565104 0.524074 0.563542 0.521296 0.562500 0.521296 0.561979 0.520370 0.560937 0.520370 0.558854 0.524074 0.558333 0.524074 0.548958 0.540741 0.548958 0.541667 0.540625 0.556481 0.540104 0.556481 0.539062 0.558333 0.538542 0.558333 0.538021 0.557407 0.536979 0.557407 0.536458 0.556481 0.535937 0.556481 0.535417 0.555556 0.534375 0.555556 0.533854 0.554630 0.533333 0.554630 0.532813 0.553704 0.531250 0.556481 0.530729 0.556481 0.530208 0.557407 0.528125 0.557407 0.527604 0.556481 0.527083 0.556481 0.526563 0.555556 0.525521 0.555556 0.525000 0.554630 0.524479 0.554630 0.523958 0.553704 0.522917 0.553704 0.522396 0.552778 0.521354 0.552778 0.520833 0.551852 0.520312 0.551852 0.519792 0.550926 0.519792 0.551852 0.520312 0.552778 0.519792 0.553704 0.519792 0.554630 0.518229 0.557407 0.516667 0.557407 0.516146 0.556481 0.515104 0.556481 0.514583 0.555556 0.514062 0.555556 0.513542 0.554630 0.512500 0.554630 0.511979 0.553704 0.511458 0.553704 0.494792 0.524074 0.494271 0.524074 0.493229 0.522222 0.492188 0.522222 0.491667 0.521296 0.490625 0.521296 0.490104 0.520370 0.489583 0.520370 0.489063 0.519444 0.488021 0.519444 0.487500 0.518519 0.486458 0.518519 0.485938 0.517593 0.485417 0.517593 0.484896 0.516667 0.483854 0.516667 0.483333 0.515741 0.482292 0.515741 0.481771 0.514815 0.480729 0.514815 0.480208 0.513889 0.479687 0.513889 0.479167 0.512963 0.478125 0.512963 0.477604 0.512037 0.476562 0.512037 0.476042 0.511111
0 0.602604 0.551389 0.097917 0.076852 0.565104 0.512963 0.561458 0.519444 0.561979 0.519444 0.562500 0.520370 0.563542 0.520370 0.565625 0.524074 0.565625 0.526852 0.565104 0.527778 0.565104 0.528704 0.556771 0.543519 0.556771 0.544444 0.553646 0.550000 0.554688 0.551852 0.555208 0.551852 0.555729 0.552778 0.556250 0.552778 0.556771 0.553704 0.557813 0.553704 0.558333 0.554630 0.559375 0.554630 0.559896 0.555556 0.560937 0.555556 0.561458 0.556481 0.561979 0.556481 0.562500 0.557407 0.563542 0.557407 0.564063 0.558333 0.565104 0.558333 0.565625 0.559259 0.566667 0.559259 0.567187 0.560185 0.568229 0.560185 0.568750 0.561111 0.569271 0.561111 0.569792 0.562037 0.570833 0.562037 0.571354 0.562963 0.572396 0.562963 0.572917 0.563889 0.573958 0.563889 0.574479 0.564815 0.575000 0.564815 0.575521 0.565741 0.576562 0.565741 0.577083 0.566667 0.578125 0.566667 0.578646 0.567593 0.579688 0.567593 0.580208 0.568519 0.581250 0.568519 0.581771 0.569444 0.582292 0.569444 0.582812 0.570370 0.583854 0.570370 0.584375 0.571296 0.585417 0.571296 0.585938 0.572222 0.586979 0.572222 0.587500 0.573148 0.588542 0.573148 0.589063 0.574074 0.589583 0.574074 0.590104 0.575000 0.591146 0.575000 0.591667 0.575926 0.592708 0.575926 0.593229 0.576852 0.594271 0.576852 0.594792 0.577778 0.595833 0.577778 0.596354 0.578704 0.596875 0.578704 0.597396 0.579630 0.598437 0.579630 0.598958 0.580556 0.600000 0.580556 0.600521 0.581481 0.601562 0.581481 0.602083 0.582407 0.602604 0.582407 0.603125 0.583333 0.604167 0.583333 0.604688 0.584259 0.605729 0.584259 0.606250 0.585185 0.607292 0.585185 0.607812 0.586111 0.608854 0.586111 0.609375 0.587037 0.609896 0.587037 0.610417 0.587963 0.611458 0.587963 0.611979 0.588889 0.613021 0.588889 0.613542 0.589815 0.616667 0.589815 0.618229 0.587037 0.618750 0.587037 0.619792 0.585185 0.619792 0.584259 0.631771 0.562963 0.631771 0.562037 0.643750 0.540741 0.643750 0.539815 0.650521 0.527778 0.650521 0.526852 0.651563 0.525000 0.651563 0.522222 0.651042 0.521296 0.651042 0.520370 0.650521 0.519444 0.649479 0.519444 0.648958 0.518519 0.647396 0.518519 0.643229 0.525926 0.642708 0.525926 0.632292 0.544444 0.632292 0.545370 0.621354 0.564815 0.619792 0.564815 0.619271 0.563889 0.618229 0.563889 0.617708 0.562963 0.616667 0.562963 0.616146 0.562037 0.614583 0.562037 0.614062 0.561111 0.613021 0.561111 0.612500 0.560185 0.611458 0.560185 0.610938 0.559259 0.609375 0.559259 0.608854 0.558333 0.607812 0.558333 0.607292 0.557407 0.606250 0.557407 0.605729 0.556481 0.604167 0.556481 0.603646 0.555556 0.602604 0.555556 0.589583 0.532407 0.589583 0.531481 0.584896 0.523148 0.584375 0.523148 0.583333 0.521296 0.582292 0.521296 0.581771 0.520370 0.580729 0.520370 0.580208 0.519444 0.578646 0.519444 0.578125 0.518519 0.576562 0.518519 0.576042 0.517593 0.574479 0.517593 0.573958 0.516667 0.572396 0.516667 0.571875 0.515741 0.570312 0.515741 0.569792 0.514815 0.568229 0.514815 0.567708 0.513889 0.566146 0.513889 0.565625 0.512963
0 0.678646 0.550926 0.089583 0.070370 0.649479 0.515741 0.648438 0.517593 0.648958 0.517593 0.649479 0.518519 0.650521 0.518519 0.651563 0.520370 0.651563 0.521296 0.652083 0.522222 0.652083 0.525000 0.651042 0.526852 0.651042 0.527778 0.644271 0.539815 0.644271 0.540741 0.633854 0.559259 0.634896 0.559259 0.635417 0.560185 0.636979 0.560185 0.637500 0.561111 0.638542 0.561111 0.639062 0.562037 0.640625 0.562037 0.641146 0.562963 0.642708 0.562963 0.643229 0.563889 0.644271 0.563889 0.644792 0.564815 0.646354 0.564815 0.646875 0.565741 0.647917 0.565741 0.648438 0.566667 0.650000 0.566667 0.650521 0.567593 0.651563 0.567593 0.652083 0.568519 0.653646 0.568519 0.654167 0.569444 0.655208 0.569444 0.655729 0.570370 0.657292 0.570370 0.657813 0.571296 0.659375 0.571296 0.659896 0.572222 0.660937 0.572222 0.661458 0.573148 0.663021 0.573148 0.663542 0.574074 0.664583 0.574074 0.665104 0.575000 0.666667 0.575000 0.667188 0.575926 0.668229 0.575926 0.668750 0.576852 0.670312 0.576852 0.670833 0.577778 0.671875 0.577778 0.672396 0.578704 0.673958 0.578704 0.674479 0.579630 0.676042 0.579630 0.676562 0.580556 0.677604 0.580556 0.678125 0.581481 0.679688 0.581481 0.680208 0.582407 0.681250 0.582407 0.681771 0.583333 0.683333 0.583333 0.683854 0.584259 0.684896 0.584259 0.685417 0.585185 0.686979 0.585185 0.687500 0.586111 0.689583 0.586111 0.698958 0.569444 0.698958 0.568519 0.707812 0.552778 0.707812 0.551852 0.716667 0.536111 0.716667 0.535185 0.722396 0.525000 0.722396 0.524074 0.723437 0.522222 0.723437 0.518519 0.722917 0.517593 0.722396 0.517593 0.714583 0.531481 0.714583 0.532407 0.705729 0.548148 0.705729 0.549074 0.698958 0.561111 0.698438 0.561111 0.697917 0.562037 0.696875 0.562037 0.696354 0.561111 0.694271 0.561111 0.693750 0.560185 0.692187 0.560185 0.691667 0.559259 0.690104 0.559259 0.689583 0.558333 0.689063 0.558333 0.689063 0.559259 0.687500 0.562037 0.684896 0.562037 0.684375 0.561111 0.682813 0.561111 0.682292 0.560185 0.681250 0.560185 0.678646 0.555556 0.678125 0.555556 0.672917 0.546296 0.672917 0.545370 0.664062 0.529630 0.664062 0.528704 0.658854 0.519444 0.658333 0.519444 0.657813 0.518519 0.657292 0.518519 0.656771 0.517593 0.654687 0.517593 0.654167 0.516667 0.652083 0.516667 0.651563 0.515741
0 0.310417 0.522222 0.083333 0.096296 0.308854 0.474074 0.306771 0.477778 0.306250 0.477778 0.303125 0.483333 0.303125 0.496296 0.302604 0.497222 0.302604 0.498148 0.288021 0.524074 0.287500 0.524074 0.271354 0.552778 0.271354 0.554630 0.270833 0.555556 0.270833 0.556481 0.270313 0.557407 0.270313 0.559259 0.269792 0.560185 0.269792 0.561111 0.269271 0.562037 0.269271 0.563889 0.268750 0.564815 0.268750 0.565741 0.269271 0.566667 0.269271 0.567593 0.270313 0.569444 0.270833 0.569444 0.271354 0.570370 0.271875 0.570370 0.272396 0.569444 0.272917 0.569444 0.277083 0.562037 0.277604 0.562037 0.290104 0.539815 0.290625 0.539815 0.296354 0.529630 0.296875 0.529630 0.300521 0.523148 0.301042 0.523148 0.303125 0.519444 0.303646 0.519444 0.305208 0.516667 0.305729 0.516667 0.306250 0.515741 0.306771 0.515741 0.307292 0.514815 0.307812 0.514815 0.308333 0.513889 0.308854 0.513889 0.309375 0.512963 0.312500 0.512963 0.313021 0.513889 0.314063 0.513889 0.314583 0.514815 0.315104 0.514815 0.315625 0.515741 0.316146 0.515741 0.317708 0.518519 0.318229 0.518519 0.319792 0.521296 0.320312 0.521296 0.323437 0.526852 0.323958 0.526852 0.329688 0.537037 0.330208 0.537037 0.345313 0.563889 0.345833 0.563889 0.347917 0.567593 0.348438 0.567593 0.348958 0.568519 0.350521 0.568519 0.351042 0.567593 0.351562 0.567593 0.351562 0.566667 0.352083 0.565741 0.352083 0.562963 0.351562 0.562037 0.351562 0.561111 0.351042 0.560185 0.351042 0.559259 0.350521 0.558333 0.350521 0.557407 0.350000 0.556481 0.350000 0.555556 0.349479 0.554630 0.349479 0.553704 0.348958 0.552778 0.348958 0.551852 0.348438 0.550926 0.348438 0.550000 0.332292 0.521296 0.331771 0.521296 0.315625 0.492593 0.315625 0.491667 0.314063 0.488889 0.314063 0.485185 0.313542 0.484259 0.313542 0.478704 0.313021 0.477778 0.313021 0.476852 0.312500 0.475926 0.311979 0.475926 0.310937 0.474074
0 0.394792 0.532407 0.080208 0.077778 0.394792 0.493519 0.375000 0.528704 0.374479 0.528704 0.357812 0.558333 0.357292 0.558333 0.356771 0.559259 0.356250 0.559259 0.355729 0.560185 0.355208 0.560185 0.354687 0.559259 0.354687 0.560185 0.355729 0.562037 0.355729 0.562963 0.356250 0.563889 0.356250 0.564815 0.357812 0.567593 0.359896 0.567593 0.362500 0.562963 0.363021 0.562963 0.368750 0.552778 0.369271 0.552778 0.374479 0.543519 0.375000 0.543519 0.379167 0.536111 0.379688 0.536111 0.382812 0.530556 0.383333 0.530556 0.385937 0.525926 0.386458 0.525926 0.388021 0.523148 0.388542 0.523148 0.390104 0.520370 0.390625 0.520370 0.391667 0.518519 0.392188 0.518519 0.392708 0.517593 0.393229 0.517593 0.393750 0.516667 0.394271 0.516667 0.397917 0.523148 0.397917 0.524074 0.406771 0.539815 0.407292 0.539815 0.408854 0.542593 0.409375 0.542593 0.410417 0.544444 0.410938 0.544444 0.412500 0.547222 0.413021 0.547222 0.414062 0.549074 0.414583 0.549074 0.416146 0.551852 0.416667 0.551852 0.417708 0.553704 0.418229 0.553704 0.419792 0.556481 0.420312 0.556481 0.421354 0.558333 0.421875 0.558333 0.422917 0.560185 0.423438 0.560185 0.425000 0.562963 0.425521 0.562963 0.426563 0.564815 0.427083 0.564815 0.428646 0.567593 0.429167 0.567593 0.430208 0.569444 0.430729 0.569444 0.431250 0.570370 0.431771 0.570370 0.432292 0.571296 0.432812 0.571296 0.433333 0.570370 0.433854 0.570370 0.434375 0.569444 0.434375 0.568519 0.434896 0.567593 0.434896 0.566667 0.434375 0.565741 0.434375 0.564815 0.433333 0.562963 0.433333 0.562037 0.429167 0.554630 0.429167 0.553704 0.422917 0.542593 0.422917 0.541667 0.416667 0.530556 0.416667 0.529630 0.410417 0.518519 0.410417 0.517593 0.404167 0.506481 0.404167 0.505556 0.399479 0.497222 0.398958 0.497222 0.397917 0.495370 0.397396 0.495370 0.396875 0.494444 0.396354 0.494444 0.395833 0.493519
0 0.480208 0.520370 0.079167 0.075926 0.477604 0.482407 0.478125 0.483333 0.478125 0.484259 0.477604 0.485185 0.477604 0.486111 0.474479 0.491667 0.474479 0.492593 0.441146 0.551852 0.440625 0.551852 0.440625 0.552778 0.441146 0.553704 0.441667 0.553704 0.442188 0.554630 0.442708 0.554630 0.443750 0.556481 0.444271 0.556481 0.444792 0.557407 0.445312 0.557407 0.445833 0.558333 0.446354 0.557407 0.446875 0.557407 0.449479 0.552778 0.450000 0.552778 0.468750 0.519444 0.469271 0.519444 0.473438 0.512037 0.473958 0.512037 0.475000 0.510185 0.476042 0.510185 0.476562 0.511111 0.477604 0.511111 0.478125 0.512037 0.479167 0.512037 0.479687 0.512963 0.480208 0.512963 0.480729 0.513889 0.481771 0.513889 0.482292 0.514815 0.483333 0.514815 0.483854 0.515741 0.484896 0.515741 0.485417 0.516667 0.485938 0.516667 0.486458 0.517593 0.487500 0.517593 0.488021 0.518519 0.489063 0.518519 0.489583 0.519444 0.490104 0.519444 0.490625 0.520370 0.491667 0.520370 0.492188 0.521296 0.493229 0.521296 0.494271 0.523148 0.494792 0.523148 0.511458 0.552778 0.511979 0.552778 0.512500 0.553704 0.513542 0.553704 0.514062 0.554630 0.514583 0.554630 0.515104 0.555556 0.516146 0.555556 0.516667 0.556481 0.518229 0.556481 0.519271 0.554630 0.519271 0.553704 0.519792 0.552778 0.519271 0.551852 0.519271 0.550926 0.518750 0.550000 0.518750 0.549074 0.514062 0.540741 0.514062 0.539815 0.499479 0.513889 0.499479 0.512963 0.483854 0.485185 0.483333 0.485185 0.482812 0.484259 0.481771 0.484259 0.481250 0.483333 0.479687 0.483333 0.479167 0.482407
0 0.571615 0.518519 0.076563 0.077778 0.558854 0.479630 0.558333 0.480556 0.560417 0.480556 0.560937 0.481481 0.563542 0.481481 0.564063 0.482407 0.565625 0.482407 0.567708 0.486111 0.567708 0.488889 0.567187 0.489815 0.567187 0.490741 0.564063 0.496296 0.564063 0.497222 0.545312 0.530556 0.545312 0.531481 0.533333 0.552778 0.533333 0.553704 0.533854 0.553704 0.534375 0.554630 0.535417 0.554630 0.535937 0.555556 0.536458 0.555556 0.536979 0.556481 0.538021 0.556481 0.538542 0.557407 0.539062 0.557407 0.540104 0.555556 0.540625 0.555556 0.548438 0.541667 0.548438 0.540741 0.558333 0.523148 0.558854 0.523148 0.565104 0.512037 0.565625 0.512037 0.566146 0.512963 0.567708 0.512963 0.568229 0.513889 0.569792 0.513889 0.570312 0.514815 0.571875 0.514815 0.572396 0.515741 0.573958 0.515741 0.574479 0.516667 0.576042 0.516667 0.576562 0.517593 0.578125 0.517593 0.578646 0.518519 0.580208 0.518519 0.580729 0.519444 0.581771 0.519444 0.582292 0.520370 0.583333 0.520370 0.584375 0.522222 0.584896 0.522222 0.590104 0.531481 0.590104 0.532407 0.601042 0.551852 0.602604 0.551852 0.603125 0.552778 0.604167 0.552778 0.604688 0.553704 0.606250 0.553704 0.606771 0.554630 0.608854 0.554630 0.609896 0.552778 0.609896 0.550000 0.609375 0.549074 0.609375 0.548148 0.607812 0.545370 0.607812 0.544444 0.599479 0.529630 0.599479 0.528704 0.589063 0.510185 0.589063 0.509259 0.578646 0.490741 0.578646 0.489815 0.577083 0.487037 0.576562 0.487037 0.575000 0.484259 0.573958 0.484259 0.573438 0.483333 0.570833 0.483333 0.570312 0.482407 0.568229 0.482407 0.567708 0.481481 0.565104 0.481481 0.564583 0.480556 0.562500 0.480556 0.561979 0.479630
0 0.645052 0.529630 0.086979 0.068519 0.656771 0.495370 0.655208 0.498148 0.655208 0.499074 0.643229 0.520370 0.643229 0.521296 0.631771 0.541667 0.631771 0.542593 0.623958 0.556481 0.623437 0.556481 0.622917 0.557407 0.620833 0.557407 0.620313 0.556481 0.618750 0.556481 0.618229 0.555556 0.617188 0.555556 0.616667 0.554630 0.615104 0.554630 0.614583 0.553704 0.613542 0.553704 0.613021 0.552778 0.611458 0.552778 0.610938 0.551852 0.610417 0.551852 0.610417 0.552778 0.608854 0.555556 0.606771 0.555556 0.606250 0.554630 0.604688 0.554630 0.604167 0.553704 0.603125 0.553704 0.602604 0.552778 0.601562 0.552778 0.602604 0.554630 0.603646 0.554630 0.604167 0.555556 0.605729 0.555556 0.606250 0.556481 0.607292 0.556481 0.607812 0.557407 0.608854 0.557407 0.609375 0.558333 0.610938 0.558333 0.611458 0.559259 0.612500 0.559259 0.613021 0.560185 0.614062 0.560185 0.614583 0.561111 0.616146 0.561111 0.616667 0.562037 0.617708 0.562037 0.618229 0.562963 0.619271 0.562963 0.619792 0.563889 0.621354 0.563889 0.631771 0.545370 0.631771 0.544444 0.642708 0.525000 0.643229 0.525000 0.647396 0.517593 0.647917 0.517593 0.649479 0.514815 0.651563 0.514815 0.652083 0.515741 0.654167 0.515741 0.654687 0.516667 0.656771 0.516667 0.657292 0.517593 0.657813 0.517593 0.658333 0.518519 0.658854 0.518519 0.664583 0.528704 0.664583 0.529630 0.673438 0.545370 0.673438 0.546296 0.678125 0.554630 0.678646 0.554630 0.681250 0.559259 0.682292 0.559259 0.682813 0.560185 0.684375 0.560185 0.684896 0.561111 0.687500 0.561111 0.688542 0.559259 0.688542 0.556481 0.688021 0.555556 0.688021 0.554630 0.685937 0.550926 0.685937 0.550000 0.679688 0.538889 0.679688 0.537963 0.672917 0.525926 0.672917 0.525000 0.666146 0.512963 0.666146 0.512037 0.659375 0.500000 0.659375 0.499074 0.657292 0.495370
0 0.354948 0.516204 0.082812 0.086111 0.313542 0.473148 0.313542 0.477778 0.314063 0.478704 0.314063 0.484259 0.314583 0.485185 0.314583 0.488889 0.316146 0.491667 0.316146 0.492593 0.331771 0.520370 0.332292 0.520370 0.353125 0.557407 0.353646 0.557407 0.354167 0.558333 0.354687 0.558333 0.355208 0.559259 0.355729 0.559259 0.356250 0.558333 0.356771 0.558333 0.357292 0.557407 0.357812 0.557407 0.374479 0.527778 0.375000 0.527778 0.395833 0.490741 0.395833 0.489815 0.396354 0.488889 0.396354 0.486111 0.394792 0.483333 0.394271 0.483333 0.393750 0.482407 0.393229 0.482407 0.392708 0.481481 0.392188 0.481481 0.391667 0.480556 0.391146 0.481481 0.390625 0.481481 0.388021 0.486111 0.387500 0.486111 0.382812 0.494444 0.382292 0.494444 0.370833 0.514815 0.370312 0.514815 0.361979 0.529630 0.359896 0.529630 0.357292 0.525000 0.357292 0.524074 0.355729 0.521296 0.355729 0.520370 0.355208 0.519444 0.354167 0.519444 0.353125 0.517593 0.352604 0.517593 0.348958 0.511111 0.347917 0.511111 0.348438 0.512037 0.348438 0.512963 0.349479 0.514815 0.349479 0.515741 0.351042 0.518519 0.351042 0.519444 0.351562 0.520370 0.351562 0.521296 0.352083 0.522222 0.351562 0.523148 0.351562 0.525000 0.350521 0.526852 0.347917 0.526852 0.347396 0.525926 0.346875 0.525926 0.344271 0.521296 0.343750 0.521296 0.327604 0.492593 0.327083 0.492593 0.322396 0.484259 0.321875 0.484259 0.319271 0.479630 0.318750 0.479630 0.317188 0.476852 0.316667 0.476852 0.315625 0.475000 0.315104 0.475000 0.314583 0.474074 0.314063 0.474074
0 0.434896 0.514352 0.085417 0.078704 0.396354 0.475000 0.395833 0.475926 0.395313 0.475926 0.394792 0.476852 0.394271 0.476852 0.393229 0.478704 0.392708 0.478704 0.392188 0.479630 0.392188 0.480556 0.392708 0.480556 0.393229 0.481481 0.393750 0.481481 0.394271 0.482407 0.394792 0.482407 0.396875 0.486111 0.396875 0.488889 0.396354 0.489815 0.396354 0.490741 0.395313 0.492593 0.395833 0.492593 0.396354 0.493519 0.396875 0.493519 0.397396 0.494444 0.397917 0.494444 0.398958 0.496296 0.399479 0.496296 0.404687 0.505556 0.404687 0.506481 0.410938 0.517593 0.410938 0.518519 0.417708 0.530556 0.418229 0.530556 0.419271 0.532407 0.419792 0.532407 0.420312 0.533333 0.420833 0.533333 0.421875 0.535185 0.422396 0.535185 0.423438 0.537037 0.423958 0.537037 0.425000 0.538889 0.425521 0.538889 0.426563 0.540741 0.427083 0.540741 0.428125 0.542593 0.428646 0.542593 0.429167 0.543519 0.429688 0.543519 0.430729 0.545370 0.431250 0.545370 0.432292 0.547222 0.432812 0.547222 0.433854 0.549074 0.434375 0.549074 0.435417 0.550926 0.435937 0.550926 0.436979 0.552778 0.438021 0.552778 0.438542 0.553704 0.439063 0.552778 0.439583 0.552778 0.440625 0.550926 0.441146 0.550926 0.473958 0.492593 0.473958 0.491667 0.477083 0.486111 0.477083 0.485185 0.477604 0.484259 0.477604 0.483333 0.477083 0.482407 0.477083 0.481481 0.476042 0.479630 0.474479 0.479630 0.468229 0.490741 0.467708 0.490741 0.450000 0.522222 0.449479 0.522222 0.448958 0.523148 0.447917 0.523148 0.447396 0.522222 0.446875 0.522222 0.446354 0.521296 0.445833 0.521296 0.445312 0.520370 0.444792 0.520370 0.444271 0.519444 0.443229 0.519444 0.442708 0.518519 0.442188 0.518519 0.441667 0.517593 0.441146 0.517593 0.440625 0.516667 0.440104 0.516667 0.439583 0.515741 0.437500 0.515741 0.436979 0.514815 0.436458 0.514815 0.435937 0.513889 0.434896 0.513889 0.434375 0.512963 0.433854 0.512963 0.433333 0.512037 0.432812 0.512037 0.432292 0.511111 0.436979 0.519444 0.436979 0.520370 0.438021 0.522222 0.438021 0.526852 0.437500 0.527778 0.436979 0.527778 0.436458 0.528704 0.434375 0.528704 0.433854 0.527778 0.433333 0.527778 0.432812 0.526852 0.432292 0.526852 0.431771 0.525926 0.431250 0.525926 0.430729 0.525000 0.430208 0.525000 0.429167 0.523148 0.428646 0.523148 0.428125 0.522222 0.427604 0.522222 0.422917 0.513889 0.422396 0.513889 0.404167 0.481481 0.403646 0.481481 0.402604 0.479630 0.401562 0.479630 0.401042 0.478704 0.400521 0.478704 0.400000 0.477778 0.399479 0.477778 0.398958 0.476852 0.398438 0.476852 0.397917 0.475926 0.397396 0.475926 0.396875 0.475000
0 0.521354 0.516667 0.091667 0.079630 0.476562 0.476852 0.475521 0.478704 0.476042 0.478704 0.477604 0.481481 0.479167 0.481481 0.479687 0.482407 0.481250 0.482407 0.481771 0.483333 0.482812 0.483333 0.483333 0.484259 0.483854 0.484259 0.500000 0.512963 0.500000 0.513889 0.514583 0.539815 0.514583 0.540741 0.519271 0.549074 0.519271 0.550000 0.519792 0.550000 0.520312 0.550926 0.520833 0.550926 0.521354 0.551852 0.522396 0.551852 0.522917 0.552778 0.523958 0.552778 0.524479 0.553704 0.525000 0.553704 0.525521 0.554630 0.526563 0.554630 0.527083 0.555556 0.527604 0.555556 0.528125 0.556481 0.530208 0.556481 0.530729 0.555556 0.531250 0.555556 0.544792 0.531481 0.544792 0.530556 0.563542 0.497222 0.563542 0.496296 0.566667 0.490741 0.566667 0.489815 0.567187 0.488889 0.567187 0.486111 0.565625 0.483333 0.564063 0.483333 0.563542 0.482407 0.560937 0.482407 0.560417 0.481481 0.557813 0.481481 0.536979 0.518519 0.534896 0.518519 0.534375 0.517593 0.533333 0.517593 0.532813 0.516667 0.531250 0.516667 0.530208 0.518519 0.529687 0.518519 0.529167 0.519444 0.527604 0.519444 0.527083 0.518519 0.526042 0.518519 0.525521 0.517593 0.524479 0.517593 0.523958 0.516667 0.523958 0.518519 0.521875 0.522222 0.520312 0.522222 0.519792 0.521296 0.518750 0.521296 0.518229 0.520370 0.517188 0.520370 0.516667 0.519444 0.515625 0.519444 0.515104 0.518519 0.514583 0.518519 0.495833 0.485185 0.495312 0.485185 0.494792 0.484259 0.493229 0.484259 0.492708 0.483333 0.491146 0.483333 0.490625 0.482407 0.489063 0.482407 0.488542 0.481481 0.486979 0.481481 0.486458 0.480556 0.484896 0.480556 0.484375 0.479630 0.482812 0.479630 0.482292 0.478704 0.480729 0.478704 0.480208 0.477778 0.478125 0.477778 0.477604 0.476852
0 0.609115 0.516667 0.099479 0.079630 0.560417 0.476852 0.559375 0.478704 0.561979 0.478704 0.562500 0.479630 0.564583 0.479630 0.565104 0.480556 0.567708 0.480556 0.568229 0.481481 0.570312 0.481481 0.570833 0.482407 0.573438 0.482407 0.573958 0.483333 0.575000 0.483333 0.576562 0.486111 0.577083 0.486111 0.579167 0.489815 0.579167 0.490741 0.589583 0.509259 0.589583 0.510185 0.600000 0.528704 0.600000 0.529630 0.608333 0.544444 0.608333 0.545370 0.609896 0.548148 0.609896 0.549074 0.610417 0.550000 0.610417 0.550926 0.610938 0.550926 0.611458 0.551852 0.613021 0.551852 0.613542 0.552778 0.614583 0.552778 0.615104 0.553704 0.616667 0.553704 0.617188 0.554630 0.618229 0.554630 0.618750 0.555556 0.620313 0.555556 0.620833 0.556481 0.622917 0.556481 0.623437 0.555556 0.623958 0.555556 0.631250 0.542593 0.631250 0.541667 0.642708 0.521296 0.642708 0.520370 0.654687 0.499074 0.654687 0.498148 0.658333 0.491667 0.658333 0.490741 0.658854 0.489815 0.658854 0.487037 0.658333 0.486111 0.658333 0.485185 0.657813 0.484259 0.656250 0.484259 0.655729 0.483333 0.653646 0.483333 0.652604 0.485185 0.652083 0.485185 0.627083 0.529630 0.626563 0.529630 0.626042 0.530556 0.625521 0.529630 0.623958 0.529630 0.623437 0.528704 0.621875 0.528704 0.621354 0.527778 0.619271 0.527778 0.618750 0.526852 0.617188 0.526852 0.616667 0.525926 0.614583 0.525926 0.614062 0.525000 0.612500 0.525000 0.611979 0.524074 0.610938 0.524074 0.595313 0.496296 0.595313 0.495370 0.590625 0.487037 0.590104 0.487037 0.589063 0.485185 0.586979 0.485185 0.586458 0.484259 0.583854 0.484259 0.583333 0.483333 0.581250 0.483333 0.580729 0.482407 0.578125 0.482407 0.577604 0.481481 0.575000 0.481481 0.574479 0.480556 0.571875 0.480556 0.571354 0.479630 0.569271 0.479630 0.568750 0.478704 0.566146 0.478704 0.565625 0.477778 0.563021 0.477778 0.562500 0.476852
0 0.695052 0.525000 0.075521 0.072222 0.721875 0.488889 0.715625 0.500000 0.715625 0.500926 0.706250 0.517593 0.706250 0.518519 0.698438 0.532407 0.694792 0.532407 0.694271 0.531481 0.692187 0.531481 0.691667 0.530556 0.689583 0.530556 0.689063 0.529630 0.686979 0.529630 0.677083 0.512037 0.677083 0.511111 0.670312 0.499074 0.670312 0.498148 0.668229 0.494444 0.667708 0.494444 0.666667 0.492593 0.666146 0.492593 0.665625 0.491667 0.663021 0.491667 0.662500 0.490741 0.659896 0.490741 0.659375 0.489815 0.658854 0.490741 0.658854 0.491667 0.657292 0.494444 0.659896 0.499074 0.659896 0.500000 0.666667 0.512037 0.666667 0.512963 0.673438 0.525000 0.673438 0.525926 0.680208 0.537963 0.680208 0.538889 0.686458 0.550000 0.686458 0.550926 0.688542 0.554630 0.688542 0.555556 0.689063 0.556481 0.689063 0.557407 0.689583 0.557407 0.690104 0.558333 0.691667 0.558333 0.692187 0.559259 0.693750 0.559259 0.694271 0.560185 0.696354 0.560185 0.696875 0.561111 0.697917 0.561111 0.698438 0.560185 0.698958 0.560185 0.705208 0.549074 0.705208 0.548148 0.714063 0.532407 0.714063 0.531481 0.723437 0.514815 0.723437 0.513889 0.730729 0.500926 0.730729 0.500000 0.732292 0.497222 0.732292 0.496296 0.732812 0.495370 0.732812 0.494444 0.732292 0.493519 0.732292 0.492593 0.731250 0.490741 0.729167 0.490741 0.728646 0.489815 0.725000 0.489815 0.724479 0.488889
0 0.310677 0.484722 0.081771 0.086111 0.309375 0.441667 0.308854 0.442593 0.308333 0.442593 0.302604 0.452778 0.302083 0.452778 0.299479 0.457407 0.299479 0.462037 0.298958 0.462963 0.298958 0.465741 0.276562 0.505556 0.276042 0.505556 0.272917 0.511111 0.272917 0.512037 0.272396 0.512963 0.272396 0.513889 0.271875 0.514815 0.271875 0.515741 0.271354 0.516667 0.271354 0.517593 0.270313 0.519444 0.270313 0.520370 0.269792 0.521296 0.269792 0.524074 0.271354 0.526852 0.271875 0.526852 0.272396 0.527778 0.272917 0.527778 0.273958 0.525926 0.274479 0.525926 0.284375 0.508333 0.284896 0.508333 0.293750 0.492593 0.294271 0.492593 0.298438 0.485185 0.298958 0.485185 0.301563 0.480556 0.302083 0.480556 0.304167 0.476852 0.304688 0.476852 0.305729 0.475000 0.306250 0.475000 0.307292 0.473148 0.308333 0.473148 0.308854 0.472222 0.310417 0.472222 0.310937 0.471296 0.311458 0.471296 0.311979 0.472222 0.313542 0.472222 0.314063 0.473148 0.314583 0.473148 0.315104 0.474074 0.315625 0.474074 0.316667 0.475926 0.317188 0.475926 0.318750 0.478704 0.319271 0.478704 0.321875 0.483333 0.322396 0.483333 0.327083 0.491667 0.327604 0.491667 0.343750 0.520370 0.344271 0.520370 0.346875 0.525000 0.347396 0.525000 0.347917 0.525926 0.350521 0.525926 0.351042 0.525000 0.351042 0.523148 0.351562 0.522222 0.351042 0.521296 0.351042 0.520370 0.350521 0.519444 0.350521 0.518519 0.348958 0.515741 0.348958 0.514815 0.347917 0.512963 0.347917 0.512037 0.346875 0.510185 0.346875 0.509259 0.345833 0.507407 0.345833 0.506481 0.344792 0.504630 0.344792 0.503704 0.323437 0.465741 0.322917 0.465741 0.317188 0.455556 0.317188 0.454630 0.314063 0.449074 0.314063 0.447222 0.311458 0.442593 0.310937 0.442593 0.310417 0.441667
0 0.396615 0.490278 0.081771 0.076852 0.394792 0.451852 0.369792 0.496296 0.369271 0.496296 0.357292 0.517593 0.356771 0.517593 0.355729 0.519444 0.356250 0.520370 0.356250 0.521296 0.357812 0.524074 0.357812 0.525000 0.359896 0.528704 0.361979 0.528704 0.370312 0.513889 0.370833 0.513889 0.382292 0.493519 0.382812 0.493519 0.387500 0.485185 0.388021 0.485185 0.390625 0.480556 0.391146 0.480556 0.392708 0.477778 0.393229 0.477778 0.394271 0.475926 0.394792 0.475926 0.395313 0.475000 0.395833 0.475000 0.396354 0.474074 0.396875 0.474074 0.397396 0.475000 0.397917 0.475000 0.398438 0.475926 0.398958 0.475926 0.399479 0.476852 0.400000 0.476852 0.400521 0.477778 0.401042 0.477778 0.401562 0.478704 0.402604 0.478704 0.403646 0.480556 0.404167 0.480556 0.422396 0.512963 0.422917 0.512963 0.427604 0.521296 0.428125 0.521296 0.428646 0.522222 0.429167 0.522222 0.430208 0.524074 0.430729 0.524074 0.431250 0.525000 0.431771 0.525000 0.432292 0.525926 0.432812 0.525926 0.433333 0.526852 0.433854 0.526852 0.434375 0.527778 0.436458 0.527778 0.436979 0.526852 0.437500 0.526852 0.437500 0.522222 0.436458 0.520370 0.436458 0.519444 0.416146 0.483333 0.416146 0.482407 0.401042 0.455556 0.400521 0.455556 0.399479 0.453704 0.397917 0.453704 0.397396 0.452778 0.396354 0.452778 0.395833 0.451852
0 0.481510 0.483796 0.083854 0.076852 0.477604 0.445370 0.477604 0.447222 0.476042 0.450000 0.476042 0.450926 0.441667 0.512037 0.441146 0.512037 0.439583 0.514815 0.440104 0.515741 0.440625 0.515741 0.441146 0.516667 0.441667 0.516667 0.442188 0.517593 0.442708 0.517593 0.443229 0.518519 0.444271 0.518519 0.444792 0.519444 0.445312 0.519444 0.445833 0.520370 0.446354 0.520370 0.446875 0.521296 0.447396 0.521296 0.447917 0.522222 0.448958 0.522222 0.449479 0.521296 0.450000 0.521296 0.467708 0.489815 0.468229 0.489815 0.474479 0.478704 0.475000 0.478704 0.476562 0.475926 0.477604 0.475926 0.478125 0.476852 0.480208 0.476852 0.480729 0.477778 0.482292 0.477778 0.482812 0.478704 0.484375 0.478704 0.484896 0.479630 0.486458 0.479630 0.486979 0.480556 0.488542 0.480556 0.489063 0.481481 0.490625 0.481481 0.491146 0.482407 0.492708 0.482407 0.493229 0.483333 0.494792 0.483333 0.495312 0.484259 0.495833 0.484259 0.514583 0.517593 0.515104 0.517593 0.515625 0.518519 0.516667 0.518519 0.517188 0.519444 0.518229 0.519444 0.518750 0.520370 0.519792 0.520370 0.520312 0.521296 0.521875 0.521296 0.523438 0.518519 0.523438 0.515741 0.522396 0.513889 0.522396 0.512963 0.515104 0.500000 0.515104 0.499074 0.502083 0.475926 0.502083 0.475000 0.486979 0.448148 0.486458 0.448148 0.485938 0.447222 0.483333 0.447222 0.482812 0.446296 0.479167 0.446296 0.478646 0.445370
0 0.569010 0.481019 0.074479 0.073148 0.564063 0.444444 0.564583 0.444444 0.566667 0.448148 0.566667 0.451852 0.565625 0.453704 0.565625 0.454630 0.550000 0.482407 0.550000 0.483333 0.531771 0.515741 0.532813 0.515741 0.533333 0.516667 0.534375 0.516667 0.534896 0.517593 0.536979 0.517593 0.560417 0.475926 0.562500 0.475926 0.563021 0.476852 0.565625 0.476852 0.566146 0.477778 0.568750 0.477778 0.569271 0.478704 0.571354 0.478704 0.571875 0.479630 0.574479 0.479630 0.575000 0.480556 0.577604 0.480556 0.578125 0.481481 0.580729 0.481481 0.581250 0.482407 0.583333 0.482407 0.583854 0.483333 0.586458 0.483333 0.586979 0.484259 0.589063 0.484259 0.590104 0.486111 0.590625 0.486111 0.595833 0.495370 0.595833 0.496296 0.606250 0.514815 0.606250 0.510185 0.605208 0.508333 0.605208 0.507407 0.599479 0.497222 0.599479 0.496296 0.590104 0.479630 0.590104 0.478704 0.580729 0.462037 0.580729 0.461111 0.572396 0.446296 0.571875 0.446296 0.571354 0.445370 0.567187 0.445370 0.566667 0.444444
0 0.651042 0.493056 0.088542 0.073148 0.656250 0.456481 0.654687 0.459259 0.654687 0.460185 0.642188 0.482407 0.642188 0.483333 0.629167 0.506481 0.629167 0.507407 0.622917 0.518519 0.622396 0.518519 0.621875 0.519444 0.618750 0.519444 0.618229 0.518519 0.616146 0.518519 0.615625 0.517593 0.613542 0.517593 0.613021 0.516667 0.611458 0.516667 0.610938 0.515741 0.608854 0.515741 0.608333 0.514815 0.606771 0.514815 0.606771 0.515741 0.610938 0.523148 0.611979 0.523148 0.612500 0.524074 0.614062 0.524074 0.614583 0.525000 0.616667 0.525000 0.617188 0.525926 0.618750 0.525926 0.619271 0.526852 0.621354 0.526852 0.621875 0.527778 0.623437 0.527778 0.623958 0.528704 0.625521 0.528704 0.626042 0.529630 0.626563 0.528704 0.627083 0.528704 0.652083 0.484259 0.652604 0.484259 0.653646 0.482407 0.655729 0.482407 0.656250 0.483333 0.657813 0.483333 0.658854 0.485185 0.658854 0.486111 0.659375 0.487037 0.659375 0.488889 0.659896 0.489815 0.662500 0.489815 0.663021 0.490741 0.665625 0.490741 0.666146 0.491667 0.666667 0.491667 0.667708 0.493519 0.668229 0.493519 0.670833 0.498148 0.670833 0.499074 0.677604 0.511111 0.677604 0.512037 0.684896 0.525000 0.687500 0.525000 0.688021 0.525926 0.690104 0.525926 0.690625 0.526852 0.694271 0.526852 0.695312 0.525000 0.695312 0.522222 0.694792 0.521296 0.694792 0.520370 0.692708 0.516667 0.692708 0.515741 0.686458 0.504630 0.686458 0.503704 0.680208 0.492593 0.680208 0.491667 0.673958 0.480556 0.673958 0.479630 0.667708 0.468519 0.667708 0.467593 0.661979 0.457407 0.661458 0.457407 0.660937 0.456481
0 0.354167 0.477315 0.082292 0.082407 0.314063 0.436111 0.313021 0.437963 0.313021 0.438889 0.313542 0.439815 0.313542 0.442593 0.314063 0.443519 0.314063 0.445370 0.314583 0.446296 0.314583 0.449074 0.317708 0.454630 0.317708 0.455556 0.322917 0.464815 0.323437 0.464815 0.352604 0.516667 0.353125 0.516667 0.354167 0.518519 0.355729 0.518519 0.356771 0.516667 0.357292 0.516667 0.369271 0.495370 0.369792 0.495370 0.394792 0.450926 0.394792 0.450000 0.395313 0.449074 0.395313 0.447222 0.394792 0.446296 0.394792 0.445370 0.394271 0.444444 0.393750 0.444444 0.393229 0.443519 0.392188 0.443519 0.391667 0.442593 0.391146 0.443519 0.390625 0.443519 0.387500 0.449074 0.386979 0.449074 0.381771 0.458333 0.381250 0.458333 0.366667 0.484259 0.366146 0.484259 0.362500 0.490741 0.361979 0.490741 0.361458 0.491667 0.360938 0.491667 0.360417 0.490741 0.359896 0.490741 0.356771 0.485185 0.356250 0.485185 0.352083 0.477778 0.351562 0.477778 0.350521 0.475926 0.349479 0.477778 0.351562 0.481481 0.351562 0.482407 0.352083 0.483333 0.352083 0.486111 0.350521 0.488889 0.347917 0.488889 0.346354 0.486111 0.345833 0.486111 0.338021 0.472222 0.337500 0.472222 0.332292 0.462963 0.331771 0.462963 0.320312 0.442593 0.319792 0.442593 0.317708 0.438889 0.317188 0.438889 0.316146 0.437037 0.315625 0.437037 0.315104 0.436111
0 0.434635 0.476852 0.084896 0.075926 0.394271 0.438889 0.393229 0.440741 0.392708 0.440741 0.392188 0.441667 0.392188 0.442593 0.393229 0.442593 0.393750 0.443519 0.394271 0.443519 0.395313 0.445370 0.395313 0.446296 0.395833 0.447222 0.395833 0.449074 0.395313 0.450000 0.395313 0.450926 0.395833 0.450926 0.396354 0.451852 0.397396 0.451852 0.397917 0.452778 0.399479 0.452778 0.400521 0.454630 0.401042 0.454630 0.416667 0.482407 0.416667 0.483333 0.431771 0.510185 0.432292 0.510185 0.432812 0.511111 0.433333 0.511111 0.433854 0.512037 0.434375 0.512037 0.434896 0.512963 0.435937 0.512963 0.436458 0.513889 0.436979 0.513889 0.437500 0.514815 0.439063 0.514815 0.441146 0.511111 0.441667 0.511111 0.475521 0.450926 0.475521 0.450000 0.477083 0.447222 0.477083 0.445370 0.476562 0.444444 0.476562 0.443519 0.475521 0.441667 0.474479 0.441667 0.473958 0.440741 0.470313 0.447222 0.469792 0.447222 0.449479 0.483333 0.448958 0.483333 0.448437 0.484259 0.446875 0.484259 0.446354 0.483333 0.444792 0.483333 0.444271 0.482407 0.443229 0.482407 0.442708 0.481481 0.441667 0.481481 0.441146 0.480556 0.440104 0.480556 0.439583 0.479630 0.438542 0.479630 0.438021 0.478704 0.436979 0.478704 0.436458 0.477778 0.435417 0.477778 0.438542 0.483333 0.438542 0.484259 0.439063 0.485185 0.439063 0.487037 0.438542 0.487963 0.438542 0.488889 0.438021 0.489815 0.437500 0.489815 0.436979 0.490741 0.434896 0.490741 0.434375 0.489815 0.433333 0.489815 0.432812 0.488889 0.432292 0.488889 0.431771 0.487963 0.430729 0.487963 0.430208 0.487037 0.429688 0.487037 0.428646 0.485185 0.428125 0.485185 0.419271 0.469444 0.418750 0.469444 0.413021 0.459259 0.413021 0.458333 0.405729 0.445370 0.405208 0.445370 0.403125 0.441667 0.402604 0.441667 0.402083 0.440741 0.400000 0.440741 0.399479 0.439815 0.397917 0.439815 0.397396 0.438889
0 0.521094 0.480093 0.090104 0.076852 0.476042 0.441667 0.477083 0.443519 0.477083 0.444444 0.478646 0.444444 0.479167 0.445370 0.482812 0.445370 0.483333 0.446296 0.485938 0.446296 0.486458 0.447222 0.486979 0.447222 0.502604 0.475000 0.502604 0.475926 0.515625 0.499074 0.515625 0.500000 0.522917 0.512963 0.522917 0.513889 0.524479 0.516667 0.525521 0.516667 0.526042 0.517593 0.527083 0.517593 0.527604 0.518519 0.529167 0.518519 0.529687 0.517593 0.530208 0.517593 0.549479 0.483333 0.549479 0.482407 0.565104 0.454630 0.565104 0.453704 0.566146 0.451852 0.566146 0.448148 0.564583 0.445370 0.563542 0.445370 0.542188 0.483333 0.539062 0.483333 0.538542 0.482407 0.536458 0.482407 0.535937 0.481481 0.533854 0.481481 0.533333 0.480556 0.532292 0.480556 0.531771 0.481481 0.531250 0.481481 0.530729 0.482407 0.528646 0.482407 0.528125 0.481481 0.526042 0.481481 0.525521 0.480556 0.523438 0.480556 0.522917 0.479630 0.522396 0.480556 0.522396 0.481481 0.521354 0.483333 0.518750 0.483333 0.518229 0.482407 0.516146 0.482407 0.515625 0.481481 0.514583 0.481481 0.494792 0.446296 0.493229 0.446296 0.492708 0.445370 0.489063 0.445370 0.488542 0.444444 0.485417 0.444444 0.484896 0.443519 0.481250 0.443519 0.480729 0.442593 0.477083 0.442593 0.476562 0.441667
0 0.611458 0.481019 0.092708 0.075000 0.565104 0.443519 0.566667 0.443519 0.567187 0.444444 0.571354 0.444444 0.571875 0.445370 0.572396 0.445370 0.581250 0.461111 0.581250 0.462037 0.590625 0.478704 0.590625 0.479630 0.600000 0.496296 0.600000 0.497222 0.605729 0.507407 0.605729 0.508333 0.606771 0.510185 0.606771 0.513889 0.608333 0.513889 0.608854 0.514815 0.610938 0.514815 0.611458 0.515741 0.613021 0.515741 0.613542 0.516667 0.615625 0.516667 0.616146 0.517593 0.618229 0.517593 0.618750 0.518519 0.621875 0.518519 0.622396 0.517593 0.622917 0.517593 0.628646 0.507407 0.628646 0.506481 0.641667 0.483333 0.641667 0.482407 0.654167 0.460185 0.654167 0.459259 0.657292 0.453704 0.657292 0.452778 0.657813 0.451852 0.657813 0.450926 0.657292 0.450000 0.657292 0.449074 0.655729 0.446296 0.650000 0.446296 0.648958 0.448148 0.648438 0.448148 0.623958 0.491667 0.620313 0.491667 0.619792 0.490741 0.616667 0.490741 0.616146 0.489815 0.613542 0.489815 0.613021 0.488889 0.611458 0.488889 0.610938 0.487963 0.610417 0.487963 0.601562 0.472222 0.601562 0.471296 0.591146 0.452778 0.591146 0.451852 0.590625 0.451852 0.588542 0.448148 0.588021 0.448148 0.587500 0.447222 0.584375 0.447222 0.583854 0.446296 0.579167 0.446296 0.578646 0.445370 0.573438 0.445370 0.572917 0.444444 0.568229 0.444444 0.567708 0.443519
0 0.698698 0.497222 0.066146 0.068519 0.665625 0.462963 0.668229 0.467593 0.668229 0.468519 0.674479 0.479630 0.674479 0.480556 0.680729 0.491667 0.680729 0.492593 0.686979 0.503704 0.686979 0.504630 0.693229 0.515741 0.693229 0.516667 0.695312 0.520370 0.695312 0.521296 0.695833 0.522222 0.695833 0.525000 0.694271 0.527778 0.690625 0.527778 0.690104 0.526852 0.688021 0.526852 0.687500 0.525926 0.685417 0.525926 0.686979 0.528704 0.689063 0.528704 0.689583 0.529630 0.691667 0.529630 0.692187 0.530556 0.694271 0.530556 0.694792 0.531481 0.698438 0.531481 0.705729 0.518519 0.705729 0.517593 0.715104 0.500926 0.715104 0.500000 0.723958 0.484259 0.723958 0.483333 0.730729 0.471296 0.730729 0.470370 0.731771 0.468519 0.731771 0.464815 0.730729 0.462963 0.729167 0.462963 0.721354 0.476852 0.721354 0.477778 0.711979 0.494444 0.711979 0.495370 0.706250 0.505556 0.705729 0.505556 0.705208 0.506481 0.701562 0.506481 0.701042 0.505556 0.697917 0.505556 0.697396 0.504630 0.694792 0.504630 0.694271 0.503704 0.691146 0.503704 0.690625 0.502778 0.688021 0.502778 0.677083 0.483333 0.677083 0.482407 0.670833 0.471296 0.670833 0.470370 0.668229 0.465741 0.667708 0.465741 0.666667 0.463889 0.666146 0.463889
0 0.310677 0.450000 0.081771 0.077778 0.308854 0.411111 0.307292 0.413889 0.306771 0.413889 0.292708 0.438889 0.292187 0.438889 0.277083 0.465741 0.277083 0.466667 0.275000 0.470370 0.275000 0.471296 0.272917 0.475000 0.272917 0.475926 0.271354 0.478704 0.271354 0.479630 0.269792 0.482407 0.269792 0.486111 0.271354 0.488889 0.272917 0.488889 0.273438 0.487963 0.273958 0.487963 0.280208 0.476852 0.280729 0.476852 0.291667 0.457407 0.292187 0.457407 0.297396 0.448148 0.297917 0.448148 0.301042 0.442593 0.301563 0.442593 0.303646 0.438889 0.304167 0.438889 0.305208 0.437037 0.305729 0.437037 0.306771 0.435185 0.307292 0.435185 0.307812 0.434259 0.308333 0.434259 0.308854 0.433333 0.313021 0.433333 0.313542 0.434259 0.314583 0.434259 0.315625 0.436111 0.316146 0.436111 0.317188 0.437963 0.317708 0.437963 0.319792 0.441667 0.320312 0.441667 0.323437 0.447222 0.323958 0.447222 0.330729 0.459259 0.331250 0.459259 0.345833 0.485185 0.346354 0.485185 0.347917 0.487963 0.350521 0.487963 0.351562 0.486111 0.351562 0.483333 0.351042 0.482407 0.351042 0.481481 0.313021 0.413889 0.312500 0.413889 0.310937 0.411111
0 0.393490 0.452778 0.090104 0.075926 0.395833 0.414815 0.363542 0.472222 0.363021 0.472222 0.357812 0.481481 0.357292 0.481481 0.356771 0.482407 0.355729 0.482407 0.355208 0.481481 0.354687 0.481481 0.352604 0.477778 0.356250 0.484259 0.356771 0.484259 0.359896 0.489815 0.360417 0.489815 0.360938 0.490741 0.361458 0.490741 0.361979 0.489815 0.362500 0.489815 0.366146 0.483333 0.366667 0.483333 0.381250 0.457407 0.381771 0.457407 0.386979 0.448148 0.387500 0.448148 0.390625 0.442593 0.391146 0.442593 0.392708 0.439815 0.393229 0.439815 0.394271 0.437963 0.397396 0.437963 0.397917 0.438889 0.399479 0.438889 0.400000 0.439815 0.402083 0.439815 0.402604 0.440741 0.403125 0.440741 0.405208 0.444444 0.405729 0.444444 0.413542 0.458333 0.413542 0.459259 0.418750 0.468519 0.419271 0.468519 0.428125 0.484259 0.428646 0.484259 0.429688 0.486111 0.430208 0.486111 0.430729 0.487037 0.431771 0.487037 0.432292 0.487963 0.432812 0.487963 0.433333 0.488889 0.434375 0.488889 0.434896 0.489815 0.436979 0.489815 0.437500 0.488889 0.438021 0.488889 0.438021 0.487963 0.438542 0.487037 0.438542 0.485185 0.438021 0.484259 0.438021 0.483333 0.433333 0.475000 0.433333 0.474074 0.407292 0.427778 0.407292 0.426852 0.403125 0.419444 0.402604 0.419444 0.400521 0.415741 0.400000 0.415741 0.399479 0.414815
0 0.478125 0.446296 0.088542 0.074074 0.477083 0.409259 0.477083 0.410185 0.466667 0.428704 0.466667 0.429630 0.442188 0.473148 0.441667 0.473148 0.439583 0.476852 0.436458 0.476852 0.435937 0.475926 0.434896 0.475926 0.434375 0.475000 0.433854 0.475000 0.434896 0.476852 0.436458 0.476852 0.436979 0.477778 0.438021 0.477778 0.438542 0.478704 0.439583 0.478704 0.440104 0.479630 0.441146 0.479630 0.441667 0.480556 0.442708 0.480556 0.443229 0.481481 0.444271 0.481481 0.444792 0.482407 0.446354 0.482407 0.446875 0.483333 0.448437 0.483333 0.448958 0.482407 0.449479 0.482407 0.469792 0.446296 0.470313 0.446296 0.473958 0.439815 0.474479 0.440741 0.476562 0.440741 0.477083 0.441667 0.480729 0.441667 0.481250 0.442593 0.484896 0.442593 0.485417 0.443519 0.488542 0.443519 0.489063 0.444444 0.492708 0.444444 0.493229 0.445370 0.494792 0.445370 0.514583 0.480556 0.515625 0.480556 0.516146 0.481481 0.518229 0.481481 0.518750 0.482407 0.521354 0.482407 0.521875 0.481481 0.521875 0.480556 0.522396 0.479630 0.522396 0.477778 0.521875 0.476852 0.521875 0.475926 0.520312 0.473148 0.520312 0.472222 0.509375 0.452778 0.509375 0.451852 0.494792 0.425926 0.494792 0.425000 0.486458 0.410185 0.485938 0.410185 0.485417 0.409259
0 0.572917 0.445833 0.080208 0.073148 0.567187 0.409259 0.568229 0.411111 0.568229 0.414815 0.566146 0.418519 0.566146 0.419444 0.545312 0.456481 0.545312 0.457407 0.532813 0.479630 0.533333 0.479630 0.533854 0.480556 0.535937 0.480556 0.536458 0.481481 0.538542 0.481481 0.539062 0.482407 0.542188 0.482407 0.564063 0.443519 0.564583 0.443519 0.565104 0.442593 0.567708 0.442593 0.568229 0.443519 0.572917 0.443519 0.573438 0.444444 0.578646 0.444444 0.579167 0.445370 0.583854 0.445370 0.584375 0.446296 0.587500 0.446296 0.588021 0.447222 0.588542 0.447222 0.590625 0.450926 0.591146 0.450926 0.591667 0.451852 0.591667 0.452778 0.602083 0.471296 0.602083 0.472222 0.606771 0.480556 0.608854 0.480556 0.609375 0.481481 0.611979 0.481481 0.613021 0.479630 0.613021 0.475926 0.611979 0.474074 0.611979 0.473148 0.608333 0.466667 0.608333 0.465741 0.600000 0.450926 0.600000 0.450000 0.591667 0.435185 0.591667 0.434259 0.583333 0.419444 0.583333 0.418519 0.578646 0.410185 0.578125 0.410185 0.577604 0.409259
0 0.649479 0.455093 0.084375 0.071296 0.653646 0.419444 0.650521 0.425000 0.650521 0.425926 0.636458 0.450926 0.636458 0.451852 0.619792 0.481481 0.619271 0.481481 0.618750 0.482407 0.617188 0.482407 0.616667 0.481481 0.613542 0.481481 0.613021 0.480556 0.611979 0.482407 0.609375 0.482407 0.608854 0.481481 0.607292 0.481481 0.610417 0.487037 0.610938 0.487037 0.611458 0.487963 0.613021 0.487963 0.613542 0.488889 0.616146 0.488889 0.616667 0.489815 0.619792 0.489815 0.620313 0.490741 0.623958 0.490741 0.648438 0.447222 0.648958 0.447222 0.650000 0.445370 0.655729 0.445370 0.657813 0.449074 0.657813 0.450000 0.658333 0.450926 0.658333 0.451852 0.657813 0.452778 0.657813 0.453704 0.656771 0.455556 0.660937 0.455556 0.661458 0.456481 0.661979 0.456481 0.665104 0.462037 0.665625 0.462037 0.666146 0.462963 0.666667 0.462963 0.667708 0.464815 0.668229 0.464815 0.671354 0.470370 0.671354 0.471296 0.677604 0.482407 0.677604 0.483333 0.680208 0.487963 0.682813 0.487963 0.683333 0.488889 0.686979 0.488889 0.687500 0.489815 0.690625 0.489815 0.691667 0.487963 0.691667 0.485185 0.691146 0.484259 0.691146 0.483333 0.689583 0.480556 0.689583 0.479630 0.684896 0.471296 0.684896 0.470370 0.679167 0.460185 0.679167 0.459259 0.673438 0.449074 0.673438 0.448148 0.667188 0.437037 0.667188 0.436111 0.660937 0.425000 0.660937 0.424074 0.659375 0.421296 0.658854 0.421296 0.657813 0.419444
0 0.355208 0.443056 0.083333 0.076852 0.314583 0.404630 0.314063 0.405556 0.313542 0.405556 0.313542 0.409259 0.314063 0.410185 0.314063 0.411111 0.339062 0.455556 0.339583 0.455556 0.347396 0.469444 0.347917 0.469444 0.352083 0.476852 0.352604 0.476852 0.354687 0.480556 0.355208 0.480556 0.355729 0.481481 0.356771 0.481481 0.357292 0.480556 0.357812 0.480556 0.363021 0.471296 0.363542 0.471296 0.396875 0.412037 0.396875 0.407407 0.395833 0.405556 0.395313 0.405556 0.394792 0.404630 0.390104 0.404630 0.389583 0.405556 0.389062 0.405556 0.385937 0.411111 0.385417 0.411111 0.379688 0.421296 0.379167 0.421296 0.363542 0.449074 0.363021 0.449074 0.361458 0.451852 0.359896 0.451852 0.359375 0.450926 0.358854 0.450926 0.358333 0.450000 0.357812 0.450000 0.357292 0.449074 0.356771 0.449074 0.356250 0.448148 0.355208 0.448148 0.354687 0.447222 0.354167 0.447222 0.353646 0.446296 0.353125 0.446296 0.352604 0.445370 0.352083 0.445370 0.352083 0.446296 0.351562 0.447222 0.351562 0.448148 0.351042 0.449074 0.350521 0.449074 0.350000 0.450000 0.345313 0.450000 0.340625 0.441667 0.340104 0.441667 0.321354 0.408333 0.320833 0.408333 0.319271 0.405556 0.318750 0.405556 0.318229 0.404630
0 0.433854 0.439352 0.086458 0.073148 0.391146 0.402778 0.390625 0.403704 0.394792 0.403704 0.395313 0.404630 0.395833 0.404630 0.397396 0.407407 0.397396 0.412037 0.396354 0.413889 0.399479 0.413889 0.400000 0.414815 0.400521 0.414815 0.402604 0.418519 0.403125 0.418519 0.407813 0.426852 0.407813 0.427778 0.433854 0.474074 0.434375 0.474074 0.434896 0.475000 0.435937 0.475000 0.436458 0.475926 0.439583 0.475926 0.441667 0.472222 0.442188 0.472222 0.466146 0.429630 0.466146 0.428704 0.476562 0.410185 0.476562 0.409259 0.477083 0.408333 0.477083 0.406481 0.476562 0.405556 0.476562 0.404630 0.475521 0.402778 0.473438 0.402778 0.469271 0.410185 0.468750 0.410185 0.448958 0.445370 0.448437 0.445370 0.447917 0.446296 0.446354 0.446296 0.445833 0.445370 0.443229 0.445370 0.442708 0.444444 0.440104 0.444444 0.439583 0.443519 0.436458 0.443519 0.435937 0.442593 0.436979 0.444444 0.436979 0.445370 0.437500 0.446296 0.437500 0.448148 0.435417 0.451852 0.433854 0.451852 0.433333 0.450926 0.431250 0.450926 0.428646 0.446296 0.428125 0.446296 0.420312 0.432407 0.419792 0.432407 0.409896 0.414815 0.409896 0.413889 0.407292 0.409259 0.406771 0.409259 0.403646 0.403704 0.403125 0.403704 0.402604 0.402778
0 0.522656 0.444444 0.090104 0.074074 0.477604 0.407407 0.477604 0.408333 0.485417 0.408333 0.485938 0.409259 0.486458 0.409259 0.495312 0.425000 0.495312 0.425926 0.509896 0.451852 0.509896 0.452778 0.520833 0.472222 0.520833 0.473148 0.522396 0.475926 0.522396 0.476852 0.522917 0.477778 0.522917 0.478704 0.523438 0.479630 0.525521 0.479630 0.526042 0.480556 0.528125 0.480556 0.528646 0.481481 0.530729 0.481481 0.531250 0.480556 0.531771 0.480556 0.544792 0.457407 0.544792 0.456481 0.565625 0.419444 0.565625 0.418519 0.567708 0.414815 0.567708 0.411111 0.566146 0.408333 0.562500 0.408333 0.541667 0.445370 0.541146 0.445370 0.540625 0.446296 0.540104 0.446296 0.539583 0.445370 0.535417 0.445370 0.534896 0.444444 0.534375 0.444444 0.533854 0.445370 0.529687 0.445370 0.529167 0.444444 0.525000 0.444444 0.524479 0.443519 0.521875 0.443519 0.520833 0.445370 0.516667 0.445370 0.496354 0.409259 0.495833 0.409259 0.495312 0.408333 0.483333 0.408333 0.482812 0.407407
0 0.616406 0.445370 0.076563 0.072222 0.578125 0.409259 0.578646 0.409259 0.583854 0.418519 0.583854 0.419444 0.592187 0.434259 0.592187 0.435185 0.600521 0.450000 0.600521 0.450926 0.608854 0.465741 0.608854 0.466667 0.612500 0.473148 0.612500 0.474074 0.613542 0.475926 0.613542 0.480556 0.616667 0.480556 0.617188 0.481481 0.618750 0.481481 0.619271 0.480556 0.619792 0.480556 0.635938 0.451852 0.635938 0.450926 0.650000 0.425926 0.650000 0.425000 0.654167 0.417593 0.654167 0.416667 0.654687 0.415741 0.654687 0.412037 0.653646 0.410185 0.651042 0.410185 0.650521 0.409259 0.646875 0.409259 0.644792 0.412963 0.644271 0.412963 0.620833 0.454630 0.615104 0.454630 0.614583 0.453704 0.610417 0.453704 0.609375 0.451852 0.608854 0.451852 0.598958 0.434259 0.598958 0.433333 0.590104 0.417593 0.590104 0.416667 0.588021 0.412963 0.587500 0.412963 0.585938 0.410185 0.583333 0.410185 0.582812 0.409259
0 0.703385 0.468519 0.071354 0.074074 0.680208 0.431481 0.683333 0.437037 0.683333 0.437963 0.686979 0.444444 0.686979 0.445370 0.688021 0.447222 0.688021 0.448148 0.688542 0.449074 0.688542 0.450926 0.686458 0.454630 0.684896 0.454630 0.684375 0.453704 0.682813 0.453704 0.679688 0.448148 0.679688 0.447222 0.674479 0.437963 0.673958 0.437963 0.673438 0.437037 0.670833 0.437037 0.670312 0.436111 0.667708 0.436111 0.667708 0.437037 0.673958 0.448148 0.673958 0.449074 0.679688 0.459259 0.679688 0.460185 0.685417 0.470370 0.685417 0.471296 0.690104 0.479630 0.690104 0.480556 0.691667 0.483333 0.691667 0.484259 0.692187 0.485185 0.692187 0.487963 0.690625 0.490741 0.687500 0.490741 0.686979 0.489815 0.683333 0.489815 0.682813 0.488889 0.680729 0.488889 0.688021 0.501852 0.690625 0.501852 0.691146 0.502778 0.694271 0.502778 0.694792 0.503704 0.697396 0.503704 0.697917 0.504630 0.701042 0.504630 0.701562 0.505556 0.705208 0.505556 0.705729 0.504630 0.706250 0.504630 0.711458 0.495370 0.711458 0.494444 0.720833 0.477778 0.720833 0.476852 0.730729 0.459259 0.730729 0.458333 0.738021 0.445370 0.738021 0.444444 0.739062 0.442593 0.739062 0.438889 0.737500 0.436111 0.728646 0.436111 0.728125 0.435185 0.717708 0.435185 0.717187 0.434259 0.706771 0.434259 0.706250 0.433333 0.695833 0.433333 0.695312 0.432407 0.684896 0.432407 0.684375 0.431481
0 0.310677 0.412037 0.081771 0.075926 0.309896 0.374074 0.308854 0.375926 0.308333 0.375926 0.297917 0.394444 0.297396 0.394444 0.279167 0.426852 0.278646 0.426852 0.270833 0.440741 0.270833 0.441667 0.269792 0.443519 0.269792 0.446296 0.271354 0.449074 0.271875 0.449074 0.272396 0.450000 0.272917 0.450000 0.273958 0.448148 0.274479 0.448148 0.277083 0.443519 0.277604 0.443519 0.280729 0.437963 0.281250 0.437963 0.293229 0.416667 0.293750 0.416667 0.298958 0.407407 0.299479 0.407407 0.302604 0.401852 0.303125 0.401852 0.304688 0.399074 0.305208 0.399074 0.306250 0.397222 0.306771 0.397222 0.307292 0.396296 0.308333 0.396296 0.308854 0.395370 0.310937 0.395370 0.311458 0.396296 0.312500 0.396296 0.313542 0.398148 0.314063 0.398148 0.315104 0.400000 0.315625 0.400000 0.317708 0.403704 0.318229 0.403704 0.318750 0.404630 0.319271 0.404630 0.320833 0.407407 0.321354 0.407407 0.339583 0.439815 0.340104 0.439815 0.341146 0.441667 0.341667 0.441667 0.342187 0.442593 0.342708 0.442593 0.343750 0.444444 0.344271 0.444444 0.345313 0.446296 0.345833 0.446296 0.346354 0.447222 0.346875 0.447222 0.347917 0.449074 0.350000 0.449074 0.350521 0.448148 0.351042 0.448148 0.351042 0.447222 0.351562 0.446296 0.351562 0.444444 0.350521 0.442593 0.350521 0.441667 0.314583 0.377778 0.314063 0.377778 0.311979 0.374074
0 0.392708 0.413889 0.088542 0.074074 0.395833 0.376852 0.395313 0.377778 0.393229 0.377778 0.360417 0.436111 0.359896 0.436111 0.356771 0.441667 0.354167 0.441667 0.353646 0.440741 0.352604 0.440741 0.352083 0.439815 0.351562 0.439815 0.351042 0.438889 0.350521 0.438889 0.350000 0.437963 0.348958 0.437963 0.348438 0.437037 0.351042 0.441667 0.351042 0.442593 0.352083 0.444444 0.352604 0.444444 0.353125 0.445370 0.353646 0.445370 0.354167 0.446296 0.354687 0.446296 0.355208 0.447222 0.356250 0.447222 0.356771 0.448148 0.357292 0.448148 0.357812 0.449074 0.358333 0.449074 0.358854 0.450000 0.359375 0.450000 0.359896 0.450926 0.361458 0.450926 0.363021 0.448148 0.363542 0.448148 0.379167 0.420370 0.379688 0.420370 0.385417 0.410185 0.385937 0.410185 0.389062 0.404630 0.389583 0.404630 0.391146 0.401852 0.402604 0.401852 0.403125 0.402778 0.403646 0.402778 0.406771 0.408333 0.407292 0.408333 0.410417 0.413889 0.410417 0.414815 0.419792 0.431481 0.420312 0.431481 0.428125 0.445370 0.428646 0.445370 0.431250 0.450000 0.433333 0.450000 0.433854 0.450926 0.435417 0.450926 0.436979 0.448148 0.436979 0.446296 0.436458 0.445370 0.436458 0.444444 0.435417 0.442593 0.435417 0.441667 0.415104 0.405556 0.415104 0.404630 0.400521 0.378704 0.400000 0.378704 0.398958 0.376852
0 0.477865 0.408333 0.088021 0.074074 0.480208 0.371296 0.479687 0.372222 0.478125 0.372222 0.440625 0.438889 0.440104 0.438889 0.439583 0.439815 0.439063 0.439815 0.438542 0.438889 0.435417 0.438889 0.434896 0.437963 0.433854 0.437963 0.436458 0.442593 0.439583 0.442593 0.440104 0.443519 0.442708 0.443519 0.443229 0.444444 0.445833 0.444444 0.446354 0.445370 0.447917 0.445370 0.448437 0.444444 0.448958 0.444444 0.468750 0.409259 0.469271 0.409259 0.473438 0.401852 0.475521 0.401852 0.477083 0.404630 0.477083 0.405556 0.477604 0.406481 0.482812 0.406481 0.483333 0.407407 0.495312 0.407407 0.495833 0.408333 0.496354 0.408333 0.516667 0.444444 0.520833 0.444444 0.521875 0.442593 0.521875 0.439815 0.521354 0.438889 0.521354 0.437963 0.518750 0.433333 0.518750 0.432407 0.507292 0.412037 0.507292 0.411111 0.494271 0.387963 0.494271 0.387037 0.485938 0.372222 0.485417 0.372222 0.484896 0.371296
0 0.573698 0.408796 0.077604 0.073148 0.570833 0.372222 0.571354 0.373148 0.571354 0.376852 0.570833 0.377778 0.570833 0.378704 0.560937 0.396296 0.560937 0.397222 0.534896 0.443519 0.535417 0.444444 0.539583 0.444444 0.540104 0.445370 0.540625 0.445370 0.541146 0.444444 0.541667 0.444444 0.562500 0.407407 0.566146 0.407407 0.566667 0.408333 0.582812 0.408333 0.583333 0.409259 0.585938 0.409259 0.587500 0.412037 0.588021 0.412037 0.590625 0.416667 0.590625 0.417593 0.599479 0.433333 0.599479 0.434259 0.604688 0.443519 0.606771 0.443519 0.607292 0.444444 0.610938 0.444444 0.611979 0.442593 0.611979 0.441667 0.612500 0.440741 0.611979 0.439815 0.611979 0.437963 0.609896 0.434259 0.609896 0.433333 0.603125 0.421296 0.603125 0.420370 0.595313 0.406481 0.595313 0.405556 0.588021 0.392593 0.588021 0.391667 0.577083 0.372222
0 0.646615 0.418519 0.082812 0.070370 0.653125 0.383333 0.643229 0.400926 0.643229 0.401852 0.627604 0.429630 0.627604 0.430556 0.620313 0.443519 0.619792 0.443519 0.618750 0.445370 0.613542 0.445370 0.613021 0.444444 0.611458 0.444444 0.610938 0.445370 0.607292 0.445370 0.606771 0.444444 0.605208 0.444444 0.608854 0.450926 0.609375 0.450926 0.610417 0.452778 0.614583 0.452778 0.615104 0.453704 0.620833 0.453704 0.644271 0.412037 0.644792 0.412037 0.646875 0.408333 0.650521 0.408333 0.651042 0.409259 0.653646 0.409259 0.655208 0.412037 0.655208 0.415741 0.654687 0.416667 0.654687 0.417593 0.654167 0.418519 0.657813 0.418519 0.658854 0.420370 0.659375 0.420370 0.661458 0.424074 0.661458 0.425000 0.667188 0.435185 0.670312 0.435185 0.670833 0.436111 0.673438 0.436111 0.673958 0.437037 0.674479 0.437037 0.680208 0.447222 0.680208 0.448148 0.682813 0.452778 0.684375 0.452778 0.684896 0.453704 0.686458 0.453704 0.688021 0.450926 0.688021 0.449074 0.687500 0.448148 0.687500 0.447222 0.686458 0.445370 0.686458 0.444444 0.682813 0.437963 0.682813 0.437037 0.677083 0.426852 0.677083 0.425926 0.671354 0.415741 0.671354 0.414815 0.666146 0.405556 0.666146 0.404630 0.660417 0.394444 0.660417 0.393519 0.655208 0.384259 0.654687 0.384259 0.654167 0.383333