0 0.271615 0.564815 0.081771 0.085185 0.310417 0.522222 0.309896 0.523148 0.309375 0.523148 0.308854 0.524074 0.308333 0.524074 0.307292 0.525926 0.306771 0.525926 0.305208 0.528704 0.304688 0.528704 0.301563 0.534259 0.301042 0.534259 0.293750 0.547222 0.293229 0.547222 0.276042 0.577778 0.274479 0.577778 0.272917 0.575000 0.272917 0.568519 0.273438 0.567593 0.273438 0.563889 0.273958 0.562963 0.273958 0.559259 0.268750 0.568519 0.268229 0.568519 0.266146 0.572222 0.264062 0.572222 0.263021 0.570370 0.262500 0.570370 0.259896 0.565741 0.259375 0.565741 0.255208 0.558333 0.254688 0.558333 0.250521 0.550926 0.250000 0.550926 0.245312 0.542593 0.244792 0.542593 0.240625 0.535185 0.240104 0.535185 0.235937 0.527778 0.235417 0.527778 0.234375 0.525926 0.233333 0.525926 0.232813 0.526852 0.232813 0.528704 0.232292 0.529630 0.232292 0.532407 0.231771 0.533333 0.231771 0.535185 0.231250 0.536111 0.231250 0.538889 0.230729 0.539815 0.230729 0.545370 0.231250 0.546296 0.231250 0.547222 0.231771 0.547222 0.238542 0.559259 0.239063 0.559259 0.242708 0.565741 0.243229 0.565741 0.246354 0.571296 0.246875 0.571296 0.250521 0.577778 0.251042 0.577778 0.254167 0.583333 0.254688 0.583333 0.257812 0.588889 0.258333 0.588889 0.261979 0.595370 0.262500 0.595370 0.265625 0.600926 0.266146 0.600926 0.269271 0.606481 0.269792 0.606481 0.270313 0.607407 0.275521 0.607407 0.276042 0.606481 0.277083 0.606481 0.289062 0.585185 0.289062 0.584259 0.305729 0.554630 0.305729 0.553704 0.311979 0.542593 0.311979 0.541667 0.312500 0.540741 0.312500 0.529630 0.311979 0.528704 0.311979 0.524074 0.311458 0.523148 0.311458 0.522222
0 0.264062 0.527778 0.083333 0.088889 0.305729 0.483333 0.303646 0.487037 0.303125 0.487037 0.298958 0.494444 0.298438 0.494444 0.277604 0.531481 0.277083 0.531481 0.276562 0.532407 0.275000 0.532407 0.272917 0.528704 0.272917 0.525926 0.261458 0.546296 0.260937 0.546296 0.260417 0.547222 0.258854 0.547222 0.258333 0.546296 0.257812 0.546296 0.255729 0.542593 0.255208 0.542593 0.251563 0.536111 0.251042 0.536111 0.246875 0.528704 0.246354 0.528704 0.242188 0.521296 0.241667 0.521296 0.237500 0.513889 0.236979 0.513889 0.232292 0.505556 0.231771 0.505556 0.227604 0.498148 0.227083 0.498148 0.225000 0.494444 0.224479 0.495370 0.224479 0.496296 0.223958 0.497222 0.223958 0.498148 0.222917 0.500000 0.222917 0.500926 0.222396 0.501852 0.222396 0.505556 0.223438 0.507407 0.223438 0.508333 0.224479 0.510185 0.225000 0.510185 0.230208 0.519444 0.230729 0.519444 0.234896 0.526852 0.235417 0.526852 0.239583 0.534259 0.240104 0.534259 0.244271 0.541667 0.244792 0.541667 0.249479 0.550000 0.250000 0.550000 0.254167 0.557407 0.254688 0.557407 0.258854 0.564815 0.259375 0.564815 0.261979 0.569444 0.262500 0.569444 0.263542 0.571296 0.264062 0.571296 0.264583 0.572222 0.265625 0.572222 0.266146 0.571296 0.266667 0.571296 0.268750 0.567593 0.269271 0.567593 0.279167 0.550000 0.279167 0.549074 0.304167 0.504630 0.304167 0.503704 0.304688 0.502778 0.304688 0.501852 0.305208 0.500926 0.305208 0.492593 0.305729 0.491667
0 0.258854 0.498611 0.086458 0.095370 0.302083 0.450926 0.298958 0.456481 0.298438 0.456481 0.276562 0.495370 0.276042 0.495370 0.275521 0.496296 0.274479 0.496296 0.273958 0.495370 0.273438 0.495370 0.272396 0.493519 0.272396 0.492593 0.271875 0.491667 0.271875 0.488889 0.272396 0.487963 0.272396 0.486111 0.272917 0.485185 0.272917 0.483333 0.273438 0.482407 0.262500 0.501852 0.262500 0.502778 0.258854 0.509259 0.258333 0.509259 0.255729 0.513889 0.253646 0.513889 0.253125 0.512963 0.252604 0.512963 0.251042 0.510185 0.250521 0.510185 0.246875 0.503704 0.246354 0.503704 0.242188 0.496296 0.241667 0.496296 0.236979 0.487963 0.236458 0.487963 0.232292 0.480556 0.231771 0.480556 0.227604 0.473148 0.227083 0.473148 0.222917 0.465741 0.222396 0.465741 0.220833 0.462963 0.219271 0.465741 0.219271 0.466667 0.218229 0.468519 0.218229 0.469444 0.217188 0.471296 0.217188 0.472222 0.216146 0.474074 0.216146 0.475000 0.215625 0.475926 0.215625 0.476852 0.216146 0.477778 0.216146 0.478704 0.222396 0.489815 0.222917 0.489815 0.227083 0.497222 0.227604 0.497222 0.231771 0.504630 0.232292 0.504630 0.236979 0.512963 0.237500 0.512963 0.241667 0.520370 0.242188 0.520370 0.246354 0.527778 0.246875 0.527778 0.251042 0.535185 0.251563 0.535185 0.255208 0.541667 0.255729 0.541667 0.257812 0.545370 0.258333 0.545370 0.258854 0.546296 0.260417 0.546296 0.260937 0.545370 0.261458 0.545370 0.297917 0.480556 0.297917 0.479630 0.300000 0.475926 0.300000 0.473148 0.300521 0.472222 0.300521 0.466667 0.301042 0.465741 0.301042 0.460185 0.301563 0.459259 0.301563 0.453704 0.302083 0.452778
0 0.253906 0.466204 0.085938 0.093519 0.296875 0.419444 0.294271 0.424074 0.293750 0.424074 0.280208 0.448148 0.280208 0.449074 0.278646 0.451852 0.278125 0.451852 0.275521 0.456481 0.273438 0.456481 0.271875 0.453704 0.271875 0.452778 0.271354 0.451852 0.271354 0.450000 0.271875 0.449074 0.271875 0.448148 0.272396 0.447222 0.272396 0.445370 0.272917 0.444444 0.271875 0.446296 0.271875 0.447222 0.254167 0.478704 0.254167 0.479630 0.252083 0.483333 0.251563 0.483333 0.249479 0.487037 0.248958 0.487037 0.248438 0.487963 0.247396 0.487963 0.246875 0.487037 0.246354 0.487037 0.244792 0.484259 0.244271 0.484259 0.241146 0.478704 0.240625 0.478704 0.236458 0.471296 0.235937 0.471296 0.232292 0.464815 0.231771 0.464815 0.227604 0.457407 0.227083 0.457407 0.223438 0.450926 0.222917 0.450926 0.218750 0.443519 0.218229 0.443519 0.214583 0.437037 0.214062 0.437037 0.213542 0.436111 0.213542 0.437037 0.211458 0.440741 0.211458 0.441667 0.210938 0.442593 0.210938 0.445370 0.217708 0.457407 0.218229 0.457407 0.222396 0.464815 0.222917 0.464815 0.227083 0.472222 0.227604 0.472222 0.231771 0.479630 0.232292 0.479630 0.236458 0.487037 0.236979 0.487037 0.241667 0.495370 0.242188 0.495370 0.246354 0.502778 0.246875 0.502778 0.250521 0.509259 0.251042 0.509259 0.252604 0.512037 0.253125 0.512037 0.253646 0.512963 0.255729 0.512963 0.258333 0.508333 0.258854 0.508333 0.261979 0.502778 0.261979 0.501852 0.291146 0.450000 0.291146 0.449074 0.294271 0.443519 0.294271 0.441667 0.294792 0.440741 0.294792 0.437037 0.295312 0.436111 0.295312 0.432407 0.295833 0.431481 0.295833 0.427778 0.296354 0.426852 0.296354 0.423148 0.296875 0.422222
0 0.249219 0.426852 0.091146 0.120370 0.292187 0.366667 0.270833 0.404630 0.270313 0.404630 0.267708 0.409259 0.267188 0.409259 0.266146 0.411111 0.265625 0.411111 0.265104 0.412037 0.264583 0.412037 0.264062 0.412963 0.260937 0.412963 0.260417 0.412037 0.259896 0.412037 0.259375 0.411111 0.258854 0.411111 0.258333 0.410185 0.257812 0.410185 0.256771 0.408333 0.256250 0.408333 0.254688 0.405556 0.254167 0.405556 0.252083 0.401852 0.251563 0.401852 0.248958 0.397222 0.248438 0.397222 0.245312 0.391667 0.244792 0.391667 0.240104 0.383333 0.239583 0.383333 0.235417 0.375926 0.234896 0.375926 0.232292 0.371296 0.231771 0.371296 0.230729 0.369444 0.228646 0.369444 0.213542 0.396296 0.213542 0.397222 0.203646 0.414815 0.203646 0.418519 0.209375 0.428704 0.209896 0.428704 0.214062 0.436111 0.214583 0.436111 0.218229 0.442593 0.218750 0.442593 0.222917 0.450000 0.223438 0.450000 0.227083 0.456481 0.227604 0.456481 0.231771 0.463889 0.232292 0.463889 0.235937 0.470370 0.236458 0.470370 0.240625 0.477778 0.241146 0.477778 0.244271 0.483333 0.244792 0.483333 0.246354 0.486111 0.246875 0.486111 0.247396 0.487037 0.248438 0.487037 0.248958 0.486111 0.249479 0.486111 0.251563 0.482407 0.252083 0.482407 0.253646 0.479630 0.253646 0.478704 0.271354 0.447222 0.271354 0.446296 0.285938 0.420370 0.285938 0.419444 0.288021 0.415741 0.288021 0.413889 0.288542 0.412963 0.288542 0.410185 0.289062 0.409259 0.289062 0.407407 0.289583 0.406481 0.289583 0.403704 0.290104 0.402778 0.290104 0.400926 0.290625 0.400000 0.290625 0.397222 0.291146 0.396296 0.291146 0.394444 0.291667 0.393519 0.291667 0.390741 0.292187 0.389815 0.292187 0.387963 0.292708 0.387037 0.292708 0.384259 0.293229 0.383333 0.293229 0.380556 0.293750 0.379630 0.293750 0.377778 0.294271 0.376852 0.294271 0.374074 0.294792 0.373148 0.294792 0.368519 0.294271 0.367593 0.293750 0.367593 0.293229 0.366667
0 0.355208 0.391667 0.080208 0.109259 0.379167 0.337037 0.363021 0.365741 0.362500 0.365741 0.357292 0.375000 0.356771 0.375000 0.354687 0.378704 0.354167 0.378704 0.353646 0.379630 0.353125 0.379630 0.352604 0.380556 0.352083 0.380556 0.351562 0.381481 0.348438 0.381481 0.347917 0.380556 0.347396 0.380556 0.346875 0.379630 0.346354 0.379630 0.345833 0.378704 0.345313 0.378704 0.343750 0.375926 0.343229 0.375926 0.340625 0.371296 0.340104 0.371296 0.336458 0.364815 0.335938 0.364815 0.329167 0.352778 0.328646 0.352778 0.321875 0.340741 0.321354 0.340741 0.320312 0.338889 0.319792 0.338889 0.319271 0.337963 0.318750 0.337963 0.318229 0.338889 0.317708 0.338889 0.317708 0.339815 0.317188 0.340741 0.317188 0.345370 0.316667 0.346296 0.316667 0.353704 0.316146 0.354630 0.316146 0.362037 0.315625 0.362963 0.315625 0.370370 0.315104 0.371296 0.315104 0.377778 0.315625 0.378704 0.315625 0.379630 0.323958 0.394444 0.324479 0.394444 0.332813 0.409259 0.333333 0.409259 0.341667 0.424074 0.342187 0.424074 0.350000 0.437963 0.350521 0.437963 0.354167 0.444444 0.354687 0.444444 0.355208 0.445370 0.355729 0.445370 0.356250 0.446296 0.356771 0.445370 0.357292 0.445370 0.357812 0.444444 0.358333 0.444444 0.379688 0.406481 0.379688 0.405556 0.394792 0.378704 0.394792 0.377778 0.395313 0.376852 0.395313 0.373148 0.394271 0.371296 0.394271 0.370370 0.393229 0.368519 0.393229 0.367593 0.391667 0.364815 0.391667 0.363889 0.390625 0.362037 0.390625 0.361111 0.389062 0.358333 0.389062 0.357407 0.388021 0.355556 0.388021 0.354630 0.386458 0.351852 0.386458 0.350926 0.385417 0.349074 0.385417 0.348148 0.383854 0.345370 0.383854 0.344444 0.382812 0.342593 0.382812 0.341667 0.381250 0.338889 0.381250 0.337963 0.380729 0.337963 0.380208 0.337037
0 0.431771 0.387037 0.092708 0.107407 0.446354 0.333333 0.445833 0.334259 0.445312 0.334259 0.426563 0.367593 0.426042 0.367593 0.422917 0.373148 0.422396 0.373148 0.420833 0.375926 0.420312 0.375926 0.419792 0.376852 0.419271 0.376852 0.418750 0.377778 0.415104 0.377778 0.414583 0.376852 0.414062 0.376852 0.413021 0.375000 0.412500 0.375000 0.411458 0.373148 0.410938 0.373148 0.408333 0.368519 0.407813 0.368519 0.402604 0.359259 0.402083 0.359259 0.390104 0.337963 0.389583 0.337963 0.388021 0.335185 0.386458 0.335185 0.385417 0.337037 0.385417 0.339815 0.386458 0.341667 0.386458 0.342593 0.388021 0.345370 0.388021 0.346296 0.390104 0.350000 0.390104 0.350926 0.391667 0.353704 0.391667 0.354630 0.393229 0.357407 0.393229 0.358333 0.394792 0.361111 0.394792 0.362037 0.396875 0.365741 0.396875 0.366667 0.398438 0.369444 0.398438 0.370370 0.400000 0.373148 0.400000 0.374074 0.419271 0.408333 0.419792 0.408333 0.435417 0.436111 0.435937 0.436111 0.438021 0.439815 0.438542 0.439815 0.439063 0.440741 0.439583 0.440741 0.440104 0.439815 0.440625 0.439815 0.441667 0.437963 0.442188 0.437963 0.452083 0.420370 0.452083 0.419444 0.475521 0.377778 0.475521 0.376852 0.477604 0.373148 0.477604 0.372222 0.478125 0.371296 0.478125 0.369444 0.477604 0.368519 0.477604 0.367593 0.477083 0.366667 0.476562 0.366667 0.475521 0.364815 0.475000 0.364815 0.474479 0.363889 0.473958 0.363889 0.472917 0.362037 0.472396 0.362037 0.471875 0.361111 0.471354 0.361111 0.470313 0.359259 0.469792 0.359259 0.468750 0.357407 0.468229 0.357407 0.467708 0.356481 0.467187 0.356481 0.466146 0.354630 0.465625 0.354630 0.465104 0.353704 0.464583 0.353704 0.463542 0.351852 0.463021 0.351852 0.461979 0.350000 0.461458 0.350000 0.460938 0.349074 0.460417 0.349074 0.459375 0.347222 0.458854 0.347222 0.458333 0.346296 0.457813 0.346296 0.456771 0.344444 0.456250 0.344444 0.455208 0.342593 0.454688 0.342593 0.454167 0.341667 0.453646 0.341667 0.452604 0.339815 0.452083 0.339815 0.451042 0.337963 0.450521 0.337963 0.450000 0.337037 0.449479 0.337037 0.448437 0.335185 0.447917 0.335185 0.447396 0.334259 0.446875 0.334259
0 0.515885 0.392593 0.110937 0.109259 0.520833 0.337963 0.520312 0.338889 0.519792 0.338889 0.501042 0.372222 0.500521 0.372222 0.498437 0.375926 0.497917 0.375926 0.497396 0.375000 0.496875 0.375000 0.496354 0.374074 0.495833 0.374074 0.495312 0.373148 0.494792 0.373148 0.493750 0.371296 0.493229 0.371296 0.492708 0.370370 0.492188 0.370370 0.491667 0.369444 0.491146 0.369444 0.490104 0.367593 0.489583 0.367593 0.489063 0.366667 0.488542 0.366667 0.488021 0.365741 0.487500 0.365741 0.486458 0.363889 0.485938 0.363889 0.485417 0.362963 0.484896 0.362963 0.483854 0.361111 0.483333 0.361111 0.482812 0.360185 0.482292 0.360185 0.481771 0.359259 0.481250 0.359259 0.480208 0.357407 0.479687 0.357407 0.479167 0.356481 0.478646 0.356481 0.478125 0.355556 0.477604 0.355556 0.476562 0.353704 0.476042 0.353704 0.475521 0.352778 0.475000 0.352778 0.474479 0.351852 0.473958 0.351852 0.472917 0.350000 0.472396 0.350000 0.471875 0.349074 0.471354 0.349074 0.470833 0.348148 0.470313 0.348148 0.469271 0.346296 0.468750 0.346296 0.468229 0.345370 0.467708 0.345370 0.466667 0.343519 0.466146 0.343519 0.465625 0.342593 0.465104 0.342593 0.464583 0.341667 0.464062 0.341667 0.463542 0.340741 0.463021 0.340741 0.462500 0.339815 0.461458 0.339815 0.460417 0.341667 0.460417 0.344444 0.463542 0.350000 0.464062 0.350000 0.464583 0.350926 0.465104 0.350926 0.466146 0.352778 0.466667 0.352778 0.467708 0.354630 0.468229 0.354630 0.468750 0.355556 0.469271 0.355556 0.470313 0.357407 0.470833 0.357407 0.471354 0.358333 0.471875 0.358333 0.472917 0.360185 0.473438 0.360185 0.473958 0.361111 0.474479 0.361111 0.475521 0.362963 0.476042 0.362963 0.476562 0.363889 0.477083 0.363889 0.478125 0.365741 0.478646 0.365741 0.479687 0.367593 0.480208 0.367593 0.480729 0.368519 0.481250 0.368519 0.482292 0.370370 0.482812 0.370370 0.483333 0.371296 0.483854 0.371296 0.484896 0.373148 0.485417 0.373148 0.489583 0.380556 0.490104 0.380556 0.492188 0.384259 0.492188 0.385185 0.518229 0.431481 0.518750 0.431481 0.519792 0.433333 0.520312 0.433333 0.521354 0.435185 0.521875 0.435185 0.522917 0.437037 0.523438 0.437037 0.525000 0.439815 0.525521 0.439815 0.526563 0.441667 0.527083 0.441667 0.528125 0.443519 0.528646 0.443519 0.529687 0.445370 0.530208 0.445370 0.531250 0.447222 0.533333 0.447222 0.534375 0.445370 0.534896 0.445370 0.543229 0.430556 0.543229 0.429630 0.567187 0.387037 0.567187 0.386111 0.570833 0.379630 0.570833 0.377778 0.571354 0.376852 0.570833 0.375926 0.570833 0.375000 0.569792 0.373148 0.569271 0.373148 0.568750 0.372222 0.568229 0.372222 0.567708 0.371296 0.566667 0.371296 0.566146 0.370370 0.565625 0.370370 0.565104 0.369444 0.564063 0.369444 0.563542 0.368519 0.563021 0.368519 0.562500 0.367593 0.561458 0.367593 0.560937 0.366667 0.560417 0.366667 0.559896 0.365741 0.558854 0.365741 0.558333 0.364815 0.557813 0.364815 0.557292 0.363889 0.556250 0.363889 0.555729 0.362963 0.555208 0.362963 0.554688 0.362037 0.553646 0.362037 0.553125 0.361111 0.552604 0.361111 0.552083 0.360185 0.551042 0.360185 0.550521 0.359259 0.550000 0.359259 0.549479 0.358333 0.548438 0.358333 0.547917 0.357407 0.547396 0.357407 0.546875 0.356481 0.545833 0.356481 0.545312 0.355556 0.544792 0.355556 0.544271 0.354630 0.543750 0.354630 0.543229 0.353704 0.542188 0.353704 0.541667 0.352778 0.541146 0.352778 0.540625 0.351852 0.539583 0.351852 0.539062 0.350926 0.538542 0.350926 0.538021 0.350000 0.536979 0.350000 0.536458 0.349074 0.535937 0.349074 0.535417 0.348148 0.534375 0.348148 0.533854 0.347222 0.533333 0.347222 0.532813 0.346296 0.531771 0.346296 0.531250 0.345370 0.530729 0.345370 0.530208 0.344444 0.529167 0.344444 0.528646 0.343519 0.528125 0.343519 0.527604 0.342593 0.526563 0.342593 0.526042 0.341667 0.525521 0.341667 0.525000 0.340741 0.523958 0.340741 0.523438 0.339815 0.522917 0.339815 0.522396 0.338889 0.521354 0.338889
0 0.594271 0.387963 0.122917 0.105556 0.590625 0.335185 0.590104 0.336111 0.589583 0.336111 0.574479 0.362963 0.573438 0.362963 0.572917 0.362037 0.571875 0.362037 0.571354 0.361111 0.570833 0.361111 0.570312 0.360185 0.569271 0.360185 0.568750 0.359259 0.568229 0.359259 0.567708 0.358333 0.566667 0.358333 0.566146 0.357407 0.565104 0.357407 0.564583 0.356481 0.564063 0.356481 0.563542 0.355556 0.562500 0.355556 0.561979 0.354630 0.560937 0.354630 0.560417 0.353704 0.559896 0.353704 0.559375 0.352778 0.558333 0.352778 0.557813 0.351852 0.556771 0.351852 0.556250 0.350926 0.555729 0.350926 0.555208 0.350000 0.554167 0.350000 0.553646 0.349074 0.552604 0.349074 0.552083 0.348148 0.551562 0.348148 0.551042 0.347222 0.550000 0.347222 0.549479 0.346296 0.548438 0.346296 0.547917 0.345370 0.547396 0.345370 0.546875 0.344444 0.545833 0.344444 0.545312 0.343519 0.544271 0.343519 0.543750 0.342593 0.543229 0.342593 0.542708 0.341667 0.541667 0.341667 0.541146 0.340741 0.540625 0.340741 0.540104 0.339815 0.539062 0.339815 0.538542 0.338889 0.537500 0.338889 0.536979 0.337963 0.536458 0.337963 0.535937 0.337037 0.533854 0.337037 0.532813 0.338889 0.532813 0.339815 0.533333 0.340741 0.534375 0.340741 0.534896 0.341667 0.535417 0.341667 0.535937 0.342593 0.536979 0.342593 0.537500 0.343519 0.538542 0.343519 0.539062 0.344444 0.539583 0.344444 0.540104 0.345370 0.541146 0.345370 0.541667 0.346296 0.542188 0.346296 0.542708 0.347222 0.543750 0.347222 0.544271 0.348148 0.544792 0.348148 0.545312 0.349074 0.546354 0.349074 0.546875 0.350000 0.547396 0.350000 0.547917 0.350926 0.548958 0.350926 0.549479 0.351852 0.550521 0.351852 0.551042 0.352778 0.551562 0.352778 0.552083 0.353704 0.553125 0.353704 0.553646 0.354630 0.554167 0.354630 0.554688 0.355556 0.555729 0.355556 0.556250 0.356481 0.556771 0.356481 0.557292 0.357407 0.558333 0.357407 0.558854 0.358333 0.559375 0.358333 0.559896 0.359259 0.560937 0.359259 0.561458 0.360185 0.562500 0.360185 0.563021 0.361111 0.563542 0.361111 0.564063 0.362037 0.565104 0.362037 0.565625 0.362963 0.566146 0.362963 0.566667 0.363889 0.567708 0.363889 0.568229 0.364815 0.568750 0.364815 0.569271 0.365741 0.570312 0.365741 0.570833 0.366667 0.571354 0.366667 0.571875 0.367593 0.572917 0.367593 0.573438 0.368519 0.573958 0.368519 0.574479 0.369444 0.575521 0.369444 0.576042 0.370370 0.577083 0.370370 0.578125 0.372222 0.578646 0.372222 0.584375 0.382407 0.584375 0.383333 0.596875 0.405556 0.596875 0.406481 0.608333 0.426852 0.608333 0.427778 0.612500 0.435185 0.612500 0.436111 0.613021 0.436111 0.613542 0.437037 0.614062 0.437037 0.614583 0.437963 0.615104 0.437963 0.615625 0.438889 0.616146 0.438889 0.616667 0.439815 0.617188 0.439815 0.617708 0.440741 0.618750 0.440741 0.619792 0.438889 0.620313 0.438889 0.632292 0.417593 0.632292 0.416667 0.653646 0.378704 0.653646 0.377778 0.655208 0.375000 0.655208 0.374074 0.655729 0.373148 0.655729 0.371296 0.654167 0.368519 0.653646 0.368519 0.653125 0.367593 0.652083 0.367593 0.651563 0.366667 0.650000 0.366667 0.649479 0.365741 0.648438 0.365741 0.647917 0.364815 0.646354 0.364815 0.645833 0.363889 0.644792 0.363889 0.644271 0.362963 0.643229 0.362963 0.642708 0.362037 0.641146 0.362037 0.640625 0.361111 0.639583 0.361111 0.639062 0.360185 0.637500 0.360185 0.636979 0.359259 0.635938 0.359259 0.635417 0.358333 0.634375 0.358333 0.633854 0.357407 0.632292 0.357407 0.631771 0.356481 0.630729 0.356481 0.630208 0.355556 0.629167 0.355556 0.628646 0.354630 0.627083 0.354630 0.626563 0.353704 0.625521 0.353704 0.625000 0.352778 0.623437 0.352778 0.622917 0.351852 0.621875 0.351852 0.621354 0.350926 0.620313 0.350926 0.619792 0.350000 0.618229 0.350000 0.617708 0.349074 0.616667 0.349074 0.616146 0.348148 0.614583 0.348148 0.614062 0.347222 0.613021 0.347222 0.612500 0.346296 0.611458 0.346296 0.610938 0.345370 0.609375 0.345370 0.608854 0.344444 0.607812 0.344444 0.607292 0.343519 0.605729 0.343519 0.605208 0.342593 0.604167 0.342593 0.603646 0.341667 0.602604 0.341667 0.602083 0.340741 0.600521 0.340741 0.600000 0.339815 0.598958 0.339815 0.598437 0.338889 0.597396 0.338889 0.596875 0.337963 0.595313 0.337963 0.594792 0.337037 0.593750 0.337037 0.593229 0.336111 0.591667 0.336111 0.591146 0.335185
0 0.351823 0.561574 0.077604 0.078704 0.313021 0.522222 0.313021 0.527778 0.314063 0.529630 0.314063 0.530556 0.315104 0.532407 0.315104 0.533333 0.316146 0.535185 0.316146 0.536111 0.317188 0.537963 0.317188 0.538889 0.318750 0.541667 0.318750 0.542593 0.319792 0.544444 0.319792 0.545370 0.321354 0.548148 0.321354 0.549074 0.322396 0.550926 0.322396 0.551852 0.323958 0.554630 0.323958 0.555556 0.325000 0.557407 0.325000 0.558333 0.326562 0.561111 0.326562 0.562037 0.327604 0.563889 0.327604 0.564815 0.329167 0.567593 0.329167 0.568519 0.330729 0.571296 0.330729 0.572222 0.331771 0.574074 0.331771 0.575000 0.333333 0.577778 0.333333 0.578704 0.334375 0.580556 0.334375 0.581481 0.335938 0.584259 0.335938 0.585185 0.336979 0.587037 0.336979 0.587963 0.338542 0.590741 0.338542 0.591667 0.339583 0.593519 0.339583 0.594444 0.341146 0.597222 0.341146 0.598148 0.342708 0.600926 0.348438 0.600926 0.348958 0.600000 0.349479 0.600000 0.350000 0.599074 0.350521 0.599074 0.351562 0.597222 0.352083 0.597222 0.353125 0.595370 0.353646 0.595370 0.354687 0.593519 0.355208 0.593519 0.356250 0.591667 0.356771 0.591667 0.357812 0.589815 0.358333 0.589815 0.359375 0.587963 0.359896 0.587963 0.360938 0.586111 0.361458 0.586111 0.362500 0.584259 0.363021 0.584259 0.364063 0.582407 0.364583 0.582407 0.365625 0.580556 0.366146 0.580556 0.367188 0.578704 0.367708 0.578704 0.368750 0.576852 0.369271 0.576852 0.370312 0.575000 0.370833 0.575000 0.371875 0.573148 0.372396 0.573148 0.373437 0.571296 0.373958 0.571296 0.375000 0.569444 0.375521 0.569444 0.376563 0.567593 0.377083 0.567593 0.378125 0.565741 0.378646 0.565741 0.379688 0.563889 0.380208 0.563889 0.381250 0.562037 0.381771 0.562037 0.382812 0.560185 0.383333 0.560185 0.384375 0.558333 0.384896 0.558333 0.385937 0.556481 0.386458 0.556481 0.388021 0.553704 0.388542 0.553704 0.390625 0.550000 0.390625 0.546296 0.390104 0.545370 0.390104 0.543519 0.389583 0.542593 0.389583 0.539815 0.389062 0.538889 0.389062 0.536111 0.388542 0.535185 0.388542 0.533333 0.388021 0.532407 0.388021 0.529630 0.387500 0.528704 0.387500 0.527778 0.386458 0.529630 0.385937 0.529630 0.382812 0.535185 0.382292 0.535185 0.377604 0.543519 0.377083 0.543519 0.370833 0.554630 0.370312 0.554630 0.363542 0.566667 0.363021 0.566667 0.361979 0.568519 0.359896 0.568519 0.358333 0.565741 0.358333 0.564815 0.356771 0.564815 0.356250 0.563889 0.355729 0.563889 0.354167 0.561111 0.354167 0.565741 0.354687 0.566667 0.354687 0.570370 0.352604 0.574074 0.351042 0.574074 0.350521 0.573148 0.350000 0.573148 0.348438 0.570370 0.347917 0.570370 0.343229 0.562037 0.342708 0.562037 0.336979 0.551852 0.336458 0.551852 0.331771 0.543519 0.331250 0.543519 0.328125 0.537963 0.327604 0.537963 0.325000 0.533333 0.324479 0.533333 0.322396 0.529630 0.321875 0.529630 0.320312 0.526852 0.319792 0.526852 0.318750 0.525000 0.318229 0.525000 0.317708 0.524074 0.317188 0.524074 0.316667 0.523148 0.316146 0.523148 0.315625 0.522222
0 0.432812 0.560648 0.083333 0.087963 0.396875 0.516667 0.396354 0.517593 0.395313 0.517593 0.394792 0.518519 0.394271 0.518519 0.393229 0.520370 0.392708 0.520370 0.391667 0.522222 0.391146 0.522222 0.391146 0.523148 0.391667 0.524074 0.391667 0.525926 0.392188 0.526852 0.392188 0.527778 0.392708 0.528704 0.392708 0.530556 0.393229 0.531481 0.393229 0.532407 0.393750 0.533333 0.393750 0.535185 0.394271 0.536111 0.394271 0.537037 0.394792 0.537963 0.394792 0.539815 0.395313 0.540741 0.395313 0.541667 0.395833 0.542593 0.395833 0.543519 0.396354 0.544444 0.396354 0.545370 0.404167 0.559259 0.404687 0.559259 0.410417 0.569444 0.410938 0.569444 0.416667 0.579630 0.417187 0.579630 0.422917 0.589815 0.423438 0.589815 0.429167 0.600000 0.429688 0.600000 0.432292 0.604630 0.439583 0.604630 0.442188 0.600000 0.442188 0.599074 0.455208 0.575926 0.455208 0.575000 0.467708 0.552778 0.467708 0.551852 0.473958 0.540741 0.473958 0.539815 0.474479 0.538889 0.474479 0.536111 0.473958 0.535185 0.473958 0.534259 0.471354 0.529630 0.471354 0.528704 0.468229 0.523148 0.468229 0.522222 0.467708 0.522222 0.449479 0.554630 0.448958 0.554630 0.447396 0.557407 0.445833 0.557407 0.445312 0.556481 0.444792 0.556481 0.444271 0.555556 0.444271 0.554630 0.443229 0.552778 0.443229 0.551852 0.442708 0.550926 0.442708 0.550000 0.441667 0.551852 0.441146 0.551852 0.440104 0.553704 0.438021 0.553704 0.435937 0.550000 0.435417 0.550000 0.427604 0.536111 0.428125 0.537037 0.428125 0.537963 0.428646 0.538889 0.428646 0.539815 0.429688 0.541667 0.429688 0.542593 0.430208 0.543519 0.430208 0.544444 0.430729 0.545370 0.430729 0.546296 0.431250 0.547222 0.431250 0.548148 0.432292 0.550000 0.432292 0.550926 0.432812 0.551852 0.432812 0.552778 0.433333 0.553704 0.433333 0.554630 0.433854 0.555556 0.433854 0.556481 0.434896 0.558333 0.434896 0.559259 0.435417 0.560185 0.435417 0.561111 0.435937 0.562037 0.435937 0.562963 0.436458 0.563889 0.436458 0.564815 0.435937 0.565741 0.435937 0.566667 0.434896 0.568519 0.434375 0.568519 0.433854 0.569444 0.433333 0.569444 0.432812 0.568519 0.432292 0.568519 0.431771 0.567593 0.431250 0.567593 0.408333 0.526852 0.407813 0.526852 0.405208 0.522222 0.404687 0.522222 0.403125 0.519444 0.402604 0.519444 0.402083 0.518519 0.401562 0.518519 0.401042 0.517593 0.400521 0.517593 0.400000 0.516667
0 0.522135 0.542593 0.084896 0.094444 0.492708 0.495370 0.492188 0.496296 0.492188 0.497222 0.519271 0.545370 0.519271 0.546296 0.519792 0.547222 0.519792 0.550926 0.518229 0.553704 0.516667 0.553704 0.516146 0.552778 0.515625 0.552778 0.514062 0.550000 0.513542 0.550000 0.497396 0.521296 0.496875 0.521296 0.492188 0.512963 0.491667 0.512963 0.489583 0.509259 0.489063 0.509259 0.487500 0.506481 0.486979 0.506481 0.486458 0.505556 0.485938 0.505556 0.485417 0.504630 0.484896 0.504630 0.484375 0.503704 0.481250 0.503704 0.480729 0.504630 0.479687 0.504630 0.479687 0.505556 0.481771 0.509259 0.481771 0.510185 0.485417 0.516667 0.485417 0.517593 0.489583 0.525000 0.489583 0.525926 0.515104 0.571296 0.515625 0.571296 0.525521 0.588889 0.526042 0.588889 0.526563 0.589815 0.527604 0.589815 0.528646 0.587963 0.529167 0.587963 0.560417 0.532407 0.560417 0.531481 0.564583 0.524074 0.564583 0.520370 0.564063 0.519444 0.564063 0.518519 0.563542 0.518519 0.561979 0.515741 0.561458 0.515741 0.540104 0.553704 0.539583 0.553704 0.539062 0.554630 0.537500 0.554630 0.534375 0.549074 0.533854 0.549074 0.530729 0.554630 0.530208 0.554630 0.529687 0.555556 0.528125 0.555556 0.527083 0.553704 0.526563 0.553704 0.509375 0.523148 0.508854 0.523148 0.493229 0.495370
0 0.607292 0.541667 0.088542 0.079630 0.571354 0.501852 0.570833 0.502778 0.570312 0.502778 0.569271 0.504630 0.568750 0.504630 0.567187 0.507407 0.566667 0.507407 0.563542 0.512963 0.563021 0.512963 0.564063 0.514815 0.564583 0.514815 0.566146 0.517593 0.566667 0.517593 0.568229 0.520370 0.568750 0.520370 0.570833 0.524074 0.571354 0.524074 0.572917 0.526852 0.573438 0.526852 0.575000 0.529630 0.575521 0.529630 0.577083 0.532407 0.577604 0.532407 0.579688 0.536111 0.580208 0.536111 0.581771 0.538889 0.582292 0.538889 0.583854 0.541667 0.584375 0.541667 0.585938 0.544444 0.586458 0.544444 0.588542 0.548148 0.589063 0.548148 0.590625 0.550926 0.591146 0.550926 0.592708 0.553704 0.593229 0.553704 0.595313 0.557407 0.595833 0.557407 0.597396 0.560185 0.597917 0.560185 0.599479 0.562963 0.600000 0.562963 0.601562 0.565741 0.602083 0.565741 0.604167 0.569444 0.604688 0.569444 0.606250 0.572222 0.606771 0.572222 0.608333 0.575000 0.608854 0.575000 0.610417 0.577778 0.610938 0.577778 0.613021 0.581481 0.615625 0.581481 0.616146 0.580556 0.616667 0.580556 0.630208 0.556481 0.630208 0.555556 0.650000 0.520370 0.650000 0.519444 0.651042 0.517593 0.651042 0.516667 0.651563 0.515741 0.651042 0.514815 0.651042 0.513889 0.649479 0.511111 0.648958 0.511111 0.648438 0.510185 0.647917 0.510185 0.646354 0.512963 0.645833 0.512963 0.640104 0.523148 0.639583 0.523148 0.625521 0.548148 0.625521 0.549074 0.622917 0.553704 0.622396 0.553704 0.620833 0.556481 0.620313 0.556481 0.619792 0.557407 0.619271 0.556481 0.618750 0.556481 0.617708 0.554630 0.617188 0.554630 0.616146 0.552778 0.615625 0.552778 0.614062 0.550000 0.613542 0.550000 0.612500 0.548148 0.611979 0.548148 0.610938 0.546296 0.610417 0.546296 0.609896 0.545370 0.609896 0.546296 0.609375 0.547222 0.609375 0.548148 0.608333 0.550000 0.606250 0.550000 0.605729 0.549074 0.605208 0.549074 0.604167 0.547222 0.603646 0.547222 0.602083 0.544444 0.601562 0.544444 0.600521 0.542593 0.600000 0.542593 0.598437 0.539815 0.597917 0.539815 0.596875 0.537963 0.596354 0.537963 0.594792 0.535185 0.594271 0.535185 0.584375 0.517593 0.583854 0.517593 0.582812 0.515741 0.582292 0.515741 0.580729 0.512963 0.580208 0.512963 0.579167 0.511111 0.578646 0.511111 0.577083 0.508333 0.576562 0.508333 0.575521 0.506481 0.575000 0.506481 0.573438 0.503704 0.572917 0.503704 0.571875 0.501852
0 0.684375 0.539352 0.078125 0.069444 0.652604 0.504630 0.652083 0.505556 0.651563 0.505556 0.651042 0.506481 0.650521 0.506481 0.649479 0.508333 0.648958 0.508333 0.648438 0.509259 0.648958 0.510185 0.649479 0.510185 0.651563 0.513889 0.651563 0.514815 0.652083 0.515741 0.651563 0.516667 0.651563 0.517593 0.650521 0.519444 0.650521 0.520370 0.645312 0.529630 0.645312 0.530556 0.645833 0.530556 0.646354 0.531481 0.646875 0.531481 0.647917 0.533333 0.648438 0.533333 0.648958 0.534259 0.649479 0.534259 0.650521 0.536111 0.651042 0.536111 0.651563 0.537037 0.652083 0.537037 0.653125 0.538889 0.653646 0.538889 0.654167 0.539815 0.654687 0.539815 0.655208 0.540741 0.655729 0.540741 0.656771 0.542593 0.657292 0.542593 0.657813 0.543519 0.658333 0.543519 0.659375 0.545370 0.659896 0.545370 0.660417 0.546296 0.660937 0.546296 0.661979 0.548148 0.662500 0.548148 0.663021 0.549074 0.663542 0.549074 0.664583 0.550926 0.665104 0.550926 0.665625 0.551852 0.666146 0.551852 0.667188 0.553704 0.667708 0.553704 0.668229 0.554630 0.668750 0.554630 0.669792 0.556481 0.670312 0.556481 0.670833 0.557407 0.671354 0.557407 0.672396 0.559259 0.672917 0.559259 0.673438 0.560185 0.673958 0.560185 0.675000 0.562037 0.675521 0.562037 0.676042 0.562963 0.676562 0.562963 0.677604 0.564815 0.678125 0.564815 0.678646 0.565741 0.679167 0.565741 0.679688 0.566667 0.680208 0.566667 0.681250 0.568519 0.681771 0.568519 0.682292 0.569444 0.682813 0.569444 0.683854 0.571296 0.684375 0.571296 0.684896 0.572222 0.685417 0.572222 0.686458 0.574074 0.688542 0.574074 0.689583 0.572222 0.690104 0.572222 0.698438 0.557407 0.698438 0.556481 0.721354 0.515741 0.721354 0.514815 0.723437 0.511111 0.723437 0.507407 0.722917 0.507407 0.697917 0.551852 0.697396 0.551852 0.696875 0.552778 0.695833 0.552778 0.695312 0.551852 0.694792 0.551852 0.693750 0.550000 0.693229 0.550000 0.692708 0.549074 0.692187 0.549074 0.691667 0.548148 0.691146 0.548148 0.690625 0.547222 0.690104 0.547222 0.689583 0.546296 0.689063 0.546296 0.688021 0.544444 0.687500 0.544444 0.688021 0.545370 0.688021 0.546296 0.688542 0.547222 0.688542 0.548148 0.688021 0.549074 0.688021 0.550000 0.686979 0.551852 0.684896 0.551852 0.684375 0.550926 0.683854 0.550926 0.683333 0.550000 0.682813 0.550000 0.682292 0.549074 0.681771 0.549074 0.681250 0.548148 0.680729 0.548148 0.679688 0.546296 0.679167 0.546296 0.678646 0.545370 0.678125 0.545370 0.675521 0.540741 0.675000 0.540741 0.670312 0.532407 0.670312 0.531481 0.658333 0.510185 0.657813 0.510185 0.657292 0.509259 0.656771 0.509259 0.656250 0.508333 0.655729 0.508333 0.654687 0.506481 0.654167 0.506481 0.653646 0.505556 0.653125 0.505556
0 0.313542 0.527315 0.081250 0.100926 0.311979 0.476852 0.311458 0.477778 0.310417 0.477778 0.309896 0.478704 0.309375 0.478704 0.308333 0.480556 0.307812 0.480556 0.306771 0.482407 0.306250 0.482407 0.306250 0.491667 0.305729 0.492593 0.305729 0.500926 0.305208 0.501852 0.305208 0.502778 0.304688 0.503704 0.304688 0.504630 0.279687 0.549074 0.279687 0.550000 0.274479 0.559259 0.274479 0.560185 0.273958 0.561111 0.273958 0.563889 0.273438 0.564815 0.273438 0.568519 0.272917 0.569444 0.272917 0.575000 0.273958 0.576852 0.274479 0.576852 0.275000 0.577778 0.275521 0.577778 0.276042 0.576852 0.276562 0.576852 0.293750 0.546296 0.294271 0.546296 0.301563 0.533333 0.302083 0.533333 0.305208 0.527778 0.305729 0.527778 0.307292 0.525000 0.307812 0.525000 0.308854 0.523148 0.309375 0.523148 0.309896 0.522222 0.310417 0.522222 0.310937 0.521296 0.315625 0.521296 0.316146 0.522222 0.316667 0.522222 0.317188 0.523148 0.317708 0.523148 0.318229 0.524074 0.318750 0.524074 0.319792 0.525926 0.320312 0.525926 0.321875 0.528704 0.322396 0.528704 0.324479 0.532407 0.325000 0.532407 0.327604 0.537037 0.328125 0.537037 0.331250 0.542593 0.331771 0.542593 0.336458 0.550926 0.336979 0.550926 0.342708 0.561111 0.343229 0.561111 0.347917 0.569444 0.348438 0.569444 0.350000 0.572222 0.350521 0.572222 0.351042 0.573148 0.352604 0.573148 0.354167 0.570370 0.354167 0.566667 0.353646 0.565741 0.353646 0.561111 0.348438 0.551852 0.347917 0.551852 0.340625 0.538889 0.340104 0.538889 0.333333 0.526852 0.332813 0.526852 0.326042 0.514815 0.325521 0.514815 0.316146 0.498148 0.316146 0.497222 0.315625 0.496296 0.315625 0.489815 0.316146 0.488889 0.316146 0.477778 0.315104 0.477778 0.314583 0.476852
0 0.397135 0.523611 0.077604 0.089815 0.397396 0.478704 0.396875 0.479630 0.396354 0.479630 0.395833 0.480556 0.395313 0.480556 0.394792 0.481481 0.395313 0.482407 0.395313 0.484259 0.395833 0.485185 0.395833 0.486111 0.396354 0.487037 0.396354 0.487963 0.396875 0.488889 0.396875 0.490741 0.397396 0.491667 0.397396 0.494444 0.396875 0.495370 0.396875 0.496296 0.369271 0.545370 0.369271 0.546296 0.362500 0.558333 0.361979 0.558333 0.358854 0.563889 0.358333 0.563889 0.358854 0.564815 0.358854 0.565741 0.359896 0.567593 0.361979 0.567593 0.363021 0.565741 0.363542 0.565741 0.370312 0.553704 0.370833 0.553704 0.377083 0.542593 0.377604 0.542593 0.382292 0.534259 0.382812 0.534259 0.385937 0.528704 0.386458 0.528704 0.389062 0.524074 0.389583 0.524074 0.391146 0.521296 0.391667 0.521296 0.392708 0.519444 0.393229 0.519444 0.394271 0.517593 0.394792 0.517593 0.395313 0.516667 0.396354 0.516667 0.396875 0.515741 0.400000 0.515741 0.400521 0.516667 0.401042 0.516667 0.401562 0.517593 0.402083 0.517593 0.402604 0.518519 0.403125 0.518519 0.404687 0.521296 0.405208 0.521296 0.407813 0.525926 0.408333 0.525926 0.431250 0.566667 0.431771 0.566667 0.432292 0.567593 0.432812 0.567593 0.433333 0.568519 0.433854 0.568519 0.434375 0.567593 0.434896 0.567593 0.435417 0.566667 0.435417 0.565741 0.435937 0.564815 0.435937 0.563889 0.435417 0.562963 0.435417 0.562037 0.434896 0.561111 0.434896 0.560185 0.434375 0.559259 0.434375 0.558333 0.433333 0.556481 0.433333 0.555556 0.432812 0.554630 0.432812 0.553704 0.432292 0.552778 0.432292 0.551852 0.431771 0.550926 0.431771 0.550000 0.430729 0.548148 0.430729 0.547222 0.430208 0.546296 0.430208 0.545370 0.429688 0.544444 0.429688 0.543519 0.429167 0.542593 0.429167 0.541667 0.428125 0.539815 0.428125 0.538889 0.427604 0.537963 0.427604 0.537037 0.427083 0.536111 0.427083 0.535185 0.426563 0.535185 0.415625 0.515741 0.415104 0.515741 0.404167 0.496296 0.403646 0.496296 0.402083 0.493519 0.402083 0.492593 0.400000 0.488889 0.400000 0.487963 0.399479 0.487037 0.399479 0.486111 0.398958 0.485185 0.398958 0.484259 0.398438 0.483333 0.398438 0.481481 0.397917 0.480556 0.397917 0.479630
0 0.481250 0.516204 0.076042 0.080556 0.479167 0.475926 0.477083 0.479630 0.476562 0.479630 0.478125 0.482407 0.478125 0.485185 0.477604 0.486111 0.477604 0.487037 0.457813 0.522222 0.457813 0.523148 0.443229 0.549074 0.443229 0.550926 0.443750 0.551852 0.443750 0.552778 0.444792 0.554630 0.444792 0.555556 0.445312 0.555556 0.445833 0.556481 0.447396 0.556481 0.448958 0.553704 0.449479 0.553704 0.470313 0.516667 0.470833 0.516667 0.474479 0.510185 0.475000 0.510185 0.476562 0.507407 0.477083 0.507407 0.478125 0.505556 0.478646 0.505556 0.479687 0.503704 0.480729 0.503704 0.481250 0.502778 0.484375 0.502778 0.484896 0.503704 0.485417 0.503704 0.485938 0.504630 0.486458 0.504630 0.486979 0.505556 0.487500 0.505556 0.489063 0.508333 0.489583 0.508333 0.491667 0.512037 0.492188 0.512037 0.496875 0.520370 0.497396 0.520370 0.513542 0.549074 0.514062 0.549074 0.515625 0.551852 0.516146 0.551852 0.516667 0.552778 0.518229 0.552778 0.519271 0.550926 0.519271 0.547222 0.518750 0.546296 0.518750 0.545370 0.479687 0.475926
0 0.571875 0.511111 0.075000 0.085185 0.563021 0.468519 0.559896 0.474074 0.559896 0.475000 0.560417 0.475000 0.561458 0.476852 0.561979 0.476852 0.563021 0.478704 0.563542 0.478704 0.564583 0.480556 0.565104 0.480556 0.567187 0.484259 0.567187 0.485185 0.567708 0.486111 0.567187 0.487037 0.567187 0.487963 0.566667 0.488889 0.566667 0.489815 0.554688 0.511111 0.554688 0.512037 0.534375 0.548148 0.537500 0.553704 0.539062 0.553704 0.539583 0.552778 0.540104 0.552778 0.563021 0.512037 0.563542 0.512037 0.566667 0.506481 0.567187 0.506481 0.568750 0.503704 0.569271 0.503704 0.570312 0.501852 0.570833 0.501852 0.571354 0.500926 0.571875 0.500926 0.572917 0.502778 0.573438 0.502778 0.575000 0.505556 0.575521 0.505556 0.576562 0.507407 0.577083 0.507407 0.578646 0.510185 0.579167 0.510185 0.580208 0.512037 0.580729 0.512037 0.582292 0.514815 0.582812 0.514815 0.583854 0.516667 0.584375 0.516667 0.594271 0.534259 0.594792 0.534259 0.596354 0.537037 0.596875 0.537037 0.597917 0.538889 0.598437 0.538889 0.600000 0.541667 0.600521 0.541667 0.601562 0.543519 0.602083 0.543519 0.603646 0.546296 0.604167 0.546296 0.605208 0.548148 0.605729 0.548148 0.606250 0.549074 0.608333 0.549074 0.608854 0.548148 0.608854 0.547222 0.609375 0.546296 0.609375 0.544444 0.608333 0.542593 0.608333 0.541667 0.596875 0.521296 0.596875 0.520370 0.575521 0.482407 0.575000 0.482407 0.573958 0.480556 0.573438 0.480556 0.572396 0.478704 0.571875 0.478704 0.570833 0.476852 0.570312 0.476852 0.569792 0.475926 0.569271 0.475926 0.568229 0.474074 0.567708 0.474074 0.566667 0.472222 0.566146 0.472222 0.565104 0.470370 0.564583 0.470370 0.563542 0.468519
0 0.646875 0.523148 0.082292 0.066667 0.605729 0.536111 0.608854 0.541667 0.608854 0.542593 0.610417 0.545370 0.610938 0.545370 0.611979 0.547222 0.612500 0.547222 0.613542 0.549074 0.614062 0.549074 0.615625 0.551852 0.616146 0.551852 0.617188 0.553704 0.617708 0.553704 0.618750 0.555556 0.619271 0.555556 0.619792 0.556481 0.620313 0.555556 0.620833 0.555556 0.621875 0.553704 0.621354 0.554630 0.620833 0.554630 0.620313 0.553704 0.619792 0.553704 0.619271 0.552778 0.618750 0.552778 0.617188 0.550000 0.616667 0.550000 0.615625 0.548148 0.615104 0.548148 0.614062 0.546296 0.613542 0.546296 0.612500 0.544444 0.611979 0.544444 0.610938 0.542593 0.610417 0.542593 0.609375 0.540741 0.608854 0.540741 0.607292 0.537963 0.606771 0.537963
0 0.356510 0.521296 0.080729 0.085185 0.316667 0.478704 0.316667 0.488889 0.316146 0.489815 0.316146 0.496296 0.316667 0.497222 0.316667 0.498148 0.325521 0.513889 0.326042 0.513889 0.332813 0.525926 0.333333 0.525926 0.340104 0.537963 0.340625 0.537963 0.347917 0.550926 0.348438 0.550926 0.353646 0.560185 0.354167 0.560185 0.355729 0.562963 0.356250 0.562963 0.356771 0.563889 0.357812 0.563889 0.358333 0.562963 0.358854 0.562963 0.361979 0.557407 0.362500 0.557407 0.368750 0.546296 0.368750 0.545370 0.396354 0.496296 0.396354 0.495370 0.396875 0.494444 0.396875 0.491667 0.396354 0.490741 0.396354 0.488889 0.395833 0.487963 0.395833 0.487037 0.395313 0.486111 0.395313 0.485185 0.394792 0.484259 0.394792 0.482407 0.393750 0.482407 0.392188 0.485185 0.391667 0.485185 0.388542 0.490741 0.388021 0.490741 0.380729 0.503704 0.380208 0.503704 0.363542 0.533333 0.361458 0.533333 0.359375 0.529630 0.359375 0.525926 0.358854 0.525000 0.358854 0.520370 0.358333 0.521296 0.357812 0.521296 0.357292 0.522222 0.355729 0.522222 0.354687 0.520370 0.354167 0.520370 0.353125 0.518519 0.353646 0.519444 0.353646 0.525926 0.352083 0.528704 0.350000 0.528704 0.348958 0.526852 0.348438 0.526852 0.346354 0.523148 0.345833 0.523148 0.339062 0.511111 0.338542 0.511111 0.333333 0.501852 0.332813 0.501852 0.328646 0.494444 0.328125 0.494444 0.325000 0.488889 0.324479 0.488889 0.322396 0.485185 0.321875 0.485185 0.320312 0.482407 0.319792 0.482407 0.318750 0.480556 0.318229 0.480556 0.317708 0.479630 0.317188 0.479630
0 0.437760 0.515741 0.079687 0.074074 0.397917 0.478704 0.398438 0.479630 0.398438 0.480556 0.398958 0.481481 0.398958 0.483333 0.399479 0.484259 0.399479 0.485185 0.400000 0.486111 0.400000 0.487037 0.400521 0.487963 0.400521 0.488889 0.402604 0.492593 0.402604 0.493519 0.403646 0.495370 0.404167 0.495370 0.415104 0.514815 0.415625 0.514815 0.426563 0.534259 0.427083 0.534259 0.435417 0.549074 0.435937 0.549074 0.438021 0.552778 0.440104 0.552778 0.441146 0.550926 0.441667 0.550926 0.457292 0.523148 0.457292 0.522222 0.477083 0.487037 0.477083 0.486111 0.477604 0.485185 0.477604 0.482407 0.476562 0.480556 0.476042 0.480556 0.472917 0.486111 0.472396 0.486111 0.450521 0.525000 0.450000 0.525000 0.449479 0.525926 0.447917 0.525926 0.445312 0.521296 0.445312 0.520370 0.444271 0.518519 0.444271 0.517593 0.443229 0.515741 0.443229 0.514815 0.442188 0.512963 0.442188 0.512037 0.441667 0.512963 0.441146 0.512963 0.439583 0.515741 0.438021 0.515741 0.436979 0.513889 0.436458 0.513889 0.432812 0.507407 0.433854 0.509259 0.433854 0.510185 0.434896 0.512037 0.434896 0.512963 0.435417 0.513889 0.435417 0.514815 0.436458 0.516667 0.436458 0.517593 0.436979 0.518519 0.436979 0.519444 0.438021 0.521296 0.438021 0.522222 0.438542 0.523148 0.438542 0.524074 0.439063 0.525000 0.439063 0.525926 0.438542 0.526852 0.438542 0.527778 0.437500 0.529630 0.434896 0.529630 0.434375 0.528704 0.433854 0.528704 0.429688 0.521296 0.429167 0.521296 0.418229 0.501852 0.417708 0.501852 0.413021 0.493519 0.412500 0.493519 0.409375 0.487963 0.408854 0.487963 0.406771 0.484259 0.406250 0.484259 0.404687 0.481481 0.404167 0.481481 0.403646 0.480556 0.403125 0.480556 0.402604 0.479630 0.402083 0.479630 0.401562 0.478704
0 0.524479 0.512963 0.085417 0.083333 0.483854 0.471296 0.483333 0.472222 0.482292 0.472222 0.481771 0.473148 0.481771 0.474074 0.508854 0.522222 0.509375 0.522222 0.526563 0.552778 0.527083 0.552778 0.528125 0.554630 0.529687 0.554630 0.530208 0.553704 0.530729 0.553704 0.554167 0.512037 0.554167 0.511111 0.566146 0.489815 0.566146 0.488889 0.566667 0.487963 0.566667 0.487037 0.567187 0.486111 0.566667 0.485185 0.566667 0.484259 0.565104 0.481481 0.564583 0.481481 0.563542 0.479630 0.563021 0.479630 0.561979 0.477778 0.561458 0.477778 0.560417 0.475926 0.559896 0.475926 0.559375 0.475000 0.558333 0.476852 0.557813 0.476852 0.536979 0.513889 0.535417 0.513889 0.534375 0.512037 0.533854 0.512037 0.533333 0.511111 0.530729 0.515741 0.530208 0.515741 0.529167 0.517593 0.528125 0.517593 0.527604 0.516667 0.527083 0.516667 0.525521 0.513889 0.525000 0.513889 0.521354 0.507407 0.520833 0.507407 0.516667 0.500000 0.516146 0.500000 0.512500 0.493519 0.511979 0.493519 0.507812 0.486111 0.507292 0.486111 0.503646 0.479630 0.521875 0.512037 0.521875 0.512963 0.523438 0.515741 0.523438 0.519444 0.521875 0.522222 0.519792 0.522222 0.519271 0.521296 0.518750 0.521296 0.513542 0.512037 0.513021 0.512037 0.506250 0.500000 0.505729 0.500000 0.498437 0.487037 0.497917 0.487037 0.491146 0.475000 0.490625 0.475000 0.489583 0.473148 0.489063 0.473148 0.488542 0.472222 0.488021 0.472222 0.487500 0.471296
0 0.611458 0.508333 0.094792 0.090741 0.567187 0.462963 0.566146 0.464815 0.565625 0.464815 0.564063 0.467593 0.564063 0.468519 0.564583 0.469444 0.565104 0.469444 0.566146 0.471296 0.566667 0.471296 0.567708 0.473148 0.568229 0.473148 0.569271 0.475000 0.569792 0.475000 0.570312 0.475926 0.570833 0.475926 0.571875 0.477778 0.572396 0.477778 0.573438 0.479630 0.573958 0.479630 0.575000 0.481481 0.575521 0.481481 0.597396 0.520370 0.597396 0.521296 0.605208 0.535185 0.605729 0.535185 0.606771 0.537037 0.607292 0.537037 0.608854 0.539815 0.609375 0.539815 0.610417 0.541667 0.610938 0.541667 0.611979 0.543519 0.612500 0.543519 0.613542 0.545370 0.614062 0.545370 0.615104 0.547222 0.615625 0.547222 0.616667 0.549074 0.617188 0.549074 0.618750 0.551852 0.619271 0.551852 0.619792 0.552778 0.620313 0.552778 0.620833 0.553704 0.621354 0.553704 0.621875 0.552778 0.622396 0.552778 0.645312 0.512037 0.645312 0.511111 0.657813 0.488889 0.657813 0.487963 0.658333 0.487037 0.658333 0.486111 0.658854 0.485185 0.658333 0.484259 0.658333 0.483333 0.657292 0.481481 0.656771 0.481481 0.656250 0.480556 0.655729 0.480556 0.655208 0.479630 0.654687 0.479630 0.654167 0.478704 0.653125 0.480556 0.652604 0.480556 0.648438 0.487963 0.647917 0.487963 0.626042 0.526852 0.625000 0.526852 0.624479 0.525926 0.623958 0.525926 0.623437 0.525000 0.622917 0.525000 0.621875 0.523148 0.621354 0.523148 0.620313 0.521296 0.619792 0.521296 0.619271 0.520370 0.618750 0.520370 0.617708 0.518519 0.617188 0.518519 0.616146 0.516667 0.615625 0.516667 0.615104 0.515741 0.614583 0.515741 0.613542 0.513889 0.613021 0.513889 0.611979 0.512037 0.611458 0.512037 0.610938 0.511111 0.610417 0.511111 0.609375 0.509259 0.608854 0.509259 0.607812 0.507407 0.607292 0.507407 0.606771 0.506481 0.606771 0.507407 0.605729 0.509259 0.605208 0.509259 0.604688 0.510185 0.604167 0.510185 0.603646 0.509259 0.603125 0.509259 0.602604 0.508333 0.602083 0.508333 0.589583 0.486111 0.589063 0.486111 0.588021 0.484259 0.587500 0.484259 0.586979 0.483333 0.586458 0.483333 0.585417 0.481481 0.584896 0.481481 0.583854 0.479630 0.583333 0.479630 0.582812 0.478704 0.582292 0.478704 0.581250 0.476852 0.580729 0.476852 0.580208 0.475926 0.579688 0.475926 0.578646 0.474074 0.578125 0.474074 0.577083 0.472222 0.576562 0.472222 0.576042 0.471296 0.575521 0.471296 0.574479 0.469444 0.573958 0.469444 0.572917 0.467593 0.572396 0.467593 0.571875 0.466667 0.571354 0.466667 0.570312 0.464815 0.569792 0.464815 0.568750 0.462963
0 0.693750 0.513889 0.078125 0.075926 0.723437 0.475926 0.706771 0.505556 0.706771 0.506481 0.699479 0.519444 0.698958 0.519444 0.697917 0.521296 0.696354 0.521296 0.695833 0.520370 0.695312 0.520370 0.694792 0.519444 0.694792 0.520370 0.694271 0.521296 0.693750 0.521296 0.693229 0.522222 0.691667 0.522222 0.691146 0.521296 0.690625 0.521296 0.690104 0.520370 0.689583 0.520370 0.689063 0.519444 0.688542 0.519444 0.688021 0.518519 0.687500 0.518519 0.686979 0.517593 0.686458 0.517593 0.685937 0.516667 0.685417 0.516667 0.684896 0.515741 0.684375 0.515741 0.683854 0.514815 0.683333 0.514815 0.682813 0.513889 0.682292 0.513889 0.670312 0.492593 0.670312 0.491667 0.668750 0.488889 0.668229 0.488889 0.666667 0.486111 0.666146 0.486111 0.665625 0.485185 0.665104 0.485185 0.664583 0.484259 0.664062 0.484259 0.663542 0.483333 0.663021 0.483333 0.662500 0.482407 0.661979 0.482407 0.661458 0.481481 0.660937 0.481481 0.660417 0.480556 0.659896 0.480556 0.659375 0.479630 0.658854 0.479630 0.658333 0.478704 0.657813 0.478704 0.657292 0.477778 0.656771 0.477778 0.656250 0.476852 0.655208 0.476852 0.654687 0.477778 0.654687 0.478704 0.655208 0.478704 0.655729 0.479630 0.656250 0.479630 0.656771 0.480556 0.657292 0.480556 0.658854 0.483333 0.658854 0.484259 0.659375 0.485185 0.658854 0.486111 0.658854 0.487037 0.658333 0.487963 0.658333 0.488889 0.660937 0.493519 0.660937 0.494444 0.671354 0.512963 0.671354 0.513889 0.681250 0.531481 0.681250 0.532407 0.687500 0.543519 0.688021 0.543519 0.689063 0.545370 0.689583 0.545370 0.690104 0.546296 0.690625 0.546296 0.691146 0.547222 0.691667 0.547222 0.692187 0.548148 0.692708 0.548148 0.693229 0.549074 0.693750 0.549074 0.694792 0.550926 0.695312 0.550926 0.695833 0.551852 0.696875 0.551852 0.697396 0.550926 0.697917 0.550926 0.724479 0.503704 0.724479 0.502778 0.732292 0.488889 0.732292 0.487963 0.732812 0.487037 0.732812 0.484259 0.732292 0.483333 0.732292 0.482407 0.731771 0.482407 0.731250 0.481481 0.730729 0.481481 0.730208 0.480556 0.729167 0.480556 0.728646 0.479630 0.728125 0.479630 0.727604 0.478704 0.726562 0.478704 0.726042 0.477778 0.725521 0.477778 0.725000 0.476852 0.723958 0.476852
0 0.313281 0.485648 0.079687 0.091667 0.311979 0.439815 0.311458 0.440741 0.309896 0.440741 0.309375 0.441667 0.308854 0.441667 0.307812 0.443519 0.307292 0.443519 0.306250 0.445370 0.305729 0.445370 0.303646 0.449074 0.303125 0.449074 0.302604 0.450000 0.302604 0.452778 0.302083 0.453704 0.302083 0.459259 0.301563 0.460185 0.301563 0.465741 0.301042 0.466667 0.301042 0.472222 0.300521 0.473148 0.300521 0.475926 0.298438 0.479630 0.298438 0.480556 0.273438 0.525000 0.273438 0.528704 0.275000 0.531481 0.276562 0.531481 0.277083 0.530556 0.277604 0.530556 0.298438 0.493519 0.298958 0.493519 0.303125 0.486111 0.303646 0.486111 0.306250 0.481481 0.306771 0.481481 0.307812 0.479630 0.308333 0.479630 0.309375 0.477778 0.309896 0.477778 0.310417 0.476852 0.311458 0.476852 0.311979 0.475926 0.314583 0.475926 0.315104 0.476852 0.316146 0.476852 0.317188 0.478704 0.317708 0.478704 0.318229 0.479630 0.318750 0.479630 0.319792 0.481481 0.320312 0.481481 0.321875 0.484259 0.322396 0.484259 0.324479 0.487963 0.325000 0.487963 0.328125 0.493519 0.328646 0.493519 0.332813 0.500926 0.333333 0.500926 0.338542 0.510185 0.339062 0.510185 0.345833 0.522222 0.346354 0.522222 0.348438 0.525926 0.348958 0.525926 0.350000 0.527778 0.352083 0.527778 0.353125 0.525926 0.353125 0.519444 0.352604 0.518519 0.352604 0.517593 0.349479 0.512037 0.348958 0.512037 0.341667 0.499074 0.341146 0.499074 0.333333 0.485185 0.332813 0.485185 0.325521 0.472222 0.325000 0.472222 0.315625 0.455556 0.315625 0.443519 0.316146 0.442593 0.316146 0.441667 0.315625 0.441667 0.315104 0.440741 0.314063 0.440741 0.313542 0.439815
0 0.398958 0.487037 0.079167 0.090741 0.397396 0.441667 0.396875 0.442593 0.396354 0.442593 0.395833 0.443519 0.395313 0.443519 0.394792 0.444444 0.394792 0.445370 0.395313 0.446296 0.395313 0.447222 0.395833 0.448148 0.395833 0.449074 0.396354 0.450000 0.396354 0.452778 0.395833 0.453704 0.395833 0.454630 0.359375 0.519444 0.359375 0.525000 0.359896 0.525926 0.359896 0.529630 0.361458 0.532407 0.363542 0.532407 0.380208 0.502778 0.380729 0.502778 0.388021 0.489815 0.388542 0.489815 0.391667 0.484259 0.392188 0.484259 0.393750 0.481481 0.394271 0.481481 0.395313 0.479630 0.395833 0.479630 0.396354 0.478704 0.396875 0.478704 0.397396 0.477778 0.401562 0.477778 0.402083 0.478704 0.402604 0.478704 0.403125 0.479630 0.403646 0.479630 0.404167 0.480556 0.404687 0.480556 0.406250 0.483333 0.406771 0.483333 0.408854 0.487037 0.409375 0.487037 0.412500 0.492593 0.413021 0.492593 0.417708 0.500926 0.418229 0.500926 0.429167 0.520370 0.429688 0.520370 0.433854 0.527778 0.434375 0.527778 0.434896 0.528704 0.437500 0.528704 0.438021 0.527778 0.438021 0.526852 0.438542 0.525926 0.438542 0.525000 0.438021 0.524074 0.438021 0.523148 0.437500 0.522222 0.437500 0.521296 0.436458 0.519444 0.436458 0.518519 0.435937 0.517593 0.435937 0.516667 0.434896 0.514815 0.434896 0.513889 0.434375 0.512963 0.434375 0.512037 0.433333 0.510185 0.433333 0.509259 0.432292 0.507407 0.432292 0.506481 0.430208 0.502778 0.429688 0.502778 0.415625 0.477778 0.415104 0.477778 0.399479 0.450000 0.399479 0.449074 0.398958 0.448148 0.398958 0.447222 0.398438 0.446296 0.398438 0.445370 0.397917 0.444444 0.397917 0.443519 0.397396 0.442593
0 0.482812 0.481481 0.080208 0.087037 0.477604 0.437963 0.476042 0.440741 0.477083 0.442593 0.477083 0.443519 0.477604 0.444444 0.477604 0.447222 0.477083 0.448148 0.477083 0.449074 0.460938 0.477778 0.460938 0.478704 0.442708 0.511111 0.442708 0.512963 0.443750 0.514815 0.443750 0.515741 0.444792 0.517593 0.444792 0.518519 0.445833 0.520370 0.445833 0.521296 0.447917 0.525000 0.449479 0.525000 0.450000 0.524074 0.450521 0.524074 0.472396 0.485185 0.472917 0.485185 0.476562 0.478704 0.477083 0.478704 0.479167 0.475000 0.479687 0.475000 0.480729 0.473148 0.481250 0.473148 0.482292 0.471296 0.483333 0.471296 0.483854 0.470370 0.487500 0.470370 0.488021 0.471296 0.488542 0.471296 0.489063 0.472222 0.489583 0.472222 0.490625 0.474074 0.491146 0.474074 0.497917 0.486111 0.498437 0.486111 0.505729 0.499074 0.506250 0.499074 0.513021 0.511111 0.513542 0.511111 0.518750 0.520370 0.519271 0.520370 0.519792 0.521296 0.521875 0.521296 0.522917 0.519444 0.522917 0.515741 0.521354 0.512963 0.521354 0.512037 0.488542 0.453704 0.488021 0.453704 0.484375 0.447222 0.483854 0.447222 0.480208 0.440741 0.479687 0.440741 0.478125 0.437963
0 0.570052 0.475463 0.072396 0.075000 0.568229 0.437963 0.565104 0.443519 0.565625 0.443519 0.566146 0.444444 0.566146 0.445370 0.566667 0.446296 0.566667 0.450000 0.565104 0.452778 0.565104 0.453704 0.543750 0.491667 0.543750 0.492593 0.533854 0.510185 0.533854 0.511111 0.534375 0.511111 0.535417 0.512963 0.536979 0.512963 0.557813 0.475926 0.558333 0.475926 0.563021 0.467593 0.563542 0.467593 0.565625 0.463889 0.566146 0.463889 0.567187 0.462037 0.568750 0.462037 0.569792 0.463889 0.570312 0.463889 0.571354 0.465741 0.571875 0.465741 0.572396 0.466667 0.572917 0.466667 0.573958 0.468519 0.574479 0.468519 0.575521 0.470370 0.576042 0.470370 0.576562 0.471296 0.577083 0.471296 0.578125 0.473148 0.578646 0.473148 0.579688 0.475000 0.580208 0.475000 0.580729 0.475926 0.581250 0.475926 0.582292 0.477778 0.582812 0.477778 0.583333 0.478704 0.583854 0.478704 0.584896 0.480556 0.585417 0.480556 0.586458 0.482407 0.586979 0.482407 0.587500 0.483333 0.588021 0.483333 0.589063 0.485185 0.589583 0.485185 0.602083 0.507407 0.602604 0.507407 0.603125 0.508333 0.603646 0.508333 0.604167 0.509259 0.604688 0.509259 0.605208 0.508333 0.605729 0.508333 0.606250 0.507407 0.606250 0.503704 0.605729 0.502778 0.605729 0.501852 0.601042 0.493519 0.601042 0.492593 0.580208 0.455556 0.580208 0.454630 0.573958 0.443519 0.573438 0.443519 0.572396 0.441667 0.571875 0.441667 0.570833 0.439815 0.570312 0.439815 0.569792 0.438889 0.569271 0.438889 0.568750 0.437963
0 0.650260 0.488426 0.089063 0.075000 0.657292 0.450926 0.657292 0.451852 0.639583 0.483333 0.639583 0.484259 0.621875 0.515741 0.621354 0.515741 0.620833 0.516667 0.619792 0.516667 0.619271 0.515741 0.618750 0.515741 0.618229 0.514815 0.617708 0.514815 0.616667 0.512963 0.616146 0.512963 0.615625 0.512037 0.615104 0.512037 0.614062 0.510185 0.613542 0.510185 0.612500 0.508333 0.611979 0.508333 0.611458 0.507407 0.610938 0.507407 0.609896 0.505556 0.609375 0.505556 0.608854 0.504630 0.608333 0.504630 0.607292 0.502778 0.606771 0.502778 0.605729 0.500926 0.606250 0.501852 0.606250 0.502778 0.606771 0.503704 0.606771 0.505556 0.607292 0.506481 0.607812 0.506481 0.608854 0.508333 0.609375 0.508333 0.610417 0.510185 0.610938 0.510185 0.611458 0.511111 0.611979 0.511111 0.613021 0.512963 0.613542 0.512963 0.614583 0.514815 0.615104 0.514815 0.615625 0.515741 0.616146 0.515741 0.617188 0.517593 0.617708 0.517593 0.618750 0.519444 0.619271 0.519444 0.619792 0.520370 0.620313 0.520370 0.621354 0.522222 0.621875 0.522222 0.622917 0.524074 0.623437 0.524074 0.623958 0.525000 0.624479 0.525000 0.625000 0.525926 0.626042 0.525926 0.647917 0.487037 0.648438 0.487037 0.652604 0.479630 0.653125 0.479630 0.655208 0.475926 0.656250 0.475926 0.656771 0.476852 0.657292 0.476852 0.657813 0.477778 0.658333 0.477778 0.658854 0.478704 0.659375 0.478704 0.659896 0.479630 0.660417 0.479630 0.660937 0.480556 0.661458 0.480556 0.661979 0.481481 0.662500 0.481481 0.663021 0.482407 0.663542 0.482407 0.664062 0.483333 0.664583 0.483333 0.665104 0.484259 0.665625 0.484259 0.666146 0.485185 0.666667 0.485185 0.668229 0.487963 0.668750 0.487963 0.670833 0.491667 0.670833 0.492593 0.682292 0.512963 0.682813 0.512963 0.683333 0.513889 0.683854 0.513889 0.684375 0.514815 0.684896 0.514815 0.685417 0.515741 0.685937 0.515741 0.686458 0.516667 0.686979 0.516667 0.687500 0.517593 0.688021 0.517593 0.688542 0.518519 0.689063 0.518519 0.689583 0.519444 0.690104 0.519444 0.690625 0.520370 0.691146 0.520370 0.691667 0.521296 0.693229 0.521296 0.693750 0.520370 0.694271 0.520370 0.694271 0.519444 0.694792 0.518519 0.694792 0.516667 0.694271 0.515741 0.694271 0.514815 0.692708 0.512037 0.692708 0.511111 0.685417 0.498148 0.685417 0.497222 0.676562 0.481481 0.676562 0.480556 0.668229 0.465741 0.668229 0.464815 0.662500 0.454630 0.661979 0.454630 0.661458 0.453704 0.660937 0.453704 0.660417 0.452778 0.659896 0.452778 0.659375 0.451852 0.658854 0.451852 0.658333 0.450926
0 0.355990 0.481944 0.079687 0.078704 0.316667 0.442593 0.316146 0.443519 0.316146 0.455556 0.325000 0.471296 0.325521 0.471296 0.332813 0.484259 0.333333 0.484259 0.341146 0.498148 0.341667 0.498148 0.348958 0.511111 0.349479 0.511111 0.354167 0.519444 0.354687 0.519444 0.355729 0.521296 0.357292 0.521296 0.357812 0.520370 0.358333 0.520370 0.395313 0.454630 0.395313 0.453704 0.395833 0.452778 0.395833 0.450000 0.395313 0.449074 0.395313 0.448148 0.394792 0.447222 0.394792 0.446296 0.394271 0.445370 0.394271 0.444444 0.392708 0.447222 0.392188 0.447222 0.389062 0.452778 0.388542 0.452778 0.382292 0.463889 0.381771 0.463889 0.363542 0.496296 0.361458 0.496296 0.359375 0.492593 0.359375 0.489815 0.358854 0.488889 0.358333 0.489815 0.356250 0.489815 0.355729 0.488889 0.355208 0.488889 0.353125 0.485185 0.353646 0.486111 0.353646 0.488889 0.353125 0.489815 0.353125 0.490741 0.352604 0.491667 0.352083 0.491667 0.351562 0.492593 0.350000 0.492593 0.349479 0.491667 0.348958 0.491667 0.347396 0.488889 0.346875 0.488889 0.341667 0.479630 0.341146 0.479630 0.334375 0.467593 0.333854 0.467593 0.329688 0.460185 0.329167 0.460185 0.325521 0.453704 0.325000 0.453704 0.322396 0.449074 0.321875 0.449074 0.320312 0.446296 0.319792 0.446296 0.318750 0.444444 0.318229 0.444444 0.317188 0.442593
0 0.437500 0.477778 0.079167 0.074074 0.398958 0.440741 0.398438 0.441667 0.397917 0.441667 0.397917 0.442593 0.398438 0.443519 0.398438 0.444444 0.398958 0.445370 0.398958 0.446296 0.399479 0.447222 0.399479 0.448148 0.400000 0.449074 0.400000 0.450000 0.415104 0.476852 0.415625 0.476852 0.429688 0.501852 0.430208 0.501852 0.436458 0.512963 0.436979 0.512963 0.438021 0.514815 0.439583 0.514815 0.441146 0.512037 0.441667 0.512037 0.460417 0.478704 0.460417 0.477778 0.476562 0.449074 0.476562 0.448148 0.477083 0.447222 0.477083 0.444444 0.476562 0.443519 0.476562 0.442593 0.476042 0.441667 0.475000 0.441667 0.469792 0.450926 0.469271 0.450926 0.448958 0.487037 0.446875 0.487037 0.445312 0.484259 0.445312 0.483333 0.443750 0.480556 0.443750 0.479630 0.442188 0.476852 0.442188 0.475926 0.441667 0.475000 0.440625 0.476852 0.440104 0.476852 0.439583 0.477778 0.438021 0.477778 0.436458 0.475000 0.435937 0.475000 0.430208 0.464815 0.431771 0.467593 0.431771 0.468519 0.432812 0.470370 0.432812 0.471296 0.433854 0.473148 0.433854 0.474074 0.435417 0.476852 0.435417 0.477778 0.436458 0.479630 0.436458 0.480556 0.437500 0.482407 0.437500 0.483333 0.439063 0.486111 0.439063 0.490741 0.438021 0.492593 0.437500 0.492593 0.436979 0.493519 0.435937 0.493519 0.435417 0.492593 0.434896 0.492593 0.433333 0.489815 0.432812 0.489815 0.421875 0.470370 0.421354 0.470370 0.414583 0.458333 0.414062 0.458333 0.410417 0.451852 0.409896 0.451852 0.407292 0.447222 0.406771 0.447222 0.405729 0.445370 0.405208 0.445370 0.404167 0.443519 0.403646 0.443519 0.403125 0.442593 0.402604 0.442593 0.402083 0.441667 0.401042 0.441667 0.400521 0.440741
0 0.522135 0.474537 0.088021 0.084259 0.482812 0.432407 0.482292 0.433333 0.481250 0.433333 0.480208 0.435185 0.479687 0.435185 0.478646 0.437037 0.478125 0.437037 0.479687 0.439815 0.480208 0.439815 0.483854 0.446296 0.484375 0.446296 0.488021 0.452778 0.488542 0.452778 0.503125 0.478704 0.503646 0.478704 0.507292 0.485185 0.507812 0.485185 0.511979 0.492593 0.512500 0.492593 0.516146 0.499074 0.516667 0.499074 0.520833 0.506481 0.521354 0.506481 0.525000 0.512963 0.525521 0.512963 0.527083 0.515741 0.527604 0.515741 0.528125 0.516667 0.529167 0.516667 0.530208 0.514815 0.530729 0.514815 0.543229 0.492593 0.543229 0.491667 0.564583 0.453704 0.564583 0.452778 0.566146 0.450000 0.566146 0.446296 0.565625 0.445370 0.565625 0.444444 0.564583 0.444444 0.564063 0.445370 0.563542 0.445370 0.541667 0.484259 0.540625 0.484259 0.540104 0.483333 0.539583 0.483333 0.538542 0.481481 0.538021 0.481481 0.536458 0.478704 0.535937 0.478704 0.534375 0.475926 0.531250 0.481481 0.530729 0.481481 0.530208 0.482407 0.529167 0.482407 0.528646 0.481481 0.528125 0.481481 0.526563 0.478704 0.526042 0.478704 0.523958 0.475000 0.523438 0.475000 0.521875 0.472222 0.521354 0.472222 0.519271 0.468519 0.518750 0.468519 0.517188 0.465741 0.516667 0.465741 0.514583 0.462037 0.522396 0.475926 0.522396 0.476852 0.522917 0.477778 0.522917 0.479630 0.522396 0.480556 0.522396 0.481481 0.521875 0.482407 0.521354 0.482407 0.520833 0.483333 0.519271 0.483333 0.518750 0.482407 0.518229 0.482407 0.516667 0.479630 0.516146 0.479630 0.514062 0.475926 0.513542 0.475926 0.510938 0.471296 0.510417 0.471296 0.508333 0.467593 0.507812 0.467593 0.505208 0.462963 0.504687 0.462963 0.502083 0.458333 0.501563 0.458333 0.497917 0.451852 0.497396 0.451852 0.494271 0.446296 0.493750 0.446296 0.491667 0.442593 0.491146 0.442593 0.488542 0.437963 0.488021 0.437963 0.485938 0.434259 0.485417 0.434259 0.484375 0.432407
0 0.613281 0.474074 0.089063 0.083333 0.572396 0.432407 0.571875 0.433333 0.571354 0.433333 0.569271 0.437037 0.568750 0.437037 0.569271 0.437963 0.569792 0.437963 0.570312 0.438889 0.570833 0.438889 0.571875 0.440741 0.572396 0.440741 0.573438 0.442593 0.573958 0.442593 0.580729 0.454630 0.580729 0.455556 0.601562 0.492593 0.601562 0.493519 0.605208 0.500000 0.605729 0.500000 0.606771 0.501852 0.607292 0.501852 0.608333 0.503704 0.608854 0.503704 0.609375 0.504630 0.609896 0.504630 0.610938 0.506481 0.611458 0.506481 0.611979 0.507407 0.612500 0.507407 0.613542 0.509259 0.614062 0.509259 0.615104 0.511111 0.615625 0.511111 0.616146 0.512037 0.616667 0.512037 0.617708 0.513889 0.618229 0.513889 0.618750 0.514815 0.619271 0.514815 0.619792 0.515741 0.620833 0.515741 0.621354 0.514815 0.621875 0.514815 0.639062 0.484259 0.639062 0.483333 0.656771 0.451852 0.656771 0.450926 0.657813 0.449074 0.657813 0.446296 0.657292 0.445370 0.657292 0.444444 0.656771 0.444444 0.656250 0.443519 0.655729 0.443519 0.655208 0.442593 0.654687 0.442593 0.654167 0.441667 0.653646 0.441667 0.653125 0.440741 0.652083 0.440741 0.651563 0.439815 0.651042 0.440741 0.650521 0.440741 0.647396 0.446296 0.646875 0.446296 0.623958 0.487037 0.621875 0.487037 0.621354 0.486111 0.620833 0.486111 0.620313 0.485185 0.619792 0.485185 0.619271 0.484259 0.618750 0.484259 0.617708 0.482407 0.617188 0.482407 0.616667 0.481481 0.616146 0.481481 0.615625 0.480556 0.615104 0.480556 0.614583 0.479630 0.614062 0.479630 0.613021 0.477778 0.611979 0.479630 0.611458 0.479630 0.610938 0.480556 0.610417 0.480556 0.609896 0.479630 0.609375 0.479630 0.608854 0.478704 0.608333 0.478704 0.607812 0.477778 0.607292 0.477778 0.606771 0.476852 0.606250 0.476852 0.605208 0.475000 0.604688 0.475000 0.604167 0.474074 0.603646 0.474074 0.589063 0.448148 0.588542 0.448148 0.588021 0.447222 0.587500 0.447222 0.586458 0.445370 0.585938 0.445370 0.585417 0.444444 0.584896 0.444444 0.584375 0.443519 0.583854 0.443519 0.583333 0.442593 0.582812 0.442593 0.582292 0.441667 0.581771 0.441667 0.581250 0.440741 0.580729 0.440741 0.579688 0.438889 0.579167 0.438889 0.578646 0.437963 0.578125 0.437963 0.577604 0.437037 0.577083 0.437037 0.576562 0.436111 0.576042 0.436111 0.575521 0.435185 0.575000 0.435185 0.574479 0.434259 0.573958 0.434259 0.572917 0.432407
0 0.695312 0.484259 0.075000 0.072222 0.658333 0.448148 0.658333 0.449074 0.657813 0.450000 0.658333 0.450000 0.658854 0.450926 0.659375 0.450926 0.659896 0.451852 0.660417 0.451852 0.660937 0.452778 0.661458 0.452778 0.661979 0.453704 0.662500 0.453704 0.668750 0.464815 0.668750 0.465741 0.677083 0.480556 0.677083 0.481481 0.685937 0.497222 0.685937 0.498148 0.693229 0.511111 0.693229 0.512037 0.694792 0.514815 0.694792 0.515741 0.695312 0.516667 0.695312 0.519444 0.695833 0.519444 0.696354 0.520370 0.697917 0.520370 0.698958 0.518519 0.699479 0.518519 0.706250 0.506481 0.706250 0.505556 0.729688 0.463889 0.729688 0.462963 0.732812 0.457407 0.732812 0.452778 0.732292 0.451852 0.731771 0.451852 0.731250 0.450926 0.714063 0.481481 0.714063 0.482407 0.707292 0.494444 0.706771 0.494444 0.705208 0.497222 0.704167 0.497222 0.703646 0.496296 0.703125 0.496296 0.702604 0.495370 0.701562 0.495370 0.701042 0.494444 0.700521 0.494444 0.700000 0.493519 0.699479 0.493519 0.698958 0.492593 0.698438 0.492593 0.697917 0.491667 0.696875 0.491667 0.696354 0.490741 0.695833 0.490741 0.695312 0.489815 0.694792 0.489815 0.694271 0.488889 0.693750 0.488889 0.693229 0.487963 0.692187 0.487963 0.691667 0.487037 0.691146 0.487037 0.690625 0.486111 0.690104 0.486111 0.689583 0.485185 0.689063 0.485185 0.688542 0.484259 0.688021 0.484259 0.687500 0.483333 0.686458 0.483333 0.685937 0.482407 0.685417 0.482407 0.684896 0.481481 0.684375 0.481481 0.683854 0.480556 0.683333 0.480556 0.682813 0.479630 0.681771 0.479630 0.681250 0.478704 0.680729 0.478704 0.669792 0.459259 0.669792 0.458333 0.669271 0.458333 0.667188 0.454630 0.666146 0.454630 0.665625 0.453704 0.665104 0.453704 0.664583 0.452778 0.664062 0.452778 0.663542 0.451852 0.662500 0.451852 0.661979 0.450926 0.661458 0.450926 0.660937 0.450000 0.660417 0.450000 0.659896 0.449074 0.658854 0.449074
0 0.312760 0.448148 0.080729 0.094444 0.309896 0.400926 0.309375 0.401852 0.308854 0.401852 0.308333 0.402778 0.307812 0.402778 0.306771 0.404630 0.306250 0.404630 0.305208 0.406481 0.304688 0.406481 0.302083 0.411111 0.301563 0.411111 0.297396 0.418519 0.297396 0.422222 0.296875 0.423148 0.296875 0.426852 0.296354 0.427778 0.296354 0.431481 0.295833 0.432407 0.295833 0.436111 0.295312 0.437037 0.295312 0.440741 0.294792 0.441667 0.294792 0.443519 0.291667 0.449074 0.291667 0.450000 0.273958 0.481481 0.273958 0.482407 0.273438 0.483333 0.273438 0.485185 0.272917 0.486111 0.272917 0.487963 0.272396 0.488889 0.272396 0.491667 0.272917 0.492593 0.272917 0.493519 0.273438 0.494444 0.273958 0.494444 0.274479 0.495370 0.275521 0.495370 0.276042 0.494444 0.276562 0.494444 0.298438 0.455556 0.298958 0.455556 0.303125 0.448148 0.303646 0.448148 0.305729 0.444444 0.306250 0.444444 0.307292 0.442593 0.307812 0.442593 0.308854 0.440741 0.309375 0.440741 0.309896 0.439815 0.311458 0.439815 0.311979 0.438889 0.313542 0.438889 0.314063 0.439815 0.315104 0.439815 0.315625 0.440741 0.316146 0.440741 0.316667 0.441667 0.317188 0.441667 0.318229 0.443519 0.318750 0.443519 0.319792 0.445370 0.320312 0.445370 0.321875 0.448148 0.322396 0.448148 0.325000 0.452778 0.325521 0.452778 0.329167 0.459259 0.329688 0.459259 0.333854 0.466667 0.334375 0.466667 0.341146 0.478704 0.341667 0.478704 0.346875 0.487963 0.347396 0.487963 0.348958 0.490741 0.349479 0.490741 0.350000 0.491667 0.351562 0.491667 0.352083 0.490741 0.352604 0.490741 0.352604 0.489815 0.353125 0.488889 0.353125 0.486111 0.346354 0.474074 0.345833 0.474074 0.338021 0.460185 0.337500 0.460185 0.329688 0.446296 0.329167 0.446296 0.321354 0.432407 0.320833 0.432407 0.315625 0.423148 0.315625 0.422222 0.315104 0.421296 0.315104 0.420370 0.314583 0.419444 0.314583 0.418519 0.315104 0.417593 0.315104 0.408333 0.315625 0.407407 0.315625 0.402778 0.315104 0.401852 0.314583 0.401852 0.314063 0.400926
0 0.398958 0.448148 0.079167 0.094444 0.395833 0.400926 0.395313 0.401852 0.394792 0.401852 0.394271 0.402778 0.393750 0.402778 0.393229 0.403704 0.394271 0.405556 0.394271 0.406481 0.394792 0.407407 0.394792 0.408333 0.395313 0.409259 0.395313 0.410185 0.396354 0.412037 0.396354 0.412963 0.396875 0.413889 0.396875 0.414815 0.397396 0.415741 0.397396 0.419444 0.396354 0.421296 0.396354 0.422222 0.369792 0.469444 0.369792 0.470370 0.360938 0.486111 0.360417 0.486111 0.359375 0.487963 0.359375 0.488889 0.359896 0.489815 0.359896 0.492593 0.361458 0.495370 0.363542 0.495370 0.381771 0.462963 0.382292 0.462963 0.388542 0.451852 0.389062 0.451852 0.392188 0.446296 0.392708 0.446296 0.394271 0.443519 0.394792 0.443519 0.395313 0.442593 0.395833 0.442593 0.396354 0.441667 0.396875 0.441667 0.397396 0.440741 0.398438 0.440741 0.398958 0.439815 0.400521 0.439815 0.401042 0.440741 0.402083 0.440741 0.402604 0.441667 0.403125 0.441667 0.403646 0.442593 0.404167 0.442593 0.405208 0.444444 0.405729 0.444444 0.406771 0.446296 0.407292 0.446296 0.409896 0.450926 0.410417 0.450926 0.414062 0.457407 0.414583 0.457407 0.421354 0.469444 0.421875 0.469444 0.432812 0.488889 0.433333 0.488889 0.434896 0.491667 0.435417 0.491667 0.435937 0.492593 0.436979 0.492593 0.437500 0.491667 0.438021 0.491667 0.438542 0.490741 0.438542 0.486111 0.436979 0.483333 0.436979 0.482407 0.435937 0.480556 0.435937 0.479630 0.434896 0.477778 0.434896 0.476852 0.433333 0.474074 0.433333 0.473148 0.432292 0.471296 0.432292 0.470370 0.431250 0.468519 0.431250 0.467593 0.429688 0.464815 0.429688 0.463889 0.426042 0.457407 0.425521 0.457407 0.411458 0.432407 0.410938 0.432407 0.400000 0.412963 0.400000 0.412037 0.398958 0.410185 0.398958 0.409259 0.397917 0.407407 0.397917 0.406481 0.397396 0.405556 0.397396 0.404630 0.396354 0.402778 0.396354 0.401852
0 0.482292 0.443519 0.080208 0.085185 0.476562 0.400926 0.476042 0.401852 0.476042 0.402778 0.477604 0.405556 0.477604 0.409259 0.476562 0.411111 0.476562 0.412037 0.459896 0.441667 0.459896 0.442593 0.442188 0.474074 0.442188 0.475000 0.442708 0.475926 0.442708 0.476852 0.444271 0.479630 0.444271 0.480556 0.445833 0.483333 0.445833 0.484259 0.446875 0.486111 0.448958 0.486111 0.469271 0.450000 0.469792 0.450000 0.475000 0.440741 0.475521 0.440741 0.478125 0.436111 0.478646 0.436111 0.479687 0.434259 0.480208 0.434259 0.481250 0.432407 0.482292 0.432407 0.482812 0.431481 0.484375 0.431481 0.485417 0.433333 0.485938 0.433333 0.488021 0.437037 0.488542 0.437037 0.491146 0.441667 0.491667 0.441667 0.493750 0.445370 0.494271 0.445370 0.497396 0.450926 0.497917 0.450926 0.501563 0.457407 0.502083 0.457407 0.504687 0.462037 0.505208 0.462037 0.507812 0.466667 0.508333 0.466667 0.510417 0.470370 0.510938 0.470370 0.513542 0.475000 0.514062 0.475000 0.516146 0.478704 0.516667 0.478704 0.518229 0.481481 0.518750 0.481481 0.519271 0.482407 0.520833 0.482407 0.521354 0.481481 0.521875 0.481481 0.521875 0.480556 0.522396 0.479630 0.522396 0.477778 0.521875 0.476852 0.521875 0.475926 0.486458 0.412963 0.485938 0.412963 0.484375 0.410185 0.483854 0.410185 0.482292 0.407407 0.481771 0.407407 0.480208 0.404630 0.479687 0.404630 0.478646 0.402778 0.478125 0.402778 0.477083 0.400926
0 0.573958 0.442130 0.078125 0.082407 0.567187 0.400926 0.564583 0.405556 0.565104 0.406481 0.565625 0.406481 0.566146 0.407407 0.566667 0.407407 0.568229 0.410185 0.568229 0.413889 0.567708 0.414815 0.567708 0.415741 0.558333 0.432407 0.558333 0.433333 0.534896 0.475000 0.534896 0.475926 0.535937 0.477778 0.536458 0.477778 0.538021 0.480556 0.538542 0.480556 0.539583 0.482407 0.540104 0.482407 0.540625 0.483333 0.541667 0.483333 0.563542 0.444444 0.564063 0.444444 0.568750 0.436111 0.569271 0.436111 0.571354 0.432407 0.571875 0.432407 0.572396 0.431481 0.572917 0.431481 0.573958 0.433333 0.574479 0.433333 0.575000 0.434259 0.575521 0.434259 0.576042 0.435185 0.576562 0.435185 0.577083 0.436111 0.577604 0.436111 0.578125 0.437037 0.578646 0.437037 0.579167 0.437963 0.579688 0.437963 0.580729 0.439815 0.581250 0.439815 0.581771 0.440741 0.582292 0.440741 0.582812 0.441667 0.583333 0.441667 0.583854 0.442593 0.584375 0.442593 0.584896 0.443519 0.585417 0.443519 0.585938 0.444444 0.586458 0.444444 0.587500 0.446296 0.588021 0.446296 0.588542 0.447222 0.589063 0.447222 0.603646 0.473148 0.604167 0.473148 0.604688 0.474074 0.605208 0.474074 0.606250 0.475926 0.606771 0.475926 0.607292 0.476852 0.607812 0.476852 0.608333 0.477778 0.608854 0.477778 0.609375 0.478704 0.609896 0.478704 0.610417 0.479630 0.610938 0.479630 0.611458 0.478704 0.611979 0.478704 0.612500 0.477778 0.612500 0.476852 0.613021 0.475926 0.613021 0.475000 0.612500 0.474074 0.612500 0.473148 0.611458 0.471296 0.611458 0.470370 0.602083 0.453704 0.602083 0.452778 0.586979 0.425926 0.586979 0.425000 0.579167 0.411111 0.578646 0.411111 0.577604 0.409259 0.577083 0.409259 0.576562 0.408333 0.576042 0.408333 0.575521 0.407407 0.574479 0.407407 0.573958 0.406481 0.573438 0.406481 0.572917 0.405556 0.572396 0.405556 0.571875 0.404630 0.571354 0.404630 0.570833 0.403704 0.570312 0.403704 0.569792 0.402778 0.569271 0.402778 0.568750 0.401852 0.568229 0.401852 0.567708 0.400926
0 0.652344 0.449537 0.078646 0.073148 0.655208 0.412963 0.653125 0.416667 0.653125 0.417593 0.629687 0.459259 0.629687 0.460185 0.620833 0.475926 0.620313 0.475926 0.619271 0.477778 0.617188 0.477778 0.616667 0.476852 0.616146 0.476852 0.615104 0.475000 0.614583 0.475000 0.614062 0.474074 0.613542 0.474074 0.613021 0.473148 0.613021 0.474074 0.613542 0.475000 0.613542 0.475926 0.613021 0.476852 0.614062 0.478704 0.614583 0.478704 0.615104 0.479630 0.615625 0.479630 0.616146 0.480556 0.616667 0.480556 0.617188 0.481481 0.617708 0.481481 0.618750 0.483333 0.619271 0.483333 0.619792 0.484259 0.620313 0.484259 0.620833 0.485185 0.621354 0.485185 0.621875 0.486111 0.623958 0.486111 0.646875 0.445370 0.647396 0.445370 0.650521 0.439815 0.651042 0.439815 0.651563 0.438889 0.652083 0.439815 0.653125 0.439815 0.653646 0.440741 0.654167 0.440741 0.654687 0.441667 0.655208 0.441667 0.655729 0.442593 0.656250 0.442593 0.656771 0.443519 0.657292 0.443519 0.657813 0.444444 0.657813 0.445370 0.658333 0.446296 0.658333 0.447222 0.658854 0.448148 0.659896 0.448148 0.660417 0.449074 0.660937 0.449074 0.661458 0.450000 0.661979 0.450000 0.662500 0.450926 0.663542 0.450926 0.664062 0.451852 0.664583 0.451852 0.665104 0.452778 0.665625 0.452778 0.666146 0.453704 0.667188 0.453704 0.669271 0.457407 0.669792 0.457407 0.670312 0.458333 0.670312 0.459259 0.679167 0.475000 0.680208 0.475000 0.680729 0.475926 0.681250 0.475926 0.681771 0.476852 0.682292 0.476852 0.682813 0.477778 0.683333 0.477778 0.683854 0.478704 0.684896 0.478704 0.685417 0.479630 0.685937 0.479630 0.686458 0.480556 0.686979 0.480556 0.687500 0.481481 0.688021 0.481481 0.688542 0.482407 0.690625 0.482407 0.691667 0.480556 0.691667 0.476852 0.690625 0.475000 0.690625 0.474074 0.685417 0.464815 0.685417 0.463889 0.677604 0.450000 0.677604 0.449074 0.670312 0.436111 0.670312 0.435185 0.662500 0.421296 0.662500 0.420370 0.660417 0.416667 0.659896 0.416667 0.658854 0.414815 0.658333 0.414815 0.657813 0.413889 0.656771 0.413889 0.656250 0.412963
0 0.355990 0.445833 0.081771 0.086111 0.316146 0.402778 0.316146 0.407407 0.315625 0.408333 0.315625 0.417593 0.315104 0.418519 0.315104 0.419444 0.315625 0.420370 0.315625 0.421296 0.316146 0.422222 0.316146 0.423148 0.320833 0.431481 0.321354 0.431481 0.329167 0.445370 0.329688 0.445370 0.337500 0.459259 0.338021 0.459259 0.345833 0.473148 0.346354 0.473148 0.352604 0.484259 0.353125 0.484259 0.355208 0.487963 0.355729 0.487963 0.356250 0.488889 0.358333 0.488889 0.360417 0.485185 0.360938 0.485185 0.369271 0.470370 0.369271 0.469444 0.395833 0.422222 0.395833 0.421296 0.396875 0.419444 0.396875 0.415741 0.396354 0.414815 0.396354 0.413889 0.395833 0.412963 0.395833 0.412037 0.394792 0.410185 0.394792 0.409259 0.394271 0.408333 0.394271 0.407407 0.393750 0.406481 0.393750 0.405556 0.393229 0.404630 0.392708 0.404630 0.392188 0.405556 0.391667 0.405556 0.389583 0.409259 0.389062 0.409259 0.383854 0.418519 0.383333 0.418519 0.363021 0.454630 0.362500 0.454630 0.361979 0.455556 0.361458 0.455556 0.360938 0.454630 0.360417 0.454630 0.358854 0.451852 0.358854 0.450000 0.358333 0.449074 0.358333 0.446296 0.357812 0.445370 0.357292 0.446296 0.356771 0.446296 0.356250 0.447222 0.355729 0.446296 0.355208 0.446296 0.354687 0.445370 0.354167 0.445370 0.352083 0.441667 0.352604 0.442593 0.352604 0.446296 0.353125 0.447222 0.353125 0.450000 0.351562 0.452778 0.351042 0.452778 0.350521 0.453704 0.350000 0.453704 0.349479 0.452778 0.348958 0.452778 0.348438 0.451852 0.347917 0.451852 0.345313 0.447222 0.344792 0.447222 0.337500 0.434259 0.336979 0.434259 0.331250 0.424074 0.330729 0.424074 0.326562 0.416667 0.326042 0.416667 0.323437 0.412037 0.322917 0.412037 0.320833 0.408333 0.320312 0.408333 0.318750 0.405556 0.318229 0.405556 0.317188 0.403704 0.316667 0.403704
0 0.436719 0.438426 0.080729 0.076852 0.396875 0.400000 0.396354 0.400926 0.396875 0.401852 0.396875 0.402778 0.397917 0.404630 0.397917 0.405556 0.398438 0.406481 0.398438 0.407407 0.399479 0.409259 0.399479 0.410185 0.400521 0.412037 0.400521 0.412963 0.410938 0.431481 0.411458 0.431481 0.425521 0.456481 0.426042 0.456481 0.435937 0.474074 0.436458 0.474074 0.438021 0.476852 0.439583 0.476852 0.440104 0.475926 0.440625 0.475926 0.459375 0.442593 0.459375 0.441667 0.476042 0.412037 0.476042 0.411111 0.477083 0.409259 0.477083 0.405556 0.475521 0.402778 0.475000 0.402778 0.470313 0.411111 0.469792 0.411111 0.448437 0.449074 0.446875 0.449074 0.442188 0.440741 0.442188 0.439815 0.441667 0.438889 0.440625 0.440741 0.440104 0.440741 0.439583 0.441667 0.439063 0.441667 0.438542 0.440741 0.438021 0.440741 0.435937 0.437037 0.435417 0.437037 0.426042 0.420370 0.428125 0.424074 0.428125 0.425000 0.430208 0.428704 0.430208 0.429630 0.432812 0.434259 0.432812 0.435185 0.434896 0.438889 0.434896 0.439815 0.436979 0.443519 0.436979 0.444444 0.438021 0.446296 0.438021 0.448148 0.437500 0.449074 0.437500 0.450000 0.436458 0.451852 0.433854 0.451852 0.432812 0.450000 0.432292 0.450000 0.421875 0.431481 0.421354 0.431481 0.413542 0.417593 0.413021 0.417593 0.409375 0.411111 0.408854 0.411111 0.406250 0.406481 0.405729 0.406481 0.404167 0.403704 0.403646 0.403704 0.403125 0.402778 0.402604 0.402778 0.401562 0.400926 0.400521 0.400926 0.400000 0.400000
0 0.522396 0.437963 0.090625 0.087037 0.481771 0.394444 0.481250 0.395370 0.480729 0.395370 0.480208 0.396296 0.479687 0.396296 0.478646 0.398148 0.478125 0.398148 0.477083 0.400000 0.478125 0.401852 0.478646 0.401852 0.479687 0.403704 0.480208 0.403704 0.481771 0.406481 0.482292 0.406481 0.483854 0.409259 0.484375 0.409259 0.485938 0.412037 0.486458 0.412037 0.514062 0.461111 0.514583 0.461111 0.516667 0.464815 0.517188 0.464815 0.518750 0.467593 0.519271 0.467593 0.521354 0.471296 0.521875 0.471296 0.523438 0.474074 0.523958 0.474074 0.526042 0.477778 0.526563 0.477778 0.528125 0.480556 0.528646 0.480556 0.529167 0.481481 0.530208 0.481481 0.530729 0.480556 0.531250 0.480556 0.557813 0.433333 0.557813 0.432407 0.567187 0.415741 0.567187 0.414815 0.567708 0.413889 0.567708 0.410185 0.566667 0.408333 0.566146 0.408333 0.565625 0.407407 0.565104 0.407407 0.564583 0.406481 0.564063 0.406481 0.561979 0.410185 0.561458 0.410185 0.541146 0.446296 0.539583 0.446296 0.538542 0.444444 0.538021 0.444444 0.536979 0.442593 0.534896 0.446296 0.534375 0.446296 0.533333 0.448148 0.531250 0.448148 0.530208 0.446296 0.529687 0.446296 0.528646 0.444444 0.528125 0.444444 0.527083 0.442593 0.526563 0.442593 0.525521 0.440741 0.525000 0.440741 0.523438 0.437963 0.522917 0.437963 0.521875 0.436111 0.521354 0.436111 0.520312 0.434259 0.519792 0.434259 0.518750 0.432407 0.521875 0.437963 0.521875 0.438889 0.522396 0.439815 0.522396 0.442593 0.520833 0.445370 0.518229 0.445370 0.517188 0.443519 0.516667 0.443519 0.515104 0.440741 0.514583 0.440741 0.513542 0.438889 0.513021 0.438889 0.511458 0.436111 0.510938 0.436111 0.509896 0.434259 0.509375 0.434259 0.500000 0.417593 0.499479 0.417593 0.496354 0.412037 0.495833 0.412037 0.494271 0.409259 0.493750 0.409259 0.492708 0.407407 0.492188 0.407407 0.491146 0.405556 0.490625 0.405556 0.489063 0.402778 0.488542 0.402778 0.487500 0.400926 0.486979 0.400926 0.485938 0.399074 0.485417 0.399074 0.483854 0.396296 0.483333 0.396296 0.482292 0.394444
0 0.611719 0.436574 0.088021 0.080556 0.570312 0.396296 0.568229 0.400000 0.567708 0.400000 0.568229 0.400926 0.568750 0.400926 0.569271 0.401852 0.569792 0.401852 0.570312 0.402778 0.570833 0.402778 0.571354 0.403704 0.571875 0.403704 0.572396 0.404630 0.572917 0.404630 0.573438 0.405556 0.573958 0.405556 0.574479 0.406481 0.575521 0.406481 0.576042 0.407407 0.576562 0.407407 0.577083 0.408333 0.577604 0.408333 0.578646 0.410185 0.579167 0.410185 0.587500 0.425000 0.587500 0.425926 0.602604 0.452778 0.602604 0.453704 0.611979 0.470370 0.611979 0.471296 0.612500 0.472222 0.613021 0.472222 0.613542 0.473148 0.614062 0.473148 0.614583 0.474074 0.615104 0.474074 0.616146 0.475926 0.616667 0.475926 0.617188 0.476852 0.619271 0.476852 0.620313 0.475000 0.620833 0.475000 0.629167 0.460185 0.629167 0.459259 0.652604 0.417593 0.652604 0.416667 0.655208 0.412037 0.655208 0.411111 0.655729 0.410185 0.655729 0.408333 0.655208 0.407407 0.655208 0.406481 0.654687 0.405556 0.654167 0.405556 0.653646 0.404630 0.652604 0.404630 0.652083 0.403704 0.651042 0.403704 0.650521 0.402778 0.649479 0.402778 0.648958 0.401852 0.648438 0.401852 0.647396 0.403704 0.646875 0.403704 0.641146 0.413889 0.640625 0.413889 0.620833 0.449074 0.619792 0.449074 0.619271 0.448148 0.618750 0.448148 0.618229 0.447222 0.617708 0.447222 0.617188 0.446296 0.616667 0.446296 0.616146 0.445370 0.615625 0.445370 0.615104 0.444444 0.614583 0.444444 0.614062 0.443519 0.613542 0.443519 0.613021 0.442593 0.612500 0.442593 0.611979 0.441667 0.611458 0.442593 0.608854 0.442593 0.608333 0.441667 0.607812 0.441667 0.607292 0.440741 0.606771 0.440741 0.606250 0.439815 0.605729 0.439815 0.605208 0.438889 0.604688 0.438889 0.604167 0.437963 0.603646 0.437963 0.603125 0.437037 0.602604 0.437037 0.586458 0.408333 0.585938 0.408333 0.585417 0.407407 0.584375 0.407407 0.583854 0.406481 0.583333 0.406481 0.582812 0.405556 0.582292 0.405556 0.581771 0.404630 0.581250 0.404630 0.580729 0.403704 0.580208 0.403704 0.579688 0.402778 0.578646 0.402778 0.578125 0.401852 0.577604 0.401852 0.577083 0.400926 0.576562 0.400926 0.576042 0.400000 0.575521 0.400000 0.575000 0.399074 0.574479 0.399074 0.573958 0.398148 0.573438 0.398148 0.572917 0.397222 0.571875 0.397222 0.571354 0.396296
0 0.700781 0.439815 0.079687 0.112963 0.661458 0.383333 0.660937 0.384259 0.665625 0.392593 0.665625 0.393519 0.672396 0.405556 0.672396 0.406481 0.679167 0.418519 0.679167 0.419444 0.685417 0.430556 0.685417 0.431481 0.688542 0.437037 0.688542 0.437963 0.689063 0.438889 0.689063 0.439815 0.689583 0.440741 0.689063 0.441667 0.689063 0.442593 0.687500 0.445370 0.685937 0.445370 0.685417 0.444444 0.684375 0.444444 0.683854 0.443519 0.683333 0.443519 0.682813 0.442593 0.681771 0.442593 0.681250 0.441667 0.681250 0.440741 0.675521 0.430556 0.675000 0.430556 0.674479 0.429630 0.673958 0.429630 0.673438 0.428704 0.672396 0.428704 0.671875 0.427778 0.671354 0.427778 0.670833 0.426852 0.669792 0.426852 0.669271 0.425926 0.668229 0.425926 0.667708 0.425000 0.667188 0.425000 0.666667 0.424074 0.665625 0.424074 0.665104 0.423148 0.664583 0.423148 0.664062 0.422222 0.663542 0.422222 0.670833 0.435185 0.670833 0.436111 0.678125 0.449074 0.678125 0.450000 0.685937 0.463889 0.685937 0.464815 0.691146 0.474074 0.691146 0.475000 0.692187 0.476852 0.692187 0.480556 0.690625 0.483333 0.688542 0.483333 0.688021 0.482407 0.687500 0.482407 0.686979 0.481481 0.686458 0.481481 0.685937 0.480556 0.685417 0.480556 0.684896 0.479630 0.683854 0.479630 0.683333 0.478704 0.682813 0.478704 0.682292 0.477778 0.681771 0.477778 0.681250 0.476852 0.680729 0.476852 0.680208 0.475926 0.679688 0.475926 0.680729 0.477778 0.681250 0.477778 0.681771 0.478704 0.682813 0.478704 0.683333 0.479630 0.683854 0.479630 0.684375 0.480556 0.684896 0.480556 0.685417 0.481481 0.685937 0.481481 0.686458 0.482407 0.687500 0.482407 0.688021 0.483333 0.688542 0.483333 0.689063 0.484259 0.689583 0.484259 0.690104 0.485185 0.690625 0.485185 0.691146 0.486111 0.691667 0.486111 0.692187 0.487037 0.693229 0.487037 0.693750 0.487963 0.694271 0.487963 0.694792 0.488889 0.695312 0.488889 0.695833 0.489815 0.696354 0.489815 0.696875 0.490741 0.697917 0.490741 0.698438 0.491667 0.698958 0.491667 0.699479 0.492593 0.700000 0.492593 0.700521 0.493519 0.701042 0.493519 0.701562 0.494444 0.702604 0.494444 0.703125 0.495370 0.703646 0.495370 0.704167 0.496296 0.705208 0.496296 0.706771 0.493519 0.707292 0.493519 0.713542 0.482407 0.713542 0.481481 0.737500 0.438889 0.737500 0.437963 0.740625 0.432407 0.740625 0.428704 0.740104 0.427778 0.740104 0.426852 0.739583 0.426852 0.739062 0.425926 0.738021 0.425926 0.737500 0.425000 0.736458 0.425000 0.735938 0.424074 0.734375 0.424074 0.733854 0.423148 0.732812 0.423148 0.732292 0.422222 0.731250 0.422222 0.730729 0.421296 0.729688 0.421296 0.729167 0.420370 0.728125 0.420370 0.727604 0.419444 0.726562 0.419444 0.726042 0.418519 0.724479 0.418519 0.723958 0.417593 0.722917 0.417593 0.722396 0.416667 0.721354 0.416667 0.720833 0.415741 0.719792 0.415741 0.719271 0.414815 0.718229 0.414815 0.717708 0.413889 0.716146 0.413889 0.715625 0.412963 0.714583 0.412963 0.714063 0.412037 0.713021 0.412037 0.712500 0.411111 0.711458 0.411111 0.710938 0.410185 0.709896 0.410185 0.709375 0.409259 0.707812 0.409259 0.707292 0.408333 0.706250 0.408333 0.705729 0.407407 0.704688 0.407407 0.704167 0.406481 0.703125 0.406481 0.702604 0.405556 0.701562 0.405556 0.701042 0.404630 0.699479 0.404630 0.698958 0.403704 0.697917 0.403704 0.697396 0.402778 0.696354 0.402778 0.695833 0.401852 0.694792 0.401852 0.694271 0.400926 0.693229 0.400926 0.692708 0.400000 0.691667 0.400000 0.691146 0.399074 0.689583 0.399074 0.689063 0.398148 0.688021 0.398148 0.687500 0.397222 0.686458 0.397222 0.685937 0.396296 0.684896 0.396296 0.684375 0.395370 0.683333 0.395370 0.682813 0.394444 0.681250 0.394444 0.680729 0.393519 0.679688 0.393519 0.679167 0.392593 0.678125 0.392593 0.677604 0.391667 0.676562 0.391667 0.676042 0.390741 0.675000 0.390741 0.674479 0.389815 0.672917 0.389815 0.672396 0.388889 0.671354 0.388889 0.670833 0.387963 0.669792 0.387963 0.669271 0.387037 0.668229 0.387037 0.667708 0.386111 0.666667 0.386111 0.666146 0.385185 0.665104 0.385185 0.664583 0.384259 0.663021 0.384259 0.662500 0.383333
0 0.312240 0.399537 0.080729 0.112037 0.313542 0.343519 0.313021 0.344444 0.312500 0.344444 0.294792 0.375926 0.294792 0.376852 0.294271 0.377778 0.294271 0.379630 0.293750 0.380556 0.293750 0.383333 0.293229 0.384259 0.293229 0.387037 0.292708 0.387963 0.292708 0.389815 0.292187 0.390741 0.292187 0.393519 0.291667 0.394444 0.291667 0.396296 0.291146 0.397222 0.291146 0.400000 0.290625 0.400926 0.290625 0.402778 0.290104 0.403704 0.290104 0.406481 0.289583 0.407407 0.289583 0.409259 0.289062 0.410185 0.289062 0.412963 0.288542 0.413889 0.288542 0.415741 0.286458 0.419444 0.286458 0.420370 0.273438 0.443519 0.273438 0.444444 0.272917 0.445370 0.272917 0.447222 0.272396 0.448148 0.272396 0.449074 0.271875 0.450000 0.271875 0.451852 0.272396 0.452778 0.272396 0.453704 0.273438 0.455556 0.275521 0.455556 0.278125 0.450926 0.278646 0.450926 0.279687 0.449074 0.279687 0.448148 0.293750 0.423148 0.294271 0.423148 0.301563 0.410185 0.302083 0.410185 0.304688 0.405556 0.305208 0.405556 0.306250 0.403704 0.306771 0.403704 0.307812 0.401852 0.308333 0.401852 0.308854 0.400926 0.309375 0.400926 0.309896 0.400000 0.314063 0.400000 0.314583 0.400926 0.315104 0.400926 0.315625 0.401852 0.316146 0.401852 0.316667 0.402778 0.317188 0.402778 0.318229 0.404630 0.318750 0.404630 0.320312 0.407407 0.320833 0.407407 0.322917 0.411111 0.323437 0.411111 0.326042 0.415741 0.326562 0.415741 0.330729 0.423148 0.331250 0.423148 0.336979 0.433333 0.337500 0.433333 0.344792 0.446296 0.345313 0.446296 0.347917 0.450926 0.348438 0.450926 0.348958 0.451852 0.349479 0.451852 0.350000 0.452778 0.350521 0.452778 0.351042 0.451852 0.351562 0.451852 0.352604 0.450000 0.352604 0.447222 0.352083 0.446296 0.352083 0.442593 0.351562 0.441667 0.351562 0.440741 0.350521 0.438889 0.350000 0.438889 0.342187 0.425000 0.341667 0.425000 0.333333 0.410185 0.332813 0.410185 0.324479 0.395370 0.323958 0.395370 0.315104 0.379630 0.315104 0.378704 0.314583 0.377778 0.314583 0.371296 0.315104 0.370370 0.315104 0.362963 0.315625 0.362037 0.315625 0.354630 0.316146 0.353704 0.316146 0.345370 0.315625 0.345370 0.314583 0.343519
0 0.397917 0.399537 0.079167 0.110185 0.384375 0.344444 0.384375 0.345370 0.385937 0.348148 0.385937 0.349074 0.386979 0.350926 0.386979 0.351852 0.388542 0.354630 0.388542 0.355556 0.389583 0.357407 0.389583 0.358333 0.391146 0.361111 0.391146 0.362037 0.392188 0.363889 0.392188 0.364815 0.393750 0.367593 0.393750 0.368519 0.394792 0.370370 0.394792 0.371296 0.395833 0.373148 0.395833 0.376852 0.395313 0.377778 0.395313 0.378704 0.380208 0.405556 0.380208 0.406481 0.358333 0.445370 0.358854 0.446296 0.358854 0.449074 0.359375 0.450000 0.359375 0.451852 0.360417 0.453704 0.360938 0.453704 0.361458 0.454630 0.361979 0.454630 0.362500 0.453704 0.363021 0.453704 0.383333 0.417593 0.383854 0.417593 0.389062 0.408333 0.389583 0.408333 0.391667 0.404630 0.392188 0.404630 0.393750 0.401852 0.394271 0.401852 0.394792 0.400926 0.395313 0.400926 0.395833 0.400000 0.396354 0.400000 0.396875 0.399074 0.400000 0.399074 0.400521 0.400000 0.401562 0.400000 0.402604 0.401852 0.403125 0.401852 0.403646 0.402778 0.404167 0.402778 0.405729 0.405556 0.406250 0.405556 0.408854 0.410185 0.409375 0.410185 0.413021 0.416667 0.413542 0.416667 0.421354 0.430556 0.421875 0.430556 0.432292 0.449074 0.432812 0.449074 0.433854 0.450926 0.436458 0.450926 0.436979 0.450000 0.436979 0.449074 0.437500 0.448148 0.437500 0.446296 0.436458 0.444444 0.436458 0.443519 0.434375 0.439815 0.434375 0.438889 0.432292 0.435185 0.432292 0.434259 0.429688 0.429630 0.429688 0.428704 0.427604 0.425000 0.427604 0.424074 0.425521 0.420370 0.425521 0.419444 0.419792 0.409259 0.419271 0.409259 0.399479 0.374074 0.399479 0.373148 0.397917 0.370370 0.397917 0.369444 0.396354 0.366667 0.396354 0.365741 0.394271 0.362037 0.394271 0.361111 0.392708 0.358333 0.392708 0.357407 0.392188 0.357407 0.385417 0.345370 0.384896 0.345370
0 0.482031 0.393981 0.079687 0.108333 0.453125 0.339815 0.453646 0.340741 0.454167 0.340741 0.454688 0.341667 0.455208 0.341667 0.456250 0.343519 0.456771 0.343519 0.457813 0.345370 0.458333 0.345370 0.458854 0.346296 0.459375 0.346296 0.460417 0.348148 0.460938 0.348148 0.461458 0.349074 0.461979 0.349074 0.463021 0.350926 0.463542 0.350926 0.464583 0.352778 0.465104 0.352778 0.465625 0.353704 0.466146 0.353704 0.467187 0.355556 0.467708 0.355556 0.468229 0.356481 0.468750 0.356481 0.469792 0.358333 0.470313 0.358333 0.471354 0.360185 0.471875 0.360185 0.472396 0.361111 0.472917 0.361111 0.473958 0.362963 0.474479 0.362963 0.475000 0.363889 0.475521 0.363889 0.476562 0.365741 0.477083 0.365741 0.478125 0.367593 0.478125 0.368519 0.478646 0.369444 0.478646 0.371296 0.478125 0.372222 0.478125 0.373148 0.476042 0.376852 0.476042 0.377778 0.452604 0.419444 0.452604 0.420370 0.442188 0.438889 0.442708 0.439815 0.442708 0.440741 0.446875 0.448148 0.448437 0.448148 0.469792 0.410185 0.470313 0.410185 0.475000 0.401852 0.475521 0.401852 0.478125 0.397222 0.478646 0.397222 0.479687 0.395370 0.480208 0.395370 0.480729 0.394444 0.481250 0.394444 0.481771 0.393519 0.482292 0.393519 0.483333 0.395370 0.483854 0.395370 0.485417 0.398148 0.485938 0.398148 0.486979 0.400000 0.487500 0.400000 0.488542 0.401852 0.489063 0.401852 0.490625 0.404630 0.491146 0.404630 0.492188 0.406481 0.492708 0.406481 0.493750 0.408333 0.494271 0.408333 0.495833 0.411111 0.496354 0.411111 0.499479 0.416667 0.500000 0.416667 0.509375 0.433333 0.509896 0.433333 0.510938 0.435185 0.511458 0.435185 0.513021 0.437963 0.513542 0.437963 0.514583 0.439815 0.515104 0.439815 0.516667 0.442593 0.517188 0.442593 0.518229 0.444444 0.520833 0.444444 0.521875 0.442593 0.521875 0.439815 0.521354 0.438889 0.521354 0.437963 0.491667 0.385185 0.491667 0.384259 0.490104 0.381481 0.489583 0.381481 0.485417 0.374074 0.484896 0.374074 0.483854 0.372222 0.483333 0.372222 0.482812 0.371296 0.482292 0.371296 0.481250 0.369444 0.480729 0.369444 0.480208 0.368519 0.479687 0.368519 0.478646 0.366667 0.478125 0.366667 0.477083 0.364815 0.476562 0.364815 0.476042 0.363889 0.475521 0.363889 0.474479 0.362037 0.473958 0.362037 0.473438 0.361111 0.472917 0.361111 0.471875 0.359259 0.471354 0.359259 0.470833 0.358333 0.470313 0.358333 0.469271 0.356481 0.468750 0.356481 0.468229 0.355556 0.467708 0.355556 0.466667 0.353704 0.466146 0.353704 0.465104 0.351852 0.464583 0.351852 0.464062 0.350926 0.463542 0.350926 0.462500 0.349074 0.461979 0.349074 0.461458 0.348148 0.460938 0.348148 0.459896 0.346296 0.459375 0.346296 0.458854 0.345370 0.458333 0.345370 0.457292 0.343519 0.456771 0.343519 0.455729 0.341667 0.455208 0.341667 0.454688 0.340741 0.454167 0.340741 0.453646 0.339815
0 0.569010 0.391204 0.086979 0.108333 0.527604 0.337037 0.527083 0.337963 0.526563 0.337963 0.525521 0.339815 0.525521 0.340741 0.526042 0.340741 0.526563 0.341667 0.527604 0.341667 0.528125 0.342593 0.528646 0.342593 0.529167 0.343519 0.530208 0.343519 0.530729 0.344444 0.531250 0.344444 0.531771 0.345370 0.532813 0.345370 0.533333 0.346296 0.533854 0.346296 0.534375 0.347222 0.535417 0.347222 0.535937 0.348148 0.536458 0.348148 0.536979 0.349074 0.538021 0.349074 0.538542 0.350000 0.539062 0.350000 0.539583 0.350926 0.540625 0.350926 0.541146 0.351852 0.541667 0.351852 0.542188 0.352778 0.543229 0.352778 0.543750 0.353704 0.544271 0.353704 0.544792 0.354630 0.545312 0.354630 0.545833 0.355556 0.546875 0.355556 0.547396 0.356481 0.547917 0.356481 0.548438 0.357407 0.549479 0.357407 0.550000 0.358333 0.550521 0.358333 0.551042 0.359259 0.552083 0.359259 0.552604 0.360185 0.553125 0.360185 0.553646 0.361111 0.554688 0.361111 0.555208 0.362037 0.555729 0.362037 0.556250 0.362963 0.557292 0.362963 0.557813 0.363889 0.558333 0.363889 0.558854 0.364815 0.559896 0.364815 0.560417 0.365741 0.560937 0.365741 0.561458 0.366667 0.562500 0.366667 0.563021 0.367593 0.563542 0.367593 0.564063 0.368519 0.565104 0.368519 0.565625 0.369444 0.566146 0.369444 0.566667 0.370370 0.567708 0.370370 0.568229 0.371296 0.568750 0.371296 0.569271 0.372222 0.569792 0.372222 0.571354 0.375000 0.571354 0.375926 0.571875 0.376852 0.571354 0.377778 0.571354 0.379630 0.567708 0.386111 0.567708 0.387037 0.543750 0.429630 0.543750 0.430556 0.537500 0.441667 0.537500 0.442593 0.538021 0.443519 0.538542 0.443519 0.539583 0.445370 0.541146 0.445370 0.561458 0.409259 0.561979 0.409259 0.567708 0.399074 0.568229 0.399074 0.570312 0.395370 0.571354 0.395370 0.571875 0.396296 0.572917 0.396296 0.573438 0.397222 0.573958 0.397222 0.574479 0.398148 0.575000 0.398148 0.575521 0.399074 0.576042 0.399074 0.576562 0.400000 0.577083 0.400000 0.577604 0.400926 0.578125 0.400926 0.578646 0.401852 0.579688 0.401852 0.580208 0.402778 0.580729 0.402778 0.581250 0.403704 0.581771 0.403704 0.582292 0.404630 0.582812 0.404630 0.583333 0.405556 0.583854 0.405556 0.584375 0.406481 0.585417 0.406481 0.585938 0.407407 0.586458 0.407407 0.602604 0.436111 0.603125 0.436111 0.603646 0.437037 0.604167 0.437037 0.604688 0.437963 0.605208 0.437963 0.605729 0.438889 0.606250 0.438889 0.606771 0.439815 0.607292 0.439815 0.607812 0.440741 0.608333 0.440741 0.608854 0.441667 0.611458 0.441667 0.611979 0.440741 0.611979 0.439815 0.612500 0.438889 0.612500 0.437037 0.611979 0.436111 0.611979 0.435185 0.607812 0.427778 0.607812 0.426852 0.596354 0.406481 0.596354 0.405556 0.583854 0.383333 0.583854 0.382407 0.578646 0.373148 0.578125 0.373148 0.577083 0.371296 0.576042 0.371296 0.575521 0.370370 0.574479 0.370370 0.573958 0.369444 0.573438 0.369444 0.572917 0.368519 0.571875 0.368519 0.571354 0.367593 0.570833 0.367593 0.570312 0.366667 0.569271 0.366667 0.568750 0.365741 0.568229 0.365741 0.567708 0.364815 0.566667 0.364815 0.566146 0.363889 0.565625 0.363889 0.565104 0.362963 0.564063 0.362963 0.563542 0.362037 0.563021 0.362037 0.562500 0.361111 0.561458 0.361111 0.560937 0.360185 0.559896 0.360185 0.559375 0.359259 0.558854 0.359259 0.558333 0.358333 0.557292 0.358333 0.556771 0.357407 0.556250 0.357407 0.555729 0.356481 0.554688 0.356481 0.554167 0.355556 0.553646 0.355556 0.553125 0.354630 0.552083 0.354630 0.551562 0.353704 0.551042 0.353704 0.550521 0.352778 0.549479 0.352778 0.548958 0.351852 0.547917 0.351852 0.547396 0.350926 0.546875 0.350926 0.546354 0.350000 0.545312 0.350000 0.544792 0.349074 0.544271 0.349074 0.543750 0.348148 0.542708 0.348148 0.542188 0.347222 0.541667 0.347222 0.541146 0.346296 0.540104 0.346296 0.539583 0.345370 0.539062 0.345370 0.538542 0.344444 0.537500 0.344444 0.536979 0.343519 0.535937 0.343519 0.535417 0.342593 0.534896 0.342593 0.534375 0.341667 0.533333 0.341667 0.532813 0.340741 0.532292 0.340741 0.531771 0.339815 0.530729 0.339815 0.530208 0.338889 0.529687 0.338889 0.529167 0.337963 0.528125 0.337963
0 0.650781 0.412037 0.076563 0.072222 0.655208 0.375926 0.654167 0.377778 0.654167 0.378704 0.632812 0.416667 0.632812 0.417593 0.620313 0.439815 0.619792 0.439815 0.618750 0.441667 0.617708 0.441667 0.617188 0.440741 0.616667 0.440741 0.616146 0.439815 0.615625 0.439815 0.615104 0.438889 0.614583 0.438889 0.614062 0.437963 0.613542 0.437963 0.613021 0.437037 0.613021 0.438889 0.612500 0.439815 0.612500 0.441667 0.613021 0.441667 0.613542 0.442593 0.614062 0.442593 0.614583 0.443519 0.615104 0.443519 0.615625 0.444444 0.616146 0.444444 0.616667 0.445370 0.617188 0.445370 0.617708 0.446296 0.618229 0.446296 0.618750 0.447222 0.619271 0.447222 0.619792 0.448148 0.620833 0.448148 0.640625 0.412963 0.641146 0.412963 0.646875 0.402778 0.647396 0.402778 0.648438 0.400926 0.648958 0.400926 0.649479 0.401852 0.650521 0.401852 0.651042 0.402778 0.652083 0.402778 0.652604 0.403704 0.653646 0.403704 0.654167 0.404630 0.654687 0.404630 0.655729 0.406481 0.655729 0.407407 0.656250 0.408333 0.656250 0.410185 0.655729 0.411111 0.655729 0.412037 0.656250 0.412037 0.656771 0.412963 0.657813 0.412963 0.658333 0.413889 0.658854 0.413889 0.659896 0.415741 0.660417 0.415741 0.663021 0.420370 0.663021 0.421296 0.664062 0.421296 0.664583 0.422222 0.665104 0.422222 0.665625 0.423148 0.666667 0.423148 0.667188 0.424074 0.667708 0.424074 0.668229 0.425000 0.669271 0.425000 0.669792 0.425926 0.670833 0.425926 0.671354 0.426852 0.671875 0.426852 0.672396 0.427778 0.673438 0.427778 0.673958 0.428704 0.674479 0.428704 0.675000 0.429630 0.675521 0.429630 0.681771 0.440741 0.681771 0.441667 0.682813 0.441667 0.683333 0.442593 0.683854 0.442593 0.684375 0.443519 0.685417 0.443519 0.685937 0.444444 0.687500 0.444444 0.688542 0.442593 0.688542 0.441667 0.689063 0.440741 0.688542 0.439815 0.688542 0.438889 0.688021 0.437963 0.688021 0.437037 0.684896 0.431481 0.684896 0.430556 0.678646 0.419444 0.678646 0.418519 0.671875 0.406481 0.671875 0.405556 0.665104 0.393519 0.665104 0.392593 0.656250 0.376852 0.655729 0.376852