0 0.272135 0.566204 0.082812 0.087963 0.230729 0.522222 0.230729 0.547222 0.231250 0.548148 0.231250 0.549074 0.232292 0.550926 0.232813 0.550926 0.235417 0.555556 0.235417 0.556481 0.235937 0.556481 0.240104 0.563889 0.240625 0.563889 0.243750 0.569444 0.244271 0.569444 0.247917 0.575926 0.248438 0.575926 0.252083 0.582407 0.252604 0.582407 0.256250 0.588889 0.256771 0.588889 0.260417 0.595370 0.260937 0.595370 0.264583 0.601852 0.265104 0.601852 0.268229 0.607407 0.268750 0.607407 0.270313 0.610185 0.276042 0.610185 0.276562 0.609259 0.277083 0.609259 0.293750 0.579630 0.293750 0.578704 0.308333 0.552778 0.308333 0.551852 0.312500 0.544444 0.312500 0.543519 0.313021 0.542593 0.313021 0.541667 0.313542 0.540741 0.313542 0.538889 0.313021 0.537963 0.313021 0.537037 0.312500 0.536111 0.312500 0.535185 0.311979 0.534259 0.311979 0.533333 0.311458 0.532407 0.311458 0.531481 0.310937 0.530556 0.310937 0.529630 0.310417 0.528704 0.310417 0.527778 0.309896 0.526852 0.309896 0.525926 0.309375 0.525000 0.307292 0.528704 0.306771 0.528704 0.304167 0.533333 0.303646 0.533333 0.297917 0.543519 0.297396 0.543519 0.277604 0.578704 0.275521 0.578704 0.273958 0.575926 0.273958 0.568519 0.273438 0.567593 0.273438 0.562963 0.267708 0.573148 0.267188 0.573148 0.266667 0.574074 0.264062 0.574074 0.262500 0.571296 0.261979 0.571296 0.258333 0.564815 0.257812 0.564815 0.253125 0.556481 0.252604 0.556481 0.247917 0.548148 0.247396 0.548148 0.242708 0.539815 0.242188 0.539815 0.238021 0.532407 0.237500 0.532407 0.232813 0.524074 0.232292 0.524074 0.231250 0.522222
0 0.264062 0.531019 0.083333 0.086111 0.304167 0.487963 0.301563 0.492593 0.301042 0.492593 0.279687 0.530556 0.279167 0.530556 0.277083 0.534259 0.276562 0.534259 0.276042 0.535185 0.275521 0.534259 0.275000 0.534259 0.272917 0.530556 0.272917 0.529630 0.263542 0.546296 0.263021 0.546296 0.261979 0.548148 0.259896 0.548148 0.259375 0.547222 0.258854 0.547222 0.256771 0.543519 0.256250 0.543519 0.252083 0.536111 0.251563 0.536111 0.246875 0.527778 0.246354 0.527778 0.241667 0.519444 0.241146 0.519444 0.236458 0.511111 0.235937 0.511111 0.231771 0.503704 0.231250 0.503704 0.226562 0.495370 0.226042 0.495370 0.225000 0.493519 0.224479 0.493519 0.224479 0.495370 0.223958 0.496296 0.223958 0.498148 0.223438 0.499074 0.223438 0.500926 0.222917 0.501852 0.222917 0.503704 0.222396 0.504630 0.222396 0.506481 0.223438 0.508333 0.223438 0.509259 0.226562 0.514815 0.227083 0.514815 0.231771 0.523148 0.232292 0.523148 0.236979 0.531481 0.237500 0.531481 0.241667 0.538889 0.242188 0.538889 0.246875 0.547222 0.247396 0.547222 0.252083 0.555556 0.252604 0.555556 0.257292 0.563889 0.257812 0.563889 0.261458 0.570370 0.261979 0.570370 0.263542 0.573148 0.264062 0.573148 0.264583 0.574074 0.266667 0.574074 0.267708 0.572222 0.268229 0.572222 0.292708 0.528704 0.292708 0.527778 0.305208 0.505556 0.305208 0.504630 0.305729 0.503704 0.305729 0.499074 0.305208 0.498148 0.305208 0.495370 0.304688 0.494444 0.304688 0.491667 0.304167 0.490741
0 0.259635 0.502315 0.084896 0.089815 0.299479 0.457407 0.278646 0.494444 0.278125 0.494444 0.276562 0.497222 0.276042 0.497222 0.275521 0.498148 0.275000 0.497222 0.274479 0.497222 0.272396 0.493519 0.272396 0.487037 0.256771 0.514815 0.256250 0.514815 0.255729 0.515741 0.254688 0.515741 0.254167 0.514815 0.253646 0.514815 0.253125 0.513889 0.252604 0.513889 0.249479 0.508333 0.248958 0.508333 0.244792 0.500926 0.244271 0.500926 0.239583 0.492593 0.239063 0.492593 0.234375 0.484259 0.233854 0.484259 0.229167 0.475926 0.228646 0.475926 0.224479 0.468519 0.223958 0.468519 0.220312 0.462037 0.220312 0.462963 0.219792 0.463889 0.219792 0.464815 0.219271 0.465741 0.219271 0.466667 0.218750 0.467593 0.218750 0.469444 0.218229 0.470370 0.218229 0.471296 0.217708 0.472222 0.217708 0.473148 0.217188 0.474074 0.217188 0.478704 0.217708 0.479630 0.217708 0.480556 0.220312 0.485185 0.220833 0.485185 0.226042 0.494444 0.226562 0.494444 0.231250 0.502778 0.231771 0.502778 0.235937 0.510185 0.236458 0.510185 0.241146 0.518519 0.241667 0.518519 0.246354 0.526852 0.246875 0.526852 0.251563 0.535185 0.252083 0.535185 0.256250 0.542593 0.256771 0.542593 0.258854 0.546296 0.259375 0.546296 0.259896 0.547222 0.261979 0.547222 0.263021 0.545370 0.263542 0.545370 0.290625 0.497222 0.290625 0.496296 0.301563 0.476852 0.301563 0.475926 0.302083 0.475000 0.302083 0.473148 0.301563 0.472222 0.301563 0.469444 0.301042 0.468519 0.301042 0.465741 0.300521 0.464815 0.300521 0.462037 0.300000 0.461111 0.300000 0.457407
0 0.253646 0.470833 0.084375 0.087963 0.293750 0.426852 0.277083 0.456481 0.276562 0.456481 0.275521 0.458333 0.274479 0.458333 0.273958 0.457407 0.273438 0.457407 0.272396 0.455556 0.272396 0.454630 0.271875 0.453704 0.271875 0.450000 0.250521 0.487963 0.250000 0.487963 0.249479 0.488889 0.248958 0.488889 0.248438 0.487963 0.247917 0.487963 0.247396 0.487037 0.246875 0.487037 0.245312 0.484259 0.244792 0.484259 0.241146 0.477778 0.240625 0.477778 0.236458 0.470370 0.235937 0.470370 0.231771 0.462963 0.231250 0.462963 0.227083 0.455556 0.226562 0.455556 0.222396 0.448148 0.221875 0.448148 0.217708 0.440741 0.217188 0.440741 0.214062 0.435185 0.213542 0.436111 0.213542 0.437037 0.213021 0.437963 0.213021 0.438889 0.211979 0.440741 0.211979 0.441667 0.211458 0.442593 0.211458 0.446296 0.218750 0.459259 0.219271 0.459259 0.223958 0.467593 0.224479 0.467593 0.228646 0.475000 0.229167 0.475000 0.233854 0.483333 0.234375 0.483333 0.239063 0.491667 0.239583 0.491667 0.244271 0.500000 0.244792 0.500000 0.248958 0.507407 0.249479 0.507407 0.252604 0.512963 0.253125 0.512963 0.253646 0.513889 0.254167 0.513889 0.254688 0.514815 0.255729 0.514815 0.256250 0.513889 0.256771 0.513889 0.290625 0.453704 0.290625 0.452778 0.295312 0.444444 0.295312 0.443519 0.295833 0.442593 0.295833 0.441667 0.295312 0.440741 0.295312 0.437037 0.294792 0.436111 0.294792 0.433333 0.294271 0.432407 0.294271 0.428704 0.293750 0.427778
0 0.247135 0.432407 0.084896 0.111111 0.283333 0.376852 0.263542 0.412037 0.263021 0.412037 0.259375 0.418519 0.258854 0.418519 0.257812 0.420370 0.257292 0.420370 0.256250 0.422222 0.255729 0.422222 0.255208 0.423148 0.251042 0.423148 0.250521 0.422222 0.250000 0.422222 0.249479 0.421296 0.248958 0.421296 0.247917 0.419444 0.247396 0.419444 0.245833 0.416667 0.245312 0.416667 0.243229 0.412963 0.242708 0.412963 0.240104 0.408333 0.239583 0.408333 0.236458 0.402778 0.235937 0.402778 0.231771 0.395370 0.231250 0.395370 0.226562 0.387037 0.226042 0.387037 0.222917 0.381481 0.222396 0.381481 0.221354 0.379630 0.219271 0.379630 0.217708 0.382407 0.217708 0.383333 0.216146 0.386111 0.216146 0.387037 0.214583 0.389815 0.214583 0.390741 0.213542 0.392593 0.213542 0.393519 0.211979 0.396296 0.211979 0.397222 0.210417 0.400000 0.210417 0.400926 0.209375 0.402778 0.209375 0.403704 0.207813 0.406481 0.207813 0.407407 0.206250 0.410185 0.206250 0.411111 0.205208 0.412963 0.205208 0.413889 0.204687 0.414815 0.204687 0.418519 0.205729 0.420370 0.205729 0.421296 0.207292 0.424074 0.207813 0.424074 0.212500 0.432407 0.213021 0.432407 0.217188 0.439815 0.217708 0.439815 0.221875 0.447222 0.222396 0.447222 0.226562 0.454630 0.227083 0.454630 0.231250 0.462037 0.231771 0.462037 0.235937 0.469444 0.236458 0.469444 0.240625 0.476852 0.241146 0.476852 0.244792 0.483333 0.245312 0.483333 0.246875 0.486111 0.247396 0.486111 0.247917 0.487037 0.248438 0.487037 0.248958 0.487963 0.249479 0.487963 0.250000 0.487037 0.250521 0.487037 0.273958 0.445370 0.273958 0.444444 0.288021 0.419444 0.288021 0.418519 0.289583 0.415741 0.289583 0.409259 0.289062 0.408333 0.289062 0.404630 0.288542 0.403704 0.288542 0.400000 0.288021 0.399074 0.288021 0.395370 0.287500 0.394444 0.287500 0.390741 0.286979 0.389815 0.286979 0.386111 0.286458 0.385185 0.286458 0.381481 0.285938 0.380556 0.285938 0.378704 0.285417 0.377778 0.284896 0.377778 0.284375 0.376852
0 0.352344 0.396759 0.088021 0.099074 0.370833 0.347222 0.370312 0.348148 0.369792 0.348148 0.352604 0.378704 0.352083 0.378704 0.347917 0.386111 0.347396 0.386111 0.345833 0.388889 0.345313 0.388889 0.344271 0.390741 0.343750 0.390741 0.343229 0.391667 0.342187 0.391667 0.341667 0.392593 0.340104 0.392593 0.339583 0.391667 0.338542 0.391667 0.337500 0.389815 0.336979 0.389815 0.336458 0.388889 0.335938 0.388889 0.333854 0.385185 0.333333 0.385185 0.330729 0.380556 0.330208 0.380556 0.325521 0.372222 0.325000 0.372222 0.315625 0.355556 0.315104 0.355556 0.311979 0.350000 0.311458 0.350000 0.310937 0.349074 0.308854 0.349074 0.308333 0.350000 0.308333 0.352778 0.308854 0.353704 0.308854 0.354630 0.309375 0.355556 0.309375 0.356481 0.309896 0.357407 0.309896 0.358333 0.310417 0.359259 0.310417 0.360185 0.311458 0.362037 0.311458 0.362963 0.311979 0.363889 0.311979 0.364815 0.312500 0.365741 0.312500 0.366667 0.313021 0.367593 0.313021 0.368519 0.314063 0.370370 0.314063 0.371296 0.314583 0.372222 0.314583 0.373148 0.315104 0.374074 0.315104 0.375000 0.316146 0.376852 0.316146 0.377778 0.316667 0.378704 0.316667 0.379630 0.328646 0.400926 0.329167 0.400926 0.339583 0.419444 0.340104 0.419444 0.350000 0.437037 0.350521 0.437037 0.355208 0.445370 0.355729 0.445370 0.356250 0.446296 0.358333 0.446296 0.359375 0.444444 0.359896 0.444444 0.371354 0.424074 0.371354 0.423148 0.394271 0.382407 0.394271 0.381481 0.396354 0.377778 0.396354 0.374074 0.394792 0.371296 0.394271 0.371296 0.393750 0.370370 0.393229 0.370370 0.392188 0.368519 0.391667 0.368519 0.391146 0.367593 0.390625 0.367593 0.390104 0.366667 0.389583 0.366667 0.388542 0.364815 0.388021 0.364815 0.387500 0.363889 0.386979 0.363889 0.386458 0.362963 0.385937 0.362963 0.384896 0.361111 0.384375 0.361111 0.383854 0.360185 0.383333 0.360185 0.382812 0.359259 0.382292 0.359259 0.381250 0.357407 0.380729 0.357407 0.380208 0.356481 0.379688 0.356481 0.379167 0.355556 0.378646 0.355556 0.377604 0.353704 0.377083 0.353704 0.376563 0.352778 0.376042 0.352778 0.375521 0.351852 0.375000 0.351852 0.373958 0.350000 0.373437 0.350000 0.372917 0.349074 0.372396 0.349074 0.371875 0.348148 0.371354 0.348148
0 0.427344 0.392593 0.101562 0.096296 0.436458 0.344444 0.418750 0.375926 0.418229 0.375926 0.414062 0.383333 0.413021 0.383333 0.406250 0.371296 0.405729 0.371296 0.404687 0.369444 0.404167 0.369444 0.403646 0.368519 0.403125 0.368519 0.402604 0.367593 0.402083 0.367593 0.401562 0.366667 0.401042 0.366667 0.400521 0.365741 0.400000 0.365741 0.399479 0.364815 0.398958 0.364815 0.397917 0.362963 0.397396 0.362963 0.396875 0.362037 0.396354 0.362037 0.395833 0.361111 0.395313 0.361111 0.394792 0.360185 0.394271 0.360185 0.393750 0.359259 0.393229 0.359259 0.392708 0.358333 0.392188 0.358333 0.391667 0.357407 0.391146 0.357407 0.390625 0.356481 0.390104 0.356481 0.389583 0.355556 0.389062 0.355556 0.388542 0.354630 0.388021 0.354630 0.387500 0.353704 0.386979 0.353704 0.386458 0.352778 0.385937 0.352778 0.385417 0.351852 0.384896 0.351852 0.384375 0.350926 0.383854 0.350926 0.382812 0.349074 0.382292 0.349074 0.381771 0.348148 0.381250 0.348148 0.380729 0.347222 0.380208 0.347222 0.379688 0.346296 0.379167 0.346296 0.378646 0.345370 0.377604 0.345370 0.376563 0.347222 0.376563 0.350000 0.377083 0.350926 0.377083 0.351852 0.378646 0.354630 0.379167 0.354630 0.379688 0.355556 0.380208 0.355556 0.380729 0.356481 0.381250 0.356481 0.382292 0.358333 0.382812 0.358333 0.383333 0.359259 0.383854 0.359259 0.384375 0.360185 0.384896 0.360185 0.385937 0.362037 0.386458 0.362037 0.386979 0.362963 0.387500 0.362963 0.388021 0.363889 0.388542 0.363889 0.389583 0.365741 0.390104 0.365741 0.390625 0.366667 0.391146 0.366667 0.391667 0.367593 0.392188 0.367593 0.393229 0.369444 0.393750 0.369444 0.394271 0.370370 0.394792 0.370370 0.396875 0.374074 0.396875 0.376852 0.397396 0.377778 0.397917 0.377778 0.398438 0.378704 0.398958 0.378704 0.399479 0.379630 0.400000 0.379630 0.402083 0.383333 0.402604 0.383333 0.427604 0.427778 0.428125 0.427778 0.429167 0.429630 0.429688 0.429630 0.430208 0.430556 0.430729 0.430556 0.431771 0.432407 0.432292 0.432407 0.433333 0.434259 0.433854 0.434259 0.434896 0.436111 0.435417 0.436111 0.436458 0.437963 0.436979 0.437963 0.438021 0.439815 0.438542 0.439815 0.439063 0.440741 0.441146 0.440741 0.459375 0.408333 0.459375 0.407407 0.475000 0.379630 0.475000 0.378704 0.477604 0.374074 0.477604 0.373148 0.478125 0.372222 0.478125 0.370370 0.477604 0.369444 0.477604 0.368519 0.477083 0.367593 0.476562 0.367593 0.476042 0.366667 0.475000 0.366667 0.474479 0.365741 0.473438 0.365741 0.472917 0.364815 0.471875 0.364815 0.471354 0.363889 0.470313 0.363889 0.469792 0.362963 0.468750 0.362963 0.468229 0.362037 0.467187 0.362037 0.466667 0.361111 0.465625 0.361111 0.465104 0.360185 0.464062 0.360185 0.463542 0.359259 0.462500 0.359259 0.461979 0.358333 0.460938 0.358333 0.460417 0.357407 0.459375 0.357407 0.458854 0.356481 0.457292 0.356481 0.456771 0.355556 0.455729 0.355556 0.455208 0.354630 0.454167 0.354630 0.453646 0.353704 0.452604 0.353704 0.452083 0.352778 0.451042 0.352778 0.450521 0.351852 0.449479 0.351852 0.448958 0.350926 0.447917 0.350926 0.447396 0.350000 0.446354 0.350000 0.445833 0.349074 0.444792 0.349074 0.444271 0.348148 0.443229 0.348148 0.442708 0.347222 0.441667 0.347222 0.441146 0.346296 0.440104 0.346296 0.439583 0.345370 0.438542 0.345370 0.438021 0.344444
0 0.510938 0.397685 0.118750 0.099074 0.510938 0.348148 0.510417 0.349074 0.509896 0.349074 0.503646 0.360185 0.503646 0.361111 0.496354 0.374074 0.495833 0.374074 0.495312 0.373148 0.494271 0.373148 0.493750 0.372222 0.492188 0.372222 0.491667 0.371296 0.490625 0.371296 0.490104 0.370370 0.489063 0.370370 0.488542 0.369444 0.487500 0.369444 0.486979 0.368519 0.485938 0.368519 0.485417 0.367593 0.484375 0.367593 0.483854 0.366667 0.482812 0.366667 0.482292 0.365741 0.481250 0.365741 0.480729 0.364815 0.479167 0.364815 0.478646 0.363889 0.477604 0.363889 0.477083 0.362963 0.476042 0.362963 0.475521 0.362037 0.474479 0.362037 0.473958 0.361111 0.472917 0.361111 0.472396 0.360185 0.471354 0.360185 0.470833 0.359259 0.469792 0.359259 0.469271 0.358333 0.468229 0.358333 0.467708 0.357407 0.466667 0.357407 0.466146 0.356481 0.464583 0.356481 0.464062 0.355556 0.463021 0.355556 0.462500 0.354630 0.461458 0.354630 0.460938 0.353704 0.459896 0.353704 0.459375 0.352778 0.458333 0.352778 0.457813 0.351852 0.456771 0.351852 0.456250 0.350926 0.455208 0.350926 0.454688 0.350000 0.452604 0.350000 0.451562 0.351852 0.452083 0.351852 0.452604 0.352778 0.453646 0.352778 0.454167 0.353704 0.455208 0.353704 0.455729 0.354630 0.456771 0.354630 0.457292 0.355556 0.458854 0.355556 0.459375 0.356481 0.460417 0.356481 0.460938 0.357407 0.461979 0.357407 0.462500 0.358333 0.463542 0.358333 0.464062 0.359259 0.465104 0.359259 0.465625 0.360185 0.466667 0.360185 0.467187 0.361111 0.468229 0.361111 0.468750 0.362037 0.469792 0.362037 0.470313 0.362963 0.471354 0.362963 0.471875 0.363889 0.472917 0.363889 0.473438 0.364815 0.474479 0.364815 0.475000 0.365741 0.476042 0.365741 0.476562 0.366667 0.477083 0.366667 0.478125 0.368519 0.478125 0.369444 0.479167 0.369444 0.479687 0.370370 0.480729 0.370370 0.481250 0.371296 0.482292 0.371296 0.482812 0.372222 0.483854 0.372222 0.484375 0.373148 0.485417 0.373148 0.511458 0.419444 0.511458 0.420370 0.521354 0.437963 0.521354 0.438889 0.522396 0.438889 0.522917 0.439815 0.523438 0.439815 0.523958 0.440741 0.524479 0.440741 0.525000 0.441667 0.525521 0.441667 0.526042 0.442593 0.527083 0.442593 0.527604 0.443519 0.528125 0.443519 0.528646 0.444444 0.529167 0.444444 0.529687 0.445370 0.530729 0.445370 0.531250 0.446296 0.531771 0.446296 0.532292 0.447222 0.532813 0.446296 0.533333 0.446296 0.533854 0.445370 0.534375 0.445370 0.543750 0.428704 0.543750 0.427778 0.556250 0.405556 0.556250 0.404630 0.567708 0.384259 0.567708 0.383333 0.569792 0.379630 0.569792 0.378704 0.570312 0.377778 0.570312 0.376852 0.569792 0.375926 0.569792 0.375000 0.568750 0.373148 0.568229 0.373148 0.567708 0.372222 0.566146 0.372222 0.565625 0.371296 0.564063 0.371296 0.563542 0.370370 0.561979 0.370370 0.561458 0.369444 0.559896 0.369444 0.559375 0.368519 0.557813 0.368519 0.557292 0.367593 0.555208 0.367593 0.554688 0.366667 0.553125 0.366667 0.552604 0.365741 0.551042 0.365741 0.550521 0.364815 0.548958 0.364815 0.548438 0.363889 0.546875 0.363889 0.546354 0.362963 0.544792 0.362963 0.544271 0.362037 0.542188 0.362037 0.541667 0.361111 0.540104 0.361111 0.539583 0.360185 0.538021 0.360185 0.537500 0.359259 0.535937 0.359259 0.535417 0.358333 0.533854 0.358333 0.533333 0.357407 0.531771 0.357407 0.531250 0.356481 0.529167 0.356481 0.528646 0.355556 0.527083 0.355556 0.526563 0.354630 0.525000 0.354630 0.524479 0.353704 0.522917 0.353704 0.522396 0.352778 0.520833 0.352778 0.520312 0.351852 0.518229 0.351852 0.517708 0.350926 0.516146 0.350926 0.515625 0.350000 0.514062 0.350000 0.513542 0.349074 0.511979 0.349074 0.511458 0.348148
0 0.586719 0.393519 0.128646 0.094444 0.578125 0.346296 0.571875 0.357407 0.571875 0.358333 0.568229 0.364815 0.565625 0.364815 0.565104 0.363889 0.563542 0.363889 0.563021 0.362963 0.561458 0.362963 0.560937 0.362037 0.558854 0.362037 0.558333 0.361111 0.556771 0.361111 0.556250 0.360185 0.554167 0.360185 0.553646 0.359259 0.552083 0.359259 0.551562 0.358333 0.550000 0.358333 0.549479 0.357407 0.547396 0.357407 0.546875 0.356481 0.545312 0.356481 0.544792 0.355556 0.543229 0.355556 0.542708 0.354630 0.540625 0.354630 0.540104 0.353704 0.538542 0.353704 0.538021 0.352778 0.536458 0.352778 0.535937 0.351852 0.533854 0.351852 0.533333 0.350926 0.531771 0.350926 0.531250 0.350000 0.529687 0.350000 0.529167 0.349074 0.527083 0.349074 0.526563 0.348148 0.525000 0.348148 0.524479 0.347222 0.523958 0.347222 0.523438 0.348148 0.522917 0.348148 0.522396 0.349074 0.523438 0.349074 0.523958 0.350000 0.525521 0.350000 0.526042 0.350926 0.528125 0.350926 0.528646 0.351852 0.530208 0.351852 0.530729 0.352778 0.532292 0.352778 0.532813 0.353704 0.534375 0.353704 0.534896 0.354630 0.536458 0.354630 0.536979 0.355556 0.539062 0.355556 0.539583 0.356481 0.541146 0.356481 0.541667 0.357407 0.543229 0.357407 0.543750 0.358333 0.545312 0.358333 0.545833 0.359259 0.547917 0.359259 0.548438 0.360185 0.550000 0.360185 0.550521 0.361111 0.552083 0.361111 0.552604 0.362037 0.554167 0.362037 0.554688 0.362963 0.556771 0.362963 0.557292 0.363889 0.558854 0.363889 0.559375 0.364815 0.560937 0.364815 0.561458 0.365741 0.563021 0.365741 0.563542 0.366667 0.565104 0.366667 0.565625 0.367593 0.567708 0.367593 0.568229 0.368519 0.569792 0.368519 0.570312 0.369444 0.571875 0.369444 0.572396 0.370370 0.573958 0.370370 0.574479 0.371296 0.575521 0.371296 0.576042 0.372222 0.576562 0.372222 0.583333 0.384259 0.583333 0.385185 0.591667 0.400000 0.591667 0.400926 0.600000 0.415741 0.600000 0.416667 0.607812 0.430556 0.607812 0.431481 0.609896 0.435185 0.609896 0.436111 0.610417 0.437037 0.610417 0.437963 0.610938 0.437963 0.611458 0.438889 0.612500 0.438889 0.613021 0.439815 0.614062 0.439815 0.614583 0.440741 0.615625 0.440741 0.616146 0.439815 0.616667 0.439815 0.624479 0.425926 0.624479 0.425000 0.635417 0.405556 0.635417 0.404630 0.646354 0.385185 0.646354 0.384259 0.650521 0.376852 0.650521 0.375926 0.651042 0.375000 0.651042 0.372222 0.650521 0.371296 0.650521 0.370370 0.650000 0.370370 0.649479 0.369444 0.648438 0.369444 0.647917 0.368519 0.645312 0.368519 0.644792 0.367593 0.642708 0.367593 0.642188 0.366667 0.639583 0.366667 0.639062 0.365741 0.636979 0.365741 0.636458 0.364815 0.634375 0.364815 0.633854 0.363889 0.631250 0.363889 0.630729 0.362963 0.628646 0.362963 0.628125 0.362037 0.626042 0.362037 0.625521 0.361111 0.622917 0.361111 0.622396 0.360185 0.620313 0.360185 0.619792 0.359259 0.617708 0.359259 0.617188 0.358333 0.614583 0.358333 0.614062 0.357407 0.611979 0.357407 0.611458 0.356481 0.608854 0.356481 0.608333 0.355556 0.606250 0.355556 0.605729 0.354630 0.603646 0.354630 0.603125 0.353704 0.600521 0.353704 0.600000 0.352778 0.597917 0.352778 0.597396 0.351852 0.595313 0.351852 0.594792 0.350926 0.592187 0.350926 0.591667 0.350000 0.589583 0.350000 0.589063 0.349074 0.586979 0.349074 0.586458 0.348148 0.583854 0.348148 0.583333 0.347222 0.581250 0.347222 0.580729 0.346296
0 0.352083 0.562500 0.078125 0.080556 0.314063 0.522222 0.313542 0.523148 0.313021 0.523148 0.313021 0.524074 0.313542 0.525000 0.313542 0.528704 0.314063 0.529630 0.314063 0.530556 0.315104 0.532407 0.315104 0.533333 0.316146 0.535185 0.316146 0.536111 0.317188 0.537963 0.317188 0.538889 0.318229 0.540741 0.318229 0.541667 0.319792 0.544444 0.319792 0.545370 0.320833 0.547222 0.320833 0.548148 0.322396 0.550926 0.322396 0.551852 0.323437 0.553704 0.323437 0.554630 0.324479 0.556481 0.324479 0.557407 0.326042 0.560185 0.326042 0.561111 0.327083 0.562963 0.327083 0.563889 0.328646 0.566667 0.328646 0.567593 0.329688 0.569444 0.329688 0.570370 0.331250 0.573148 0.331250 0.574074 0.332292 0.575926 0.332292 0.576852 0.333333 0.578704 0.333333 0.579630 0.334896 0.582407 0.334896 0.583333 0.335938 0.585185 0.335938 0.586111 0.337500 0.588889 0.337500 0.589815 0.338542 0.591667 0.338542 0.592593 0.340104 0.595370 0.340104 0.596296 0.341146 0.598148 0.341146 0.599074 0.342708 0.601852 0.342708 0.602778 0.349479 0.602778 0.350000 0.601852 0.350521 0.601852 0.351562 0.600000 0.352083 0.600000 0.353646 0.597222 0.354167 0.597222 0.355208 0.595370 0.355729 0.595370 0.356771 0.593519 0.357292 0.593519 0.358333 0.591667 0.358854 0.591667 0.359896 0.589815 0.360417 0.589815 0.361458 0.587963 0.361979 0.587963 0.363021 0.586111 0.363542 0.586111 0.364583 0.584259 0.365104 0.584259 0.366146 0.582407 0.366667 0.582407 0.367708 0.580556 0.368229 0.580556 0.369271 0.578704 0.369792 0.578704 0.371354 0.575926 0.371875 0.575926 0.372917 0.574074 0.373437 0.574074 0.374479 0.572222 0.375000 0.572222 0.376042 0.570370 0.376563 0.570370 0.377604 0.568519 0.378125 0.568519 0.379167 0.566667 0.379688 0.566667 0.380729 0.564815 0.381250 0.564815 0.382292 0.562963 0.382812 0.562963 0.383854 0.561111 0.384375 0.561111 0.385937 0.558333 0.386458 0.558333 0.387500 0.556481 0.388021 0.556481 0.389062 0.554630 0.389583 0.554630 0.391146 0.551852 0.391146 0.548148 0.390625 0.547222 0.390625 0.546296 0.389583 0.544444 0.389583 0.543519 0.388542 0.541667 0.388542 0.540741 0.388021 0.539815 0.388021 0.538889 0.386979 0.537037 0.386979 0.536111 0.385937 0.534259 0.385937 0.533333 0.385417 0.532407 0.381250 0.539815 0.380729 0.539815 0.374479 0.550926 0.373958 0.550926 0.365104 0.566667 0.364583 0.566667 0.362500 0.570370 0.360417 0.570370 0.358854 0.567593 0.358854 0.566667 0.357812 0.564815 0.357292 0.564815 0.355208 0.561111 0.354687 0.561111 0.353646 0.559259 0.353646 0.560185 0.354167 0.561111 0.354167 0.562037 0.354687 0.562963 0.354687 0.563889 0.355208 0.564815 0.355208 0.565741 0.355729 0.566667 0.355729 0.568519 0.356250 0.569444 0.356250 0.571296 0.354687 0.574074 0.354167 0.574074 0.353646 0.575000 0.352604 0.575000 0.352083 0.574074 0.351562 0.574074 0.350000 0.571296 0.349479 0.571296 0.344792 0.562963 0.344271 0.562963 0.338021 0.551852 0.337500 0.551852 0.332292 0.542593 0.331771 0.542593 0.328646 0.537037 0.328125 0.537037 0.325521 0.532407 0.325000 0.532407 0.322917 0.528704 0.322396 0.528704 0.321354 0.526852 0.320833 0.526852 0.319792 0.525000 0.319271 0.525000 0.318750 0.524074 0.318229 0.524074 0.317708 0.523148 0.316667 0.523148 0.316146 0.522222
0 0.432812 0.559259 0.085417 0.090741 0.414062 0.513889 0.412500 0.516667 0.411979 0.516667 0.411979 0.517593 0.418229 0.528704 0.418229 0.529630 0.426042 0.543519 0.426042 0.544444 0.433333 0.557407 0.433333 0.558333 0.435937 0.562963 0.435937 0.563889 0.436458 0.564815 0.436458 0.566667 0.435937 0.567593 0.435937 0.568519 0.435417 0.569444 0.434896 0.569444 0.434375 0.570370 0.432812 0.570370 0.432292 0.569444 0.431771 0.569444 0.407292 0.525926 0.406771 0.525926 0.406250 0.525000 0.403125 0.525000 0.402604 0.524074 0.401562 0.524074 0.400521 0.522222 0.400000 0.522222 0.398958 0.520370 0.398438 0.520370 0.397396 0.518519 0.396354 0.518519 0.395833 0.519444 0.395313 0.519444 0.394792 0.520370 0.394271 0.520370 0.393750 0.521296 0.393229 0.521296 0.391667 0.524074 0.391146 0.524074 0.390104 0.525926 0.390104 0.526852 0.391146 0.528704 0.391146 0.529630 0.393229 0.533333 0.393229 0.534259 0.395313 0.537963 0.395313 0.538889 0.397396 0.542593 0.397396 0.543519 0.406771 0.560185 0.407292 0.560185 0.414062 0.572222 0.414583 0.572222 0.421354 0.584259 0.421875 0.584259 0.428125 0.595370 0.428646 0.595370 0.433854 0.604630 0.440625 0.604630 0.449479 0.588889 0.449479 0.587963 0.458333 0.572222 0.458333 0.571296 0.466667 0.556481 0.466667 0.555556 0.473958 0.542593 0.473958 0.541667 0.475521 0.538889 0.475521 0.535185 0.475000 0.534259 0.475000 0.533333 0.474479 0.533333 0.472917 0.530556 0.472396 0.530556 0.470833 0.527778 0.470313 0.527778 0.468750 0.525000 0.468229 0.525000 0.467708 0.524074 0.467187 0.524074 0.448437 0.557407 0.447917 0.557407 0.447396 0.558333 0.446354 0.558333 0.445833 0.557407 0.445312 0.557407 0.442188 0.551852 0.441146 0.553704 0.440625 0.553704 0.440104 0.554630 0.439063 0.554630 0.438542 0.553704 0.438021 0.553704 0.433333 0.545370 0.432812 0.545370 0.418229 0.519444 0.417708 0.519444 0.414583 0.513889
0 0.518229 0.547222 0.090625 0.085185 0.480208 0.504630 0.479687 0.505556 0.479167 0.505556 0.478125 0.507407 0.477604 0.507407 0.476042 0.510185 0.475521 0.510185 0.472917 0.514815 0.478125 0.524074 0.478646 0.524074 0.480729 0.527778 0.481250 0.527778 0.482812 0.530556 0.483333 0.530556 0.485417 0.534259 0.485938 0.534259 0.487500 0.537037 0.488021 0.537037 0.490104 0.540741 0.490625 0.540741 0.492188 0.543519 0.492708 0.543519 0.494792 0.547222 0.495312 0.547222 0.496875 0.550000 0.497396 0.550000 0.498958 0.552778 0.499479 0.552778 0.501563 0.556481 0.502083 0.556481 0.503646 0.559259 0.504167 0.559259 0.506250 0.562963 0.506771 0.562963 0.508333 0.565741 0.508854 0.565741 0.510938 0.569444 0.511458 0.569444 0.513021 0.572222 0.513542 0.572222 0.515625 0.575926 0.516146 0.575926 0.517708 0.578704 0.518229 0.578704 0.520312 0.582407 0.520833 0.582407 0.522396 0.585185 0.522917 0.585185 0.525000 0.588889 0.525521 0.588889 0.526042 0.589815 0.526563 0.589815 0.527083 0.588889 0.527604 0.588889 0.529167 0.586111 0.529687 0.586111 0.531771 0.582407 0.531771 0.581481 0.546354 0.555556 0.546354 0.554630 0.560417 0.529630 0.560417 0.528704 0.563021 0.524074 0.563021 0.523148 0.563542 0.522222 0.563542 0.521296 0.563021 0.520370 0.563021 0.519444 0.561979 0.517593 0.561458 0.517593 0.560937 0.516667 0.560417 0.516667 0.559896 0.515741 0.547917 0.537037 0.547917 0.537963 0.539062 0.553704 0.538542 0.553704 0.538021 0.554630 0.536979 0.554630 0.536458 0.553704 0.535937 0.553704 0.534375 0.550926 0.533854 0.550926 0.533333 0.550000 0.532813 0.550000 0.530729 0.553704 0.530208 0.553704 0.529167 0.555556 0.528125 0.555556 0.527083 0.553704 0.526563 0.553704 0.525521 0.551852 0.525000 0.551852 0.523958 0.550000 0.523438 0.550000 0.522396 0.548148 0.521875 0.548148 0.520833 0.546296 0.520312 0.546296 0.519271 0.544444 0.518750 0.544444 0.517708 0.542593 0.517188 0.542593 0.515625 0.539815 0.515104 0.539815 0.514062 0.537963 0.518750 0.546296 0.518750 0.547222 0.519271 0.548148 0.519271 0.550926 0.517708 0.553704 0.515625 0.553704 0.515104 0.552778 0.514583 0.552778 0.513021 0.550000 0.512500 0.550000 0.511458 0.548148 0.510938 0.548148 0.509375 0.545370 0.508854 0.545370 0.507812 0.543519 0.507292 0.543519 0.505729 0.540741 0.505208 0.540741 0.504167 0.538889 0.503646 0.538889 0.494792 0.523148 0.494271 0.523148 0.493229 0.521296 0.492708 0.521296 0.491146 0.518519 0.490625 0.518519 0.489063 0.515741 0.488542 0.515741 0.487500 0.513889 0.486979 0.513889 0.485417 0.511111 0.484896 0.511111 0.483854 0.509259 0.483333 0.509259 0.481771 0.506481 0.481250 0.506481
0 0.603646 0.543056 0.086458 0.076852 0.567187 0.504630 0.566146 0.506481 0.565625 0.506481 0.561458 0.513889 0.560937 0.513889 0.560417 0.514815 0.560417 0.515741 0.560937 0.515741 0.561458 0.516667 0.561979 0.516667 0.563542 0.519444 0.563542 0.520370 0.564063 0.521296 0.564063 0.522222 0.563542 0.523148 0.563542 0.524074 0.560937 0.528704 0.560937 0.530556 0.561458 0.530556 0.561979 0.531481 0.562500 0.531481 0.563542 0.533333 0.564063 0.533333 0.564583 0.534259 0.565104 0.534259 0.565625 0.535185 0.566146 0.535185 0.567187 0.537037 0.567708 0.537037 0.568229 0.537963 0.568750 0.537963 0.569792 0.539815 0.570312 0.539815 0.570833 0.540741 0.571354 0.540741 0.571875 0.541667 0.572396 0.541667 0.573438 0.543519 0.573958 0.543519 0.574479 0.544444 0.575000 0.544444 0.575521 0.545370 0.576042 0.545370 0.577083 0.547222 0.577604 0.547222 0.578125 0.548148 0.578646 0.548148 0.579167 0.549074 0.579688 0.549074 0.580729 0.550926 0.581250 0.550926 0.581771 0.551852 0.582292 0.551852 0.582812 0.552778 0.583333 0.552778 0.584375 0.554630 0.584896 0.554630 0.585417 0.555556 0.585938 0.555556 0.586458 0.556481 0.586979 0.556481 0.588021 0.558333 0.588542 0.558333 0.589063 0.559259 0.589583 0.559259 0.590104 0.560185 0.590625 0.560185 0.591667 0.562037 0.592187 0.562037 0.592708 0.562963 0.593229 0.562963 0.593750 0.563889 0.594271 0.563889 0.595313 0.565741 0.595833 0.565741 0.596354 0.566667 0.596875 0.566667 0.597396 0.567593 0.597917 0.567593 0.598958 0.569444 0.599479 0.569444 0.600000 0.570370 0.600521 0.570370 0.601042 0.571296 0.601562 0.571296 0.602604 0.573148 0.603125 0.573148 0.603646 0.574074 0.604167 0.574074 0.604688 0.575000 0.605208 0.575000 0.606250 0.576852 0.606771 0.576852 0.607292 0.577778 0.607812 0.577778 0.608854 0.579630 0.609375 0.579630 0.609896 0.580556 0.610417 0.580556 0.610938 0.581481 0.612500 0.581481 0.625000 0.559259 0.625000 0.558333 0.634896 0.540741 0.634896 0.539815 0.644271 0.523148 0.644271 0.522222 0.646875 0.517593 0.646875 0.512963 0.646354 0.512037 0.645833 0.512037 0.645312 0.511111 0.644792 0.511111 0.644271 0.510185 0.643750 0.510185 0.642708 0.512037 0.642188 0.512037 0.630208 0.533333 0.630208 0.534259 0.618229 0.555556 0.617708 0.555556 0.617188 0.556481 0.616146 0.556481 0.615625 0.555556 0.615104 0.555556 0.614583 0.554630 0.614062 0.554630 0.613542 0.553704 0.613021 0.553704 0.612500 0.552778 0.611979 0.552778 0.611458 0.551852 0.610938 0.551852 0.610417 0.550926 0.609896 0.550926 0.608854 0.549074 0.608333 0.549074 0.607812 0.548148 0.607292 0.548148 0.606771 0.547222 0.605729 0.549074 0.603646 0.549074 0.603125 0.548148 0.602604 0.548148 0.602083 0.547222 0.601562 0.547222 0.601042 0.546296 0.600521 0.546296 0.600000 0.545370 0.599479 0.545370 0.598958 0.544444 0.598437 0.544444 0.597917 0.543519 0.597396 0.543519 0.596875 0.542593 0.596354 0.542593 0.595313 0.540741 0.594792 0.540741 0.590625 0.533333 0.590625 0.532407 0.582292 0.517593 0.581771 0.517593 0.580729 0.515741 0.580208 0.515741 0.579688 0.514815 0.579167 0.514815 0.578646 0.513889 0.578125 0.513889 0.577604 0.512963 0.577083 0.512963 0.576562 0.512037 0.576042 0.512037 0.575521 0.511111 0.575000 0.511111 0.574479 0.510185 0.573958 0.510185 0.573438 0.509259 0.572917 0.509259 0.572396 0.508333 0.571875 0.508333 0.571354 0.507407 0.570833 0.507407 0.570312 0.506481 0.569792 0.506481 0.569271 0.505556 0.568750 0.505556 0.568229 0.504630
0 0.676823 0.539352 0.079687 0.067593 0.646875 0.505556 0.645833 0.507407 0.645312 0.507407 0.644271 0.509259 0.644792 0.510185 0.645312 0.510185 0.645833 0.511111 0.646354 0.511111 0.647396 0.512963 0.647396 0.517593 0.644792 0.522222 0.644792 0.523148 0.636979 0.537037 0.637500 0.537037 0.638021 0.537963 0.638542 0.537963 0.639062 0.538889 0.639583 0.538889 0.640104 0.539815 0.641146 0.539815 0.641667 0.540741 0.642188 0.540741 0.642708 0.541667 0.643229 0.541667 0.643750 0.542593 0.644271 0.542593 0.644792 0.543519 0.645312 0.543519 0.645833 0.544444 0.646354 0.544444 0.646875 0.545370 0.647917 0.545370 0.648438 0.546296 0.648958 0.546296 0.649479 0.547222 0.650000 0.547222 0.650521 0.548148 0.651042 0.548148 0.651563 0.549074 0.652083 0.549074 0.652604 0.550000 0.653125 0.550000 0.653646 0.550926 0.654687 0.550926 0.655208 0.551852 0.655729 0.551852 0.656250 0.552778 0.656771 0.552778 0.657292 0.553704 0.657813 0.553704 0.658333 0.554630 0.658854 0.554630 0.659375 0.555556 0.659896 0.555556 0.660417 0.556481 0.661458 0.556481 0.661979 0.557407 0.662500 0.557407 0.663021 0.558333 0.663542 0.558333 0.664062 0.559259 0.664583 0.559259 0.665104 0.560185 0.665625 0.560185 0.666146 0.561111 0.667188 0.561111 0.667708 0.562037 0.668229 0.562037 0.668750 0.562963 0.669271 0.562963 0.669792 0.563889 0.670312 0.563889 0.670833 0.564815 0.671354 0.564815 0.671875 0.565741 0.672396 0.565741 0.672917 0.566667 0.673958 0.566667 0.674479 0.567593 0.675000 0.567593 0.675521 0.568519 0.676042 0.568519 0.676562 0.569444 0.677083 0.569444 0.677604 0.570370 0.678125 0.570370 0.678646 0.571296 0.679167 0.571296 0.679688 0.572222 0.680729 0.572222 0.681250 0.573148 0.683333 0.573148 0.690104 0.561111 0.690104 0.560185 0.698958 0.544444 0.698958 0.543519 0.707292 0.528704 0.707292 0.527778 0.714583 0.514815 0.714583 0.513889 0.716146 0.511111 0.716146 0.510185 0.716667 0.509259 0.716667 0.508333 0.716146 0.507407 0.716146 0.506481 0.711979 0.513889 0.711979 0.514815 0.703125 0.530556 0.703125 0.531481 0.692187 0.550926 0.691667 0.550926 0.691146 0.551852 0.690625 0.550926 0.690104 0.550926 0.689583 0.550000 0.688542 0.550000 0.688021 0.549074 0.687500 0.549074 0.686979 0.548148 0.685937 0.548148 0.685417 0.547222 0.684896 0.547222 0.684375 0.546296 0.683854 0.546296 0.683333 0.545370 0.682813 0.545370 0.682813 0.549074 0.681771 0.550926 0.679167 0.550926 0.678646 0.550000 0.678125 0.550000 0.677604 0.549074 0.677083 0.549074 0.676562 0.548148 0.675521 0.548148 0.675000 0.547222 0.674479 0.547222 0.673958 0.546296 0.673438 0.546296 0.664062 0.529630 0.664062 0.528704 0.653125 0.509259 0.652083 0.509259 0.651563 0.508333 0.651042 0.508333 0.650521 0.507407 0.649479 0.507407 0.648958 0.506481 0.648438 0.506481 0.647917 0.505556
0 0.314844 0.528704 0.081771 0.100000 0.311979 0.478704 0.311458 0.479630 0.310417 0.479630 0.309375 0.481481 0.308854 0.481481 0.307812 0.483333 0.307292 0.483333 0.305729 0.486111 0.305208 0.486111 0.304688 0.487037 0.304688 0.490741 0.305208 0.491667 0.305208 0.494444 0.305729 0.495370 0.305729 0.498148 0.306250 0.499074 0.306250 0.503704 0.305729 0.504630 0.305729 0.505556 0.293229 0.527778 0.293229 0.528704 0.273958 0.562963 0.273958 0.575926 0.275521 0.578704 0.277083 0.578704 0.277604 0.577778 0.278125 0.577778 0.297917 0.542593 0.298438 0.542593 0.304167 0.532407 0.304688 0.532407 0.307292 0.527778 0.307812 0.527778 0.309375 0.525000 0.309896 0.525000 0.310417 0.524074 0.310937 0.524074 0.311458 0.523148 0.311979 0.523148 0.312500 0.522222 0.313542 0.522222 0.314063 0.521296 0.316146 0.521296 0.316667 0.522222 0.317708 0.522222 0.318229 0.523148 0.318750 0.523148 0.319271 0.524074 0.319792 0.524074 0.320833 0.525926 0.321354 0.525926 0.322396 0.527778 0.322917 0.527778 0.325000 0.531481 0.325521 0.531481 0.328125 0.536111 0.328646 0.536111 0.331771 0.541667 0.332292 0.541667 0.337500 0.550926 0.338021 0.550926 0.344271 0.562037 0.344792 0.562037 0.349479 0.570370 0.350000 0.570370 0.351562 0.573148 0.352083 0.573148 0.352604 0.574074 0.353646 0.574074 0.354167 0.573148 0.354687 0.573148 0.355729 0.571296 0.355729 0.569444 0.355208 0.568519 0.355208 0.566667 0.354687 0.565741 0.354687 0.564815 0.354167 0.563889 0.354167 0.562963 0.353646 0.562037 0.353646 0.561111 0.353125 0.560185 0.353125 0.558333 0.347917 0.549074 0.347396 0.549074 0.339583 0.535185 0.339062 0.535185 0.330729 0.520370 0.330208 0.520370 0.322396 0.506481 0.321875 0.506481 0.318750 0.500926 0.318750 0.500000 0.317708 0.498148 0.317708 0.497222 0.317188 0.496296 0.317188 0.494444 0.316667 0.493519 0.316667 0.491667 0.316146 0.490741 0.316146 0.487963 0.315625 0.487037 0.315625 0.485185 0.315104 0.484259 0.315104 0.481481 0.314583 0.480556 0.314583 0.478704
0 0.397396 0.531481 0.077083 0.075926 0.398958 0.493519 0.398958 0.494444 0.398438 0.495370 0.398438 0.496296 0.392708 0.506481 0.392708 0.507407 0.360938 0.563889 0.360417 0.563889 0.359375 0.565741 0.358854 0.565741 0.359375 0.566667 0.359375 0.567593 0.360417 0.569444 0.362500 0.569444 0.364583 0.565741 0.365104 0.565741 0.373958 0.550000 0.374479 0.550000 0.380729 0.538889 0.381250 0.538889 0.385417 0.531481 0.385937 0.531481 0.388542 0.526852 0.389062 0.526852 0.391146 0.523148 0.391667 0.523148 0.393229 0.520370 0.393750 0.520370 0.394271 0.519444 0.394792 0.519444 0.395313 0.518519 0.395833 0.518519 0.396354 0.517593 0.397396 0.517593 0.397917 0.516667 0.399479 0.516667 0.400000 0.517593 0.401042 0.517593 0.401562 0.518519 0.402083 0.518519 0.402604 0.519444 0.403125 0.519444 0.404167 0.521296 0.404687 0.521296 0.406771 0.525000 0.407292 0.525000 0.431771 0.568519 0.432292 0.568519 0.432812 0.569444 0.434375 0.569444 0.434896 0.568519 0.435417 0.568519 0.435417 0.567593 0.435937 0.566667 0.435937 0.564815 0.435417 0.563889 0.435417 0.562963 0.432812 0.558333 0.432812 0.557407 0.425521 0.544444 0.425521 0.543519 0.417708 0.529630 0.417708 0.528704 0.409896 0.514815 0.409896 0.513889 0.402083 0.500000 0.402083 0.499074
0 0.480729 0.518056 0.076042 0.078704 0.478125 0.478704 0.477083 0.480556 0.478125 0.482407 0.478125 0.486111 0.476562 0.488889 0.476562 0.489815 0.461979 0.515741 0.461979 0.516667 0.442708 0.550926 0.442708 0.551852 0.445312 0.556481 0.445833 0.556481 0.446354 0.557407 0.447396 0.557407 0.447917 0.556481 0.448437 0.556481 0.471875 0.514815 0.472396 0.514815 0.475521 0.509259 0.476042 0.509259 0.477604 0.506481 0.478125 0.506481 0.479167 0.504630 0.479687 0.504630 0.480208 0.503704 0.481250 0.505556 0.481771 0.505556 0.483333 0.508333 0.483854 0.508333 0.484896 0.510185 0.485417 0.510185 0.486979 0.512963 0.487500 0.512963 0.488542 0.514815 0.489063 0.514815 0.490625 0.517593 0.491146 0.517593 0.492708 0.520370 0.493229 0.520370 0.494271 0.522222 0.494792 0.522222 0.503646 0.537963 0.504167 0.537963 0.505208 0.539815 0.505729 0.539815 0.507292 0.542593 0.507812 0.542593 0.508854 0.544444 0.509375 0.544444 0.510938 0.547222 0.511458 0.547222 0.512500 0.549074 0.513021 0.549074 0.514583 0.551852 0.515104 0.551852 0.515625 0.552778 0.517708 0.552778 0.518750 0.550926 0.518750 0.548148 0.518229 0.547222 0.518229 0.546296 0.513542 0.537963 0.513542 0.537037 0.484896 0.486111 0.484375 0.486111 0.483333 0.484259 0.482812 0.484259 0.481771 0.482407 0.481250 0.482407 0.480208 0.480556 0.479687 0.480556 0.479167 0.479630 0.478646 0.479630
0 0.570052 0.512500 0.073438 0.082407 0.559896 0.471296 0.557813 0.475000 0.557813 0.475926 0.558333 0.475926 0.558854 0.476852 0.559375 0.476852 0.559896 0.477778 0.560417 0.477778 0.560937 0.478704 0.561979 0.478704 0.562500 0.479630 0.563021 0.479630 0.563542 0.480556 0.564063 0.480556 0.566146 0.484259 0.566146 0.487037 0.565625 0.487963 0.565625 0.488889 0.561979 0.495370 0.561979 0.496296 0.550521 0.516667 0.550521 0.517593 0.538542 0.538889 0.538542 0.539815 0.533333 0.549074 0.533854 0.550000 0.534375 0.550000 0.535937 0.552778 0.536458 0.552778 0.536979 0.553704 0.538021 0.553704 0.538542 0.552778 0.539062 0.552778 0.547396 0.537963 0.547396 0.537037 0.560937 0.512963 0.561458 0.512963 0.565625 0.505556 0.566146 0.505556 0.567187 0.503704 0.568229 0.503704 0.568750 0.504630 0.569271 0.504630 0.569792 0.505556 0.570312 0.505556 0.570833 0.506481 0.571354 0.506481 0.571875 0.507407 0.572396 0.507407 0.572917 0.508333 0.573438 0.508333 0.573958 0.509259 0.574479 0.509259 0.575000 0.510185 0.575521 0.510185 0.576042 0.511111 0.576562 0.511111 0.577083 0.512037 0.577604 0.512037 0.578125 0.512963 0.578646 0.512963 0.579167 0.513889 0.579688 0.513889 0.580208 0.514815 0.580729 0.514815 0.581771 0.516667 0.582292 0.516667 0.591146 0.532407 0.591146 0.533333 0.594792 0.539815 0.595313 0.539815 0.596354 0.541667 0.596875 0.541667 0.597396 0.542593 0.597917 0.542593 0.598437 0.543519 0.598958 0.543519 0.599479 0.544444 0.600000 0.544444 0.600521 0.545370 0.601042 0.545370 0.601562 0.546296 0.602083 0.546296 0.602604 0.547222 0.603125 0.547222 0.603646 0.548148 0.605729 0.548148 0.606771 0.546296 0.606771 0.543519 0.606250 0.542593 0.606250 0.541667 0.600521 0.531481 0.600521 0.530556 0.585417 0.503704 0.585417 0.502778 0.573958 0.482407 0.573438 0.482407 0.572917 0.481481 0.572396 0.481481 0.571875 0.480556 0.571354 0.480556 0.570833 0.479630 0.570312 0.479630 0.569792 0.478704 0.569271 0.478704 0.568750 0.477778 0.567708 0.477778 0.567187 0.476852 0.566667 0.476852 0.566146 0.475926 0.565625 0.475926 0.565104 0.475000 0.564583 0.475000 0.564063 0.474074 0.563542 0.474074 0.563021 0.473148 0.561979 0.473148 0.561458 0.472222 0.560937 0.472222 0.560417 0.471296
0 0.644531 0.522685 0.075521 0.065741 0.606771 0.542593 0.607292 0.543519 0.607292 0.547222 0.607812 0.547222 0.608333 0.548148 0.608854 0.548148 0.609896 0.550000 0.610417 0.550000 0.610938 0.550926 0.611458 0.550926 0.611979 0.551852 0.612500 0.551852 0.613021 0.552778 0.613542 0.552778 0.614062 0.553704 0.614583 0.553704 0.615104 0.554630 0.615625 0.554630 0.616146 0.555556 0.617188 0.555556 0.617708 0.554630 0.618229 0.554630 0.619792 0.551852 0.619271 0.552778 0.618229 0.552778 0.617708 0.551852 0.617188 0.551852 0.616667 0.550926 0.616146 0.550926 0.615625 0.550000 0.615104 0.550000 0.614583 0.549074 0.614062 0.549074 0.613542 0.548148 0.613021 0.548148 0.612500 0.547222 0.611979 0.547222 0.611458 0.546296 0.610938 0.546296 0.610417 0.545370 0.609896 0.545370 0.609375 0.544444 0.608854 0.544444 0.608333 0.543519 0.607812 0.543519 0.607292 0.542593
0 0.356771 0.521759 0.083333 0.086111 0.315104 0.478704 0.315104 0.480556 0.315625 0.481481 0.315625 0.484259 0.316146 0.485185 0.316146 0.487037 0.316667 0.487963 0.316667 0.490741 0.317188 0.491667 0.317188 0.493519 0.317708 0.494444 0.317708 0.496296 0.318229 0.497222 0.318229 0.498148 0.319271 0.500000 0.319271 0.500926 0.321875 0.505556 0.322396 0.505556 0.330208 0.519444 0.330729 0.519444 0.339062 0.534259 0.339583 0.534259 0.347396 0.548148 0.347917 0.548148 0.354687 0.560185 0.355208 0.560185 0.357292 0.563889 0.357812 0.563889 0.358333 0.564815 0.359375 0.564815 0.360417 0.562963 0.360938 0.562963 0.392188 0.507407 0.392188 0.506481 0.397917 0.496296 0.397917 0.495370 0.398438 0.494444 0.398438 0.491667 0.396875 0.488889 0.396875 0.487963 0.394792 0.484259 0.394271 0.484259 0.393750 0.485185 0.393229 0.485185 0.390625 0.489815 0.390104 0.489815 0.383333 0.501852 0.382812 0.501852 0.364583 0.534259 0.362500 0.534259 0.360938 0.531481 0.360938 0.530556 0.359896 0.528704 0.359896 0.527778 0.359375 0.526852 0.359375 0.525926 0.358854 0.525000 0.358854 0.524074 0.358333 0.523148 0.356250 0.523148 0.354167 0.519444 0.353646 0.519444 0.351562 0.515741 0.352083 0.516667 0.352083 0.517593 0.352604 0.518519 0.352604 0.519444 0.353125 0.520370 0.353125 0.521296 0.353646 0.522222 0.353646 0.523148 0.354167 0.524074 0.354167 0.527778 0.353125 0.529630 0.352604 0.529630 0.352083 0.530556 0.351042 0.530556 0.350521 0.529630 0.350000 0.529630 0.349479 0.528704 0.348958 0.528704 0.345313 0.522222 0.344792 0.522222 0.337500 0.509259 0.336979 0.509259 0.331250 0.499074 0.330729 0.499074 0.327083 0.492593 0.326562 0.492593 0.323958 0.487963 0.323437 0.487963 0.321875 0.485185 0.321354 0.485185 0.319792 0.482407 0.319271 0.482407 0.318229 0.480556 0.317708 0.480556 0.317188 0.479630 0.316146 0.479630 0.315625 0.478704
0 0.437240 0.514815 0.080729 0.077778 0.412500 0.475926 0.439063 0.523148 0.439063 0.524074 0.439583 0.525000 0.439583 0.526852 0.439063 0.527778 0.439063 0.528704 0.438542 0.529630 0.438021 0.529630 0.437500 0.530556 0.435937 0.530556 0.435417 0.529630 0.434896 0.529630 0.431250 0.523148 0.430729 0.523148 0.417708 0.500000 0.417187 0.500000 0.411979 0.490741 0.411458 0.490741 0.408854 0.486111 0.408333 0.486111 0.406771 0.483333 0.406250 0.483333 0.405208 0.481481 0.404687 0.481481 0.404167 0.480556 0.403646 0.480556 0.403125 0.479630 0.402083 0.479630 0.401562 0.478704 0.400000 0.478704 0.399479 0.479630 0.397917 0.479630 0.397396 0.480556 0.396875 0.480556 0.397917 0.482407 0.397917 0.483333 0.417708 0.518519 0.418229 0.518519 0.432812 0.544444 0.433333 0.544444 0.438021 0.552778 0.438542 0.552778 0.439063 0.553704 0.440104 0.553704 0.440625 0.552778 0.441146 0.552778 0.461458 0.516667 0.461458 0.515741 0.476042 0.489815 0.476042 0.488889 0.477604 0.486111 0.477604 0.482407 0.476562 0.480556 0.470313 0.491667 0.469792 0.491667 0.458854 0.511111 0.458854 0.512037 0.452083 0.524074 0.451562 0.524074 0.450521 0.525926 0.448958 0.525926 0.445833 0.520370 0.445312 0.520370 0.441667 0.513889 0.440625 0.515741 0.440104 0.515741 0.439583 0.516667 0.438542 0.516667 0.438021 0.515741 0.437500 0.515741 0.432812 0.507407 0.432292 0.507407 0.426042 0.496296 0.425521 0.496296 0.418750 0.484259 0.418229 0.484259 0.413542 0.475926
0 0.522135 0.513426 0.086979 0.082407 0.482812 0.472222 0.482292 0.473148 0.481771 0.473148 0.480208 0.475926 0.479687 0.475926 0.478646 0.477778 0.478646 0.478704 0.479167 0.478704 0.479687 0.479630 0.480208 0.479630 0.481250 0.481481 0.481771 0.481481 0.482812 0.483333 0.483333 0.483333 0.484375 0.485185 0.484896 0.485185 0.515104 0.538889 0.515625 0.538889 0.517188 0.541667 0.517708 0.541667 0.518750 0.543519 0.519271 0.543519 0.520312 0.545370 0.520833 0.545370 0.521875 0.547222 0.522396 0.547222 0.523438 0.549074 0.523958 0.549074 0.525000 0.550926 0.525521 0.550926 0.526563 0.552778 0.527083 0.552778 0.528125 0.554630 0.529167 0.554630 0.530208 0.552778 0.530729 0.552778 0.538021 0.539815 0.538021 0.538889 0.550000 0.517593 0.550000 0.516667 0.561458 0.496296 0.561458 0.495370 0.565104 0.488889 0.565104 0.487963 0.565625 0.487037 0.565625 0.484259 0.564063 0.481481 0.563542 0.481481 0.563021 0.480556 0.562500 0.480556 0.561979 0.479630 0.560937 0.479630 0.560417 0.478704 0.559896 0.478704 0.559375 0.477778 0.558854 0.477778 0.558333 0.476852 0.557813 0.476852 0.557292 0.475926 0.555729 0.478704 0.555208 0.478704 0.548438 0.490741 0.548438 0.491667 0.535937 0.513889 0.535417 0.513889 0.534896 0.514815 0.534375 0.514815 0.533854 0.513889 0.533333 0.513889 0.532292 0.512037 0.531771 0.512037 0.529167 0.516667 0.528646 0.516667 0.528125 0.517593 0.527604 0.517593 0.527083 0.516667 0.526563 0.516667 0.526042 0.515741 0.525521 0.515741 0.525000 0.514815 0.524479 0.514815 0.523438 0.512963 0.522917 0.512963 0.522396 0.512037 0.521875 0.512037 0.520833 0.510185 0.522917 0.513889 0.522917 0.514815 0.523438 0.515741 0.523438 0.518519 0.522917 0.519444 0.522917 0.520370 0.522396 0.521296 0.521875 0.521296 0.521354 0.522222 0.520833 0.522222 0.520312 0.521296 0.519271 0.521296 0.518229 0.519444 0.517708 0.519444 0.516667 0.517593 0.516146 0.517593 0.515625 0.516667 0.515104 0.516667 0.514062 0.514815 0.513542 0.514815 0.512500 0.512963 0.511979 0.512963 0.511458 0.512037 0.510938 0.512037 0.499479 0.491667 0.498958 0.491667 0.495833 0.486111 0.495312 0.486111 0.494792 0.485185 0.494271 0.485185 0.493229 0.483333 0.492708 0.483333 0.492188 0.482407 0.491667 0.482407 0.490625 0.480556 0.490104 0.480556 0.489583 0.479630 0.489063 0.479630 0.488021 0.477778 0.487500 0.477778 0.486979 0.476852 0.486458 0.476852 0.485417 0.475000 0.484896 0.475000 0.483854 0.473148 0.483333 0.473148
0 0.607812 0.508796 0.094792 0.086111 0.563542 0.465741 0.562500 0.467593 0.561979 0.467593 0.560417 0.470370 0.560937 0.471296 0.561458 0.471296 0.561979 0.472222 0.563021 0.472222 0.563542 0.473148 0.564063 0.473148 0.564583 0.474074 0.565104 0.474074 0.565625 0.475000 0.566146 0.475000 0.566667 0.475926 0.567187 0.475926 0.567708 0.476852 0.568750 0.476852 0.569271 0.477778 0.569792 0.477778 0.570312 0.478704 0.570833 0.478704 0.571354 0.479630 0.571875 0.479630 0.572396 0.480556 0.572917 0.480556 0.573438 0.481481 0.573958 0.481481 0.585938 0.502778 0.585938 0.503704 0.601042 0.530556 0.601042 0.531481 0.606771 0.541667 0.607292 0.541667 0.607812 0.542593 0.608333 0.542593 0.608854 0.543519 0.609375 0.543519 0.609896 0.544444 0.610417 0.544444 0.610938 0.545370 0.611458 0.545370 0.611979 0.546296 0.612500 0.546296 0.613021 0.547222 0.613542 0.547222 0.614062 0.548148 0.614583 0.548148 0.615104 0.549074 0.615625 0.549074 0.616146 0.550000 0.616667 0.550000 0.617188 0.550926 0.617708 0.550926 0.618229 0.551852 0.619271 0.551852 0.619792 0.550926 0.620313 0.550926 0.629687 0.534259 0.629687 0.533333 0.639583 0.515741 0.639583 0.514815 0.649479 0.497222 0.649479 0.496296 0.654167 0.487963 0.654167 0.487037 0.655208 0.485185 0.655208 0.483333 0.654687 0.482407 0.654687 0.481481 0.654167 0.480556 0.653646 0.480556 0.653125 0.479630 0.652083 0.479630 0.651563 0.478704 0.650000 0.478704 0.648438 0.481481 0.647917 0.481481 0.632292 0.509259 0.632292 0.510185 0.623958 0.525000 0.623437 0.525000 0.622917 0.525926 0.622396 0.525000 0.621354 0.525000 0.620833 0.524074 0.620313 0.524074 0.619792 0.523148 0.619271 0.523148 0.618750 0.522222 0.618229 0.522222 0.617708 0.521296 0.617188 0.521296 0.616667 0.520370 0.615625 0.520370 0.615104 0.519444 0.614583 0.519444 0.614062 0.518519 0.613542 0.518519 0.613021 0.517593 0.612500 0.517593 0.611979 0.516667 0.611458 0.516667 0.610938 0.515741 0.609896 0.515741 0.609375 0.514815 0.608854 0.514815 0.608333 0.513889 0.607812 0.513889 0.607292 0.512963 0.606771 0.512963 0.606250 0.512037 0.605729 0.512037 0.605208 0.511111 0.604167 0.511111 0.603646 0.510185 0.603125 0.510185 0.602604 0.509259 0.602083 0.510185 0.591667 0.491667 0.591667 0.490741 0.590104 0.487963 0.589583 0.487963 0.587500 0.484259 0.586458 0.484259 0.585938 0.483333 0.585417 0.483333 0.584896 0.482407 0.584375 0.482407 0.583854 0.481481 0.583333 0.481481 0.582812 0.480556 0.581771 0.480556 0.581250 0.479630 0.580729 0.479630 0.580208 0.478704 0.579688 0.478704 0.579167 0.477778 0.578125 0.477778 0.577604 0.476852 0.577083 0.476852 0.576562 0.475926 0.576042 0.475926 0.575521 0.475000 0.574479 0.475000 0.573958 0.474074 0.573438 0.474074 0.572917 0.473148 0.572396 0.473148 0.571875 0.472222 0.570833 0.472222 0.570312 0.471296 0.569792 0.471296 0.569271 0.470370 0.568750 0.470370 0.568229 0.469444 0.567708 0.469444 0.567187 0.468519 0.566146 0.468519 0.565625 0.467593 0.565104 0.467593 0.564583 0.466667 0.564063 0.466667
0 0.690104 0.513889 0.071875 0.074074 0.715625 0.476852 0.710938 0.485185 0.710938 0.486111 0.702083 0.501852 0.702083 0.502778 0.691667 0.521296 0.690104 0.521296 0.689583 0.520370 0.686458 0.520370 0.685937 0.519444 0.684896 0.519444 0.684375 0.518519 0.683333 0.518519 0.682813 0.517593 0.682292 0.517593 0.681771 0.516667 0.680729 0.516667 0.680208 0.515741 0.679688 0.515741 0.679167 0.514815 0.678125 0.514815 0.670833 0.501852 0.670833 0.500926 0.661979 0.485185 0.660937 0.485185 0.660417 0.484259 0.659375 0.484259 0.658854 0.483333 0.657813 0.483333 0.657292 0.482407 0.656771 0.482407 0.656250 0.481481 0.655208 0.481481 0.654687 0.480556 0.655208 0.481481 0.655208 0.482407 0.655729 0.483333 0.655729 0.485185 0.654687 0.487037 0.654687 0.487963 0.654167 0.488889 0.654167 0.489815 0.660417 0.500926 0.660417 0.501852 0.667708 0.514815 0.667708 0.515741 0.675000 0.528704 0.675000 0.529630 0.681250 0.540741 0.681250 0.541667 0.682813 0.544444 0.683333 0.544444 0.683854 0.545370 0.684375 0.545370 0.684896 0.546296 0.685417 0.546296 0.685937 0.547222 0.686979 0.547222 0.687500 0.548148 0.688021 0.548148 0.688542 0.549074 0.689583 0.549074 0.690104 0.550000 0.690625 0.550000 0.691146 0.550926 0.691667 0.550000 0.692187 0.550000 0.702604 0.531481 0.702604 0.530556 0.711458 0.514815 0.711458 0.513889 0.720313 0.498148 0.720313 0.497222 0.725000 0.488889 0.725000 0.487963 0.726042 0.486111 0.726042 0.484259 0.725521 0.483333 0.725521 0.482407 0.725000 0.481481 0.723958 0.481481 0.723437 0.480556 0.722396 0.480556 0.721875 0.479630 0.720833 0.479630 0.720313 0.478704 0.718750 0.478704 0.718229 0.477778 0.717187 0.477778 0.716667 0.476852
0 0.313542 0.487500 0.080208 0.093519 0.313021 0.440741 0.312500 0.441667 0.310937 0.441667 0.310417 0.442593 0.309896 0.442593 0.309375 0.443519 0.308854 0.443519 0.307812 0.445370 0.307292 0.445370 0.305208 0.449074 0.304688 0.449074 0.301042 0.455556 0.300521 0.455556 0.300000 0.456481 0.300521 0.457407 0.300521 0.461111 0.301042 0.462037 0.301042 0.464815 0.301563 0.465741 0.301563 0.468519 0.302083 0.469444 0.302083 0.472222 0.302604 0.473148 0.302604 0.475000 0.302083 0.475926 0.302083 0.476852 0.291146 0.496296 0.291146 0.497222 0.273438 0.528704 0.273438 0.530556 0.275000 0.533333 0.275521 0.533333 0.276042 0.534259 0.276562 0.533333 0.277083 0.533333 0.279167 0.529630 0.279687 0.529630 0.301042 0.491667 0.301563 0.491667 0.305208 0.485185 0.305729 0.485185 0.307292 0.482407 0.307812 0.482407 0.308854 0.480556 0.309375 0.480556 0.310417 0.478704 0.311458 0.478704 0.311979 0.477778 0.315625 0.477778 0.316146 0.478704 0.317188 0.478704 0.317708 0.479630 0.318229 0.479630 0.319271 0.481481 0.319792 0.481481 0.321354 0.484259 0.321875 0.484259 0.323437 0.487037 0.323958 0.487037 0.326562 0.491667 0.327083 0.491667 0.330729 0.498148 0.331250 0.498148 0.336979 0.508333 0.337500 0.508333 0.344792 0.521296 0.345313 0.521296 0.348958 0.527778 0.349479 0.527778 0.350000 0.528704 0.350521 0.528704 0.351042 0.529630 0.352083 0.529630 0.352604 0.528704 0.353125 0.528704 0.353646 0.527778 0.353646 0.524074 0.353125 0.523148 0.353125 0.522222 0.352604 0.521296 0.352604 0.520370 0.352083 0.519444 0.352083 0.518519 0.351562 0.517593 0.351562 0.516667 0.351042 0.515741 0.351042 0.514815 0.346354 0.506481 0.345833 0.506481 0.336979 0.490741 0.336458 0.490741 0.327604 0.475000 0.327083 0.475000 0.316667 0.456481 0.316667 0.454630 0.316146 0.453704 0.316146 0.452778 0.315625 0.451852 0.315625 0.450000 0.315104 0.449074 0.315104 0.447222 0.314583 0.446296 0.314583 0.444444 0.314063 0.443519 0.314063 0.441667 0.313542 0.440741
0 0.398958 0.492130 0.080208 0.082407 0.396875 0.450926 0.397396 0.451852 0.397396 0.452778 0.396875 0.453704 0.396875 0.454630 0.393750 0.460185 0.393750 0.461111 0.359375 0.522222 0.358854 0.522222 0.358854 0.523148 0.359375 0.524074 0.359375 0.525000 0.359896 0.525926 0.359896 0.526852 0.360417 0.527778 0.360417 0.528704 0.361458 0.530556 0.361458 0.531481 0.362500 0.533333 0.364583 0.533333 0.382812 0.500926 0.383333 0.500926 0.390104 0.488889 0.390625 0.488889 0.393229 0.484259 0.393750 0.484259 0.395313 0.481481 0.395833 0.481481 0.396875 0.479630 0.397396 0.479630 0.397917 0.478704 0.399479 0.478704 0.400000 0.477778 0.401562 0.477778 0.402083 0.478704 0.403125 0.478704 0.403646 0.479630 0.404167 0.479630 0.404687 0.480556 0.405208 0.480556 0.406250 0.482407 0.406771 0.482407 0.408333 0.485185 0.408854 0.485185 0.411458 0.489815 0.411979 0.489815 0.417187 0.499074 0.417708 0.499074 0.430729 0.522222 0.431250 0.522222 0.434896 0.528704 0.435417 0.528704 0.435937 0.529630 0.437500 0.529630 0.438021 0.528704 0.438542 0.528704 0.438542 0.527778 0.439063 0.526852 0.439063 0.525000 0.438542 0.524074 0.438542 0.523148 0.409896 0.472222 0.409375 0.472222 0.398958 0.453704 0.398438 0.453704
0 0.482552 0.482870 0.080729 0.084259 0.476562 0.440741 0.476042 0.441667 0.475521 0.441667 0.476042 0.441667 0.477083 0.443519 0.477083 0.444444 0.477604 0.445370 0.477604 0.448148 0.476562 0.450000 0.476562 0.450926 0.459896 0.480556 0.459896 0.481481 0.442188 0.512963 0.442188 0.513889 0.445312 0.519444 0.445833 0.519444 0.448958 0.525000 0.450521 0.525000 0.451562 0.523148 0.452083 0.523148 0.458333 0.512037 0.458333 0.511111 0.469792 0.490741 0.470313 0.490741 0.476562 0.479630 0.477083 0.479630 0.479687 0.475000 0.480208 0.475000 0.481771 0.472222 0.482292 0.472222 0.482812 0.471296 0.483333 0.472222 0.483854 0.472222 0.484896 0.474074 0.485417 0.474074 0.486458 0.475926 0.486979 0.475926 0.487500 0.476852 0.488021 0.476852 0.489063 0.478704 0.489583 0.478704 0.490104 0.479630 0.490625 0.479630 0.491667 0.481481 0.492188 0.481481 0.492708 0.482407 0.493229 0.482407 0.494271 0.484259 0.494792 0.484259 0.495312 0.485185 0.495833 0.485185 0.498958 0.490741 0.499479 0.490741 0.510938 0.511111 0.511458 0.511111 0.511979 0.512037 0.512500 0.512037 0.513542 0.513889 0.514062 0.513889 0.515104 0.515741 0.515625 0.515741 0.516146 0.516667 0.516667 0.516667 0.517708 0.518519 0.518229 0.518519 0.519271 0.520370 0.520312 0.520370 0.520833 0.521296 0.521354 0.521296 0.521875 0.520370 0.522396 0.520370 0.522396 0.519444 0.522917 0.518519 0.522917 0.515741 0.522396 0.514815 0.522396 0.513889 0.516146 0.502778 0.516146 0.501852 0.488021 0.451852 0.487500 0.451852 0.486458 0.450000 0.485938 0.450000 0.485417 0.449074 0.484896 0.449074 0.484375 0.448148 0.483854 0.448148 0.483333 0.447222 0.482812 0.447222 0.482292 0.446296 0.481771 0.446296 0.481250 0.445370 0.480729 0.445370 0.479687 0.443519 0.479167 0.443519 0.478646 0.442593 0.478125 0.442593 0.477604 0.441667 0.477083 0.441667
0 0.567708 0.476852 0.070833 0.074074 0.566146 0.439815 0.565104 0.441667 0.564583 0.441667 0.563542 0.443519 0.565104 0.446296 0.565104 0.450000 0.564063 0.451852 0.564063 0.452778 0.556250 0.466667 0.556250 0.467593 0.544271 0.488889 0.544271 0.489815 0.532292 0.511111 0.533333 0.512963 0.533854 0.512963 0.534375 0.513889 0.534896 0.513889 0.535417 0.512963 0.535937 0.512963 0.547917 0.491667 0.547917 0.490741 0.555208 0.477778 0.555729 0.477778 0.561979 0.466667 0.562500 0.466667 0.563542 0.464815 0.564063 0.465741 0.564583 0.465741 0.565104 0.466667 0.565625 0.466667 0.566146 0.467593 0.567187 0.467593 0.567708 0.468519 0.568229 0.468519 0.568750 0.469444 0.569271 0.469444 0.569792 0.470370 0.570312 0.470370 0.570833 0.471296 0.571875 0.471296 0.572396 0.472222 0.572917 0.472222 0.573438 0.473148 0.573958 0.473148 0.574479 0.474074 0.575521 0.474074 0.576042 0.475000 0.576562 0.475000 0.577083 0.475926 0.577604 0.475926 0.578125 0.476852 0.579167 0.476852 0.579688 0.477778 0.580208 0.477778 0.580729 0.478704 0.581250 0.478704 0.581771 0.479630 0.582812 0.479630 0.583333 0.480556 0.583854 0.480556 0.584375 0.481481 0.584896 0.481481 0.585417 0.482407 0.585938 0.482407 0.586458 0.483333 0.587500 0.483333 0.589583 0.487037 0.590104 0.487037 0.592187 0.490741 0.592187 0.491667 0.602083 0.509259 0.603125 0.507407 0.603125 0.503704 0.602604 0.502778 0.602604 0.501852 0.597917 0.493519 0.597917 0.492593 0.585417 0.470370 0.585417 0.469444 0.570312 0.442593 0.569792 0.442593 0.569271 0.441667 0.568750 0.441667 0.568229 0.440741 0.567187 0.440741 0.566667 0.439815
0 0.646354 0.487963 0.086458 0.074074 0.653646 0.450926 0.647917 0.461111 0.647917 0.462037 0.638021 0.479630 0.638021 0.480556 0.627604 0.499074 0.627604 0.500000 0.619271 0.514815 0.618750 0.514815 0.618229 0.515741 0.617188 0.515741 0.616667 0.514815 0.616146 0.514815 0.615625 0.513889 0.615104 0.513889 0.614583 0.512963 0.614062 0.512963 0.613542 0.512037 0.612500 0.512037 0.611979 0.511111 0.611458 0.511111 0.610938 0.510185 0.610417 0.510185 0.609896 0.509259 0.609375 0.509259 0.608854 0.508333 0.607812 0.508333 0.607292 0.507407 0.606771 0.507407 0.606250 0.506481 0.605729 0.506481 0.605208 0.505556 0.604167 0.505556 0.603646 0.504630 0.603646 0.507407 0.603125 0.508333 0.603125 0.509259 0.603646 0.509259 0.604167 0.510185 0.605208 0.510185 0.605729 0.511111 0.606250 0.511111 0.606771 0.512037 0.607292 0.512037 0.607812 0.512963 0.608333 0.512963 0.608854 0.513889 0.609375 0.513889 0.609896 0.514815 0.610938 0.514815 0.611458 0.515741 0.611979 0.515741 0.612500 0.516667 0.613021 0.516667 0.613542 0.517593 0.614062 0.517593 0.614583 0.518519 0.615104 0.518519 0.615625 0.519444 0.616667 0.519444 0.617188 0.520370 0.617708 0.520370 0.618229 0.521296 0.618750 0.521296 0.619271 0.522222 0.619792 0.522222 0.620313 0.523148 0.620833 0.523148 0.621354 0.524074 0.622396 0.524074 0.622917 0.525000 0.623437 0.524074 0.623958 0.524074 0.631771 0.510185 0.631771 0.509259 0.647917 0.480556 0.648438 0.480556 0.650000 0.477778 0.651563 0.477778 0.652083 0.478704 0.653125 0.478704 0.653646 0.479630 0.654687 0.479630 0.655208 0.480556 0.656250 0.480556 0.656771 0.481481 0.657292 0.481481 0.657813 0.482407 0.658854 0.482407 0.659375 0.483333 0.660417 0.483333 0.660937 0.484259 0.661979 0.484259 0.671354 0.500926 0.671354 0.501852 0.678125 0.513889 0.679167 0.513889 0.679688 0.514815 0.680208 0.514815 0.680729 0.515741 0.681771 0.515741 0.682292 0.516667 0.682813 0.516667 0.683333 0.517593 0.684375 0.517593 0.684896 0.518519 0.685937 0.518519 0.686458 0.519444 0.689063 0.519444 0.689583 0.518519 0.689583 0.513889 0.688021 0.511111 0.688021 0.510185 0.683333 0.501852 0.683333 0.500926 0.677083 0.489815 0.677083 0.488889 0.670312 0.476852 0.670312 0.475926 0.664062 0.464815 0.664062 0.463889 0.658333 0.453704 0.657813 0.453704 0.657292 0.452778 0.656250 0.452778 0.655729 0.451852 0.654687 0.451852 0.654167 0.450926
0 0.355469 0.481481 0.082812 0.081481 0.314063 0.440741 0.314583 0.441667 0.314583 0.443519 0.315104 0.444444 0.315104 0.446296 0.315625 0.447222 0.315625 0.449074 0.316146 0.450000 0.316146 0.451852 0.316667 0.452778 0.316667 0.453704 0.317188 0.454630 0.317188 0.456481 0.327083 0.474074 0.327604 0.474074 0.336458 0.489815 0.336979 0.489815 0.345833 0.505556 0.346354 0.505556 0.353646 0.518519 0.354167 0.518519 0.356250 0.522222 0.358333 0.522222 0.358854 0.521296 0.359375 0.521296 0.393229 0.461111 0.393229 0.460185 0.396354 0.454630 0.396354 0.453704 0.396875 0.452778 0.396875 0.451852 0.396354 0.450926 0.396354 0.450000 0.394792 0.447222 0.393750 0.447222 0.391146 0.451852 0.390625 0.451852 0.384375 0.462963 0.383854 0.462963 0.364583 0.497222 0.363021 0.497222 0.360417 0.492593 0.360417 0.491667 0.359896 0.490741 0.359896 0.489815 0.357812 0.489815 0.356250 0.487037 0.355729 0.487037 0.351562 0.479630 0.352083 0.480556 0.352083 0.481481 0.352604 0.482407 0.352604 0.483333 0.353646 0.485185 0.353646 0.486111 0.354167 0.487037 0.354167 0.490741 0.352604 0.493519 0.350521 0.493519 0.350000 0.492593 0.349479 0.492593 0.347396 0.488889 0.346875 0.488889 0.339583 0.475926 0.339062 0.475926 0.332813 0.464815 0.332292 0.464815 0.327604 0.456481 0.327083 0.456481 0.324479 0.451852 0.323958 0.451852 0.321875 0.448148 0.321354 0.448148 0.319792 0.445370 0.319271 0.445370 0.318229 0.443519 0.317708 0.443519 0.317188 0.442593 0.316667 0.442593 0.316146 0.441667 0.314583 0.441667
0 0.436458 0.478704 0.081250 0.074074 0.398958 0.441667 0.398438 0.442593 0.397917 0.442593 0.397396 0.443519 0.396875 0.443519 0.396354 0.444444 0.395833 0.444444 0.395833 0.445370 0.404167 0.460185 0.404687 0.460185 0.410938 0.471296 0.411458 0.471296 0.418229 0.483333 0.418750 0.483333 0.425521 0.495370 0.426042 0.495370 0.432292 0.506481 0.432812 0.506481 0.437500 0.514815 0.438021 0.514815 0.438542 0.515741 0.439583 0.515741 0.440104 0.514815 0.440625 0.514815 0.459375 0.481481 0.459375 0.480556 0.476042 0.450926 0.476042 0.450000 0.477083 0.448148 0.477083 0.445370 0.476562 0.444444 0.476562 0.443519 0.476042 0.442593 0.475000 0.442593 0.450000 0.487037 0.447917 0.487037 0.446875 0.485185 0.446354 0.485185 0.444271 0.481481 0.443750 0.481481 0.442188 0.478704 0.441667 0.478704 0.441146 0.477778 0.440104 0.477778 0.439583 0.478704 0.438542 0.478704 0.437500 0.476852 0.436979 0.476852 0.434896 0.473148 0.434375 0.473148 0.432812 0.470370 0.432292 0.470370 0.430208 0.466667 0.429688 0.466667 0.427604 0.462963 0.427083 0.462963 0.425521 0.460185 0.425000 0.460185 0.422917 0.456481 0.431771 0.472222 0.432292 0.472222 0.438021 0.482407 0.438021 0.483333 0.440104 0.487037 0.440104 0.490741 0.438542 0.493519 0.436458 0.493519 0.435937 0.492593 0.435417 0.492593 0.433333 0.488889 0.432812 0.488889 0.429688 0.483333 0.429167 0.483333 0.426563 0.478704 0.426042 0.478704 0.422917 0.473148 0.422396 0.473148 0.419271 0.467593 0.418750 0.467593 0.416146 0.462963 0.415625 0.462963 0.412500 0.457407 0.411979 0.457407 0.408854 0.451852 0.408333 0.451852 0.404167 0.444444 0.403646 0.444444 0.402083 0.441667
0 0.520833 0.475926 0.087500 0.081481 0.480208 0.435185 0.479167 0.437037 0.478646 0.437037 0.477083 0.439815 0.477083 0.440741 0.477604 0.440741 0.478125 0.441667 0.478646 0.441667 0.479167 0.442593 0.479687 0.442593 0.480729 0.444444 0.481250 0.444444 0.481771 0.445370 0.482292 0.445370 0.482812 0.446296 0.483333 0.446296 0.483854 0.447222 0.484375 0.447222 0.484896 0.448148 0.485417 0.448148 0.485938 0.449074 0.486458 0.449074 0.487500 0.450926 0.488021 0.450926 0.516667 0.501852 0.516667 0.502778 0.520312 0.509259 0.520833 0.509259 0.521875 0.511111 0.522396 0.511111 0.522917 0.512037 0.523438 0.512037 0.524479 0.513889 0.525000 0.513889 0.525521 0.514815 0.526042 0.514815 0.526563 0.515741 0.527083 0.515741 0.527604 0.516667 0.528125 0.516667 0.528646 0.515741 0.529167 0.515741 0.543750 0.489815 0.543750 0.488889 0.555729 0.467593 0.555729 0.466667 0.563542 0.452778 0.563542 0.451852 0.564583 0.450000 0.564583 0.446296 0.563542 0.444444 0.563021 0.444444 0.548958 0.469444 0.548958 0.470370 0.542188 0.482407 0.541667 0.482407 0.541146 0.483333 0.539583 0.483333 0.539062 0.482407 0.538542 0.482407 0.538021 0.481481 0.537500 0.481481 0.536979 0.480556 0.536458 0.480556 0.535937 0.479630 0.535417 0.479630 0.534896 0.478704 0.534375 0.478704 0.533854 0.477778 0.532813 0.477778 0.530729 0.481481 0.530208 0.481481 0.529687 0.482407 0.529167 0.482407 0.528646 0.481481 0.527604 0.481481 0.526563 0.479630 0.526042 0.479630 0.525521 0.478704 0.525000 0.478704 0.524479 0.477778 0.523958 0.477778 0.523438 0.476852 0.522917 0.476852 0.522396 0.475926 0.521875 0.475926 0.521354 0.475000 0.522396 0.476852 0.522396 0.480556 0.521354 0.482407 0.520833 0.482407 0.520312 0.483333 0.518750 0.483333 0.518229 0.482407 0.517708 0.482407 0.516667 0.480556 0.516146 0.480556 0.515625 0.479630 0.515104 0.479630 0.514583 0.478704 0.514062 0.478704 0.513542 0.477778 0.513021 0.477778 0.512500 0.476852 0.511979 0.476852 0.511458 0.475926 0.510938 0.475926 0.495312 0.448148 0.494792 0.448148 0.494271 0.447222 0.493750 0.447222 0.493229 0.446296 0.492708 0.446296 0.492188 0.445370 0.491667 0.445370 0.491146 0.444444 0.490625 0.444444 0.490104 0.443519 0.489583 0.443519 0.489063 0.442593 0.488542 0.442593 0.488021 0.441667 0.487500 0.441667 0.486979 0.440741 0.486458 0.440741 0.485938 0.439815 0.485417 0.439815 0.484896 0.438889 0.484375 0.438889 0.483854 0.437963 0.483333 0.437963 0.482812 0.437037 0.482292 0.437037 0.481771 0.436111 0.481250 0.436111 0.480729 0.435185
0 0.610417 0.475000 0.087500 0.079630 0.568750 0.435185 0.566667 0.438889 0.567187 0.439815 0.568229 0.439815 0.568750 0.440741 0.569271 0.440741 0.569792 0.441667 0.570312 0.441667 0.585938 0.469444 0.585938 0.470370 0.598437 0.492593 0.598437 0.493519 0.603125 0.501852 0.603125 0.502778 0.604167 0.504630 0.605208 0.504630 0.605729 0.505556 0.606250 0.505556 0.606771 0.506481 0.607292 0.506481 0.607812 0.507407 0.608854 0.507407 0.609375 0.508333 0.609896 0.508333 0.610417 0.509259 0.610938 0.509259 0.611458 0.510185 0.611979 0.510185 0.612500 0.511111 0.613542 0.511111 0.614062 0.512037 0.614583 0.512037 0.615104 0.512963 0.615625 0.512963 0.616146 0.513889 0.616667 0.513889 0.617188 0.514815 0.618229 0.514815 0.618750 0.513889 0.619271 0.513889 0.627083 0.500000 0.627083 0.499074 0.637500 0.480556 0.637500 0.479630 0.647396 0.462037 0.647396 0.461111 0.653125 0.450926 0.653125 0.450000 0.653646 0.449074 0.653646 0.448148 0.654167 0.447222 0.654167 0.446296 0.653646 0.445370 0.653646 0.444444 0.653125 0.443519 0.652604 0.443519 0.652083 0.442593 0.651042 0.442593 0.650521 0.441667 0.648958 0.441667 0.648438 0.440741 0.646875 0.440741 0.645833 0.442593 0.645312 0.442593 0.626042 0.476852 0.626042 0.477778 0.621354 0.486111 0.620833 0.486111 0.620313 0.487037 0.619271 0.487037 0.618750 0.486111 0.617708 0.486111 0.617188 0.485185 0.616667 0.485185 0.616146 0.484259 0.615104 0.484259 0.614583 0.483333 0.614062 0.483333 0.613542 0.482407 0.612500 0.482407 0.611979 0.481481 0.610938 0.481481 0.610417 0.480556 0.609896 0.480556 0.609375 0.479630 0.607812 0.479630 0.607292 0.478704 0.606250 0.478704 0.605729 0.477778 0.605208 0.477778 0.604688 0.476852 0.603646 0.476852 0.603125 0.475926 0.602604 0.475926 0.599479 0.470370 0.599479 0.469444 0.586979 0.447222 0.586458 0.447222 0.585938 0.446296 0.584896 0.446296 0.584375 0.445370 0.583854 0.445370 0.583333 0.444444 0.582292 0.444444 0.581771 0.443519 0.580729 0.443519 0.580208 0.442593 0.579167 0.442593 0.578646 0.441667 0.578125 0.441667 0.577604 0.440741 0.576562 0.440741 0.576042 0.439815 0.575000 0.439815 0.574479 0.438889 0.573958 0.438889 0.573438 0.437963 0.572396 0.437963 0.571875 0.437037 0.570833 0.437037 0.570312 0.436111 0.569271 0.436111
0 0.691927 0.486111 0.066146 0.068519 0.723437 0.451852 0.716667 0.463889 0.716667 0.464815 0.707812 0.480556 0.707812 0.481481 0.699479 0.496296 0.696875 0.496296 0.696354 0.495370 0.695312 0.495370 0.694792 0.494444 0.693750 0.494444 0.693229 0.493519 0.692187 0.493519 0.691667 0.492593 0.690625 0.492593 0.690104 0.491667 0.689063 0.491667 0.688542 0.490741 0.687500 0.490741 0.686979 0.489815 0.685937 0.489815 0.685417 0.488889 0.684375 0.488889 0.683854 0.487963 0.682813 0.487963 0.682292 0.487037 0.681250 0.487037 0.680729 0.486111 0.679688 0.486111 0.679167 0.485185 0.678125 0.485185 0.672917 0.475926 0.672917 0.475000 0.666146 0.462963 0.666146 0.462037 0.663021 0.456481 0.662500 0.456481 0.661979 0.455556 0.661458 0.455556 0.660937 0.454630 0.659375 0.454630 0.658854 0.453704 0.664583 0.463889 0.664583 0.464815 0.670833 0.475926 0.670833 0.476852 0.677604 0.488889 0.677604 0.489815 0.683854 0.500926 0.683854 0.501852 0.688542 0.510185 0.688542 0.511111 0.690104 0.513889 0.690104 0.518519 0.689583 0.519444 0.690104 0.520370 0.691667 0.520370 0.701562 0.502778 0.701562 0.501852 0.710417 0.486111 0.710417 0.485185 0.719271 0.469444 0.719271 0.468519 0.724479 0.459259 0.724479 0.458333 0.725000 0.457407 0.725000 0.453704 0.723958 0.451852
0 0.313281 0.449537 0.080729 0.095370 0.310937 0.401852 0.310417 0.402778 0.309375 0.402778 0.308333 0.404630 0.307812 0.404630 0.306771 0.406481 0.306250 0.406481 0.304167 0.410185 0.303646 0.410185 0.300000 0.416667 0.299479 0.416667 0.294271 0.425926 0.294271 0.427778 0.294792 0.428704 0.294792 0.432407 0.295312 0.433333 0.295312 0.436111 0.295833 0.437037 0.295833 0.440741 0.296354 0.441667 0.296354 0.442593 0.295833 0.443519 0.295833 0.444444 0.291146 0.452778 0.291146 0.453704 0.272917 0.486111 0.272917 0.493519 0.274479 0.496296 0.275000 0.496296 0.275521 0.497222 0.276042 0.496296 0.276562 0.496296 0.278125 0.493519 0.278646 0.493519 0.300521 0.454630 0.301042 0.454630 0.304688 0.448148 0.305208 0.448148 0.307292 0.444444 0.307812 0.444444 0.308854 0.442593 0.309375 0.442593 0.309896 0.441667 0.310417 0.441667 0.310937 0.440741 0.312500 0.440741 0.313021 0.439815 0.314063 0.439815 0.314583 0.440741 0.316146 0.440741 0.316667 0.441667 0.317188 0.441667 0.317708 0.442593 0.318229 0.442593 0.319271 0.444444 0.319792 0.444444 0.321354 0.447222 0.321875 0.447222 0.323958 0.450926 0.324479 0.450926 0.327083 0.455556 0.327604 0.455556 0.332292 0.463889 0.332813 0.463889 0.339062 0.475000 0.339583 0.475000 0.346875 0.487963 0.347396 0.487963 0.349479 0.491667 0.350000 0.491667 0.350521 0.492593 0.352604 0.492593 0.353646 0.490741 0.353646 0.487037 0.353125 0.486111 0.353125 0.485185 0.352083 0.483333 0.352083 0.482407 0.351562 0.481481 0.351562 0.480556 0.351042 0.479630 0.351042 0.478704 0.349479 0.475926 0.348958 0.475926 0.339583 0.459259 0.339062 0.459259 0.329688 0.442593 0.329167 0.442593 0.317188 0.421296 0.317188 0.420370 0.316667 0.419444 0.316667 0.417593 0.316146 0.416667 0.316146 0.415741 0.315625 0.414815 0.315625 0.413889 0.315104 0.412963 0.315104 0.411111 0.314583 0.410185 0.314583 0.409259 0.314063 0.408333 0.314063 0.407407 0.313542 0.406481 0.313542 0.404630 0.313021 0.403704 0.313021 0.402778 0.312500 0.401852
0 0.400000 0.456944 0.079167 0.078704 0.399479 0.417593 0.399479 0.418519 0.398958 0.419444 0.398958 0.420370 0.388021 0.439815 0.388021 0.440741 0.360938 0.488889 0.360417 0.488889 0.360417 0.490741 0.360938 0.491667 0.360938 0.492593 0.363021 0.496296 0.364583 0.496296 0.383854 0.462037 0.384375 0.462037 0.390625 0.450926 0.391146 0.450926 0.393750 0.446296 0.394271 0.446296 0.395833 0.443519 0.396354 0.443519 0.396875 0.442593 0.397396 0.442593 0.397917 0.441667 0.398438 0.441667 0.398958 0.440741 0.402083 0.440741 0.403646 0.443519 0.404167 0.443519 0.408333 0.450926 0.408854 0.450926 0.411979 0.456481 0.412500 0.456481 0.415625 0.462037 0.416146 0.462037 0.418750 0.466667 0.419271 0.466667 0.422396 0.472222 0.422917 0.472222 0.426042 0.477778 0.426563 0.477778 0.429167 0.482407 0.429688 0.482407 0.432812 0.487963 0.433333 0.487963 0.435417 0.491667 0.435937 0.491667 0.436458 0.492593 0.438542 0.492593 0.439583 0.490741 0.439583 0.487037 0.437500 0.483333 0.437500 0.482407 0.432292 0.473148 0.431771 0.473148 0.404167 0.424074 0.403646 0.424074 0.401562 0.420370 0.401042 0.420370
0 0.481510 0.445833 0.080729 0.080556 0.477083 0.405556 0.477604 0.406481 0.477604 0.409259 0.477083 0.410185 0.477083 0.411111 0.475000 0.414815 0.475000 0.415741 0.459375 0.443519 0.459375 0.444444 0.441146 0.476852 0.441667 0.477778 0.442188 0.477778 0.443750 0.480556 0.444271 0.480556 0.446354 0.484259 0.446875 0.484259 0.447917 0.486111 0.450000 0.486111 0.475521 0.440741 0.476042 0.440741 0.478646 0.436111 0.479167 0.436111 0.480208 0.434259 0.480729 0.434259 0.481250 0.435185 0.481771 0.435185 0.482292 0.436111 0.482812 0.436111 0.483333 0.437037 0.483854 0.437037 0.484375 0.437963 0.484896 0.437963 0.485417 0.438889 0.485938 0.438889 0.486458 0.439815 0.486979 0.439815 0.487500 0.440741 0.488021 0.440741 0.488542 0.441667 0.489063 0.441667 0.489583 0.442593 0.490104 0.442593 0.490625 0.443519 0.491146 0.443519 0.491667 0.444444 0.492188 0.444444 0.492708 0.445370 0.493229 0.445370 0.493750 0.446296 0.494271 0.446296 0.494792 0.447222 0.495312 0.447222 0.510938 0.475000 0.511458 0.475000 0.511979 0.475926 0.512500 0.475926 0.513021 0.476852 0.513542 0.476852 0.514062 0.477778 0.514583 0.477778 0.515104 0.478704 0.515625 0.478704 0.516146 0.479630 0.516667 0.479630 0.517708 0.481481 0.518229 0.481481 0.518750 0.482407 0.520312 0.482407 0.520833 0.481481 0.521354 0.481481 0.521875 0.480556 0.521875 0.476852 0.520312 0.474074 0.520312 0.473148 0.492188 0.423148 0.492188 0.422222 0.489063 0.416667 0.488542 0.416667 0.485938 0.412037 0.484896 0.412037 0.484375 0.411111 0.483854 0.411111 0.483333 0.410185 0.482812 0.410185 0.482292 0.409259 0.481771 0.409259 0.481250 0.408333 0.480208 0.408333 0.479687 0.407407 0.479167 0.407407 0.478646 0.406481 0.478125 0.406481 0.477604 0.405556
0 0.571875 0.443056 0.077083 0.078704 0.564583 0.403704 0.563021 0.406481 0.564063 0.406481 0.564583 0.407407 0.565104 0.407407 0.566667 0.410185 0.566667 0.411111 0.567187 0.412037 0.567187 0.412963 0.566667 0.413889 0.566667 0.414815 0.565104 0.417593 0.565104 0.418519 0.555729 0.435185 0.555729 0.436111 0.543229 0.458333 0.543229 0.459259 0.533333 0.476852 0.533854 0.476852 0.534375 0.477778 0.534896 0.477778 0.535417 0.478704 0.535937 0.478704 0.536458 0.479630 0.536979 0.479630 0.537500 0.480556 0.538021 0.480556 0.538542 0.481481 0.539062 0.481481 0.539583 0.482407 0.541146 0.482407 0.541667 0.481481 0.542188 0.481481 0.548438 0.470370 0.548438 0.469444 0.564583 0.440741 0.565104 0.440741 0.568750 0.434259 0.569271 0.435185 0.570312 0.435185 0.570833 0.436111 0.571875 0.436111 0.572396 0.437037 0.573438 0.437037 0.573958 0.437963 0.574479 0.437963 0.575000 0.438889 0.576042 0.438889 0.576562 0.439815 0.577604 0.439815 0.578125 0.440741 0.578646 0.440741 0.579167 0.441667 0.580208 0.441667 0.580729 0.442593 0.581771 0.442593 0.582292 0.443519 0.583333 0.443519 0.583854 0.444444 0.584375 0.444444 0.584896 0.445370 0.585938 0.445370 0.586458 0.446296 0.586979 0.446296 0.600000 0.469444 0.600000 0.470370 0.602604 0.475000 0.603125 0.475000 0.603646 0.475926 0.604688 0.475926 0.605208 0.476852 0.605729 0.476852 0.606250 0.477778 0.607292 0.477778 0.607812 0.478704 0.609375 0.478704 0.610417 0.476852 0.610417 0.473148 0.609896 0.472222 0.609896 0.471296 0.605208 0.462963 0.605208 0.462037 0.595313 0.444444 0.595313 0.443519 0.585417 0.425926 0.585417 0.425000 0.577083 0.410185 0.576562 0.410185 0.576042 0.409259 0.575000 0.409259 0.574479 0.408333 0.573438 0.408333 0.572917 0.407407 0.571875 0.407407 0.571354 0.406481 0.569792 0.406481 0.569271 0.405556 0.568229 0.405556 0.567708 0.404630 0.566667 0.404630 0.566146 0.403704
0 0.648177 0.450000 0.076563 0.072222 0.650521 0.413889 0.650521 0.414815 0.643229 0.427778 0.643229 0.428704 0.632812 0.447222 0.632812 0.448148 0.621875 0.467593 0.621875 0.468519 0.617708 0.475926 0.617188 0.475926 0.616146 0.477778 0.614583 0.477778 0.614062 0.476852 0.613542 0.476852 0.613021 0.475926 0.611979 0.475926 0.611458 0.475000 0.610938 0.475000 0.610938 0.476852 0.609896 0.478704 0.609896 0.479630 0.610417 0.479630 0.610938 0.480556 0.611979 0.480556 0.612500 0.481481 0.613542 0.481481 0.614062 0.482407 0.614583 0.482407 0.615104 0.483333 0.616146 0.483333 0.616667 0.484259 0.617188 0.484259 0.617708 0.485185 0.618750 0.485185 0.619271 0.486111 0.620313 0.486111 0.620833 0.485185 0.621354 0.485185 0.625521 0.477778 0.625521 0.476852 0.645312 0.441667 0.645833 0.441667 0.646875 0.439815 0.648438 0.439815 0.648958 0.440741 0.650521 0.440741 0.651042 0.441667 0.652083 0.441667 0.652604 0.442593 0.653125 0.442593 0.654167 0.444444 0.654167 0.445370 0.654687 0.446296 0.654687 0.447222 0.654167 0.448148 0.654167 0.449074 0.653646 0.450000 0.654167 0.450000 0.654687 0.450926 0.655729 0.450926 0.656250 0.451852 0.657292 0.451852 0.657813 0.452778 0.658854 0.452778 0.659375 0.453704 0.660937 0.453704 0.661458 0.454630 0.661979 0.454630 0.662500 0.455556 0.663021 0.455556 0.666667 0.462037 0.666667 0.462963 0.673438 0.475000 0.673438 0.475926 0.673958 0.475926 0.674479 0.476852 0.675521 0.476852 0.676042 0.477778 0.677083 0.477778 0.677604 0.478704 0.678646 0.478704 0.679167 0.479630 0.680208 0.479630 0.680729 0.480556 0.681771 0.480556 0.682292 0.481481 0.683333 0.481481 0.683854 0.482407 0.684896 0.482407 0.686458 0.479630 0.686458 0.477778 0.685937 0.476852 0.685937 0.475926 0.685417 0.475000 0.685417 0.474074 0.681250 0.466667 0.681250 0.465741 0.675521 0.455556 0.675521 0.454630 0.669792 0.444444 0.669792 0.443519 0.664062 0.433333 0.664062 0.432407 0.657813 0.421296 0.657813 0.420370 0.655729 0.416667 0.655208 0.416667 0.654167 0.414815 0.652604 0.414815 0.652083 0.413889
0 0.355990 0.445370 0.085938 0.087037 0.313021 0.401852 0.313542 0.402778 0.313542 0.403704 0.314063 0.404630 0.314063 0.406481 0.314583 0.407407 0.314583 0.408333 0.315104 0.409259 0.315104 0.410185 0.315625 0.411111 0.315625 0.412963 0.316146 0.413889 0.316146 0.414815 0.316667 0.415741 0.316667 0.416667 0.317188 0.417593 0.317188 0.419444 0.317708 0.420370 0.317708 0.421296 0.329167 0.441667 0.329688 0.441667 0.339062 0.458333 0.339583 0.458333 0.348958 0.475000 0.349479 0.475000 0.355729 0.486111 0.356250 0.486111 0.357812 0.488889 0.359896 0.488889 0.360417 0.487963 0.360938 0.487963 0.387500 0.440741 0.387500 0.439815 0.398438 0.420370 0.398438 0.419444 0.398958 0.418519 0.398958 0.415741 0.396354 0.411111 0.395833 0.411111 0.394271 0.408333 0.393750 0.408333 0.392708 0.406481 0.392188 0.407407 0.391667 0.407407 0.388542 0.412963 0.388021 0.412963 0.364583 0.454630 0.364063 0.454630 0.363021 0.456481 0.361979 0.456481 0.361458 0.455556 0.360938 0.455556 0.359896 0.453704 0.359896 0.452778 0.358333 0.450000 0.358333 0.449074 0.357292 0.447222 0.356250 0.447222 0.355729 0.446296 0.355208 0.446296 0.350521 0.437963 0.350000 0.437963 0.347917 0.434259 0.348958 0.436111 0.348958 0.437037 0.350000 0.438889 0.350000 0.439815 0.351562 0.442593 0.351562 0.443519 0.352604 0.445370 0.352604 0.446296 0.353646 0.448148 0.353646 0.450926 0.353125 0.451852 0.353125 0.452778 0.352604 0.453704 0.352083 0.453704 0.351562 0.454630 0.350000 0.454630 0.349479 0.453704 0.348958 0.453704 0.346354 0.449074 0.345833 0.449074 0.338021 0.435185 0.337500 0.435185 0.330729 0.423148 0.330208 0.423148 0.326562 0.416667 0.326042 0.416667 0.322917 0.411111 0.322396 0.411111 0.320833 0.408333 0.320312 0.408333 0.318750 0.405556 0.318229 0.405556 0.317188 0.403704 0.316667 0.403704 0.316146 0.402778 0.315104 0.402778 0.314583 0.401852
0 0.435156 0.439352 0.083854 0.076852 0.397917 0.400926 0.397396 0.401852 0.396354 0.401852 0.395833 0.402778 0.395313 0.402778 0.394271 0.404630 0.393750 0.404630 0.393229 0.405556 0.393229 0.406481 0.393750 0.407407 0.394271 0.407407 0.395833 0.410185 0.396354 0.410185 0.399479 0.415741 0.399479 0.416667 0.401042 0.419444 0.401562 0.419444 0.403646 0.423148 0.404167 0.423148 0.422396 0.455556 0.422917 0.455556 0.425000 0.459259 0.425521 0.459259 0.427083 0.462037 0.427604 0.462037 0.429688 0.465741 0.430208 0.465741 0.432292 0.469444 0.432812 0.469444 0.434375 0.472222 0.434896 0.472222 0.436979 0.475926 0.437500 0.475926 0.438542 0.477778 0.439583 0.477778 0.440104 0.476852 0.440625 0.476852 0.458854 0.444444 0.458854 0.443519 0.474479 0.415741 0.474479 0.414815 0.476562 0.411111 0.476562 0.410185 0.477083 0.409259 0.477083 0.406481 0.476042 0.404630 0.475521 0.404630 0.475000 0.403704 0.449479 0.449074 0.447396 0.449074 0.446875 0.448148 0.446354 0.448148 0.445312 0.446296 0.444792 0.446296 0.443750 0.444444 0.443229 0.444444 0.442188 0.442593 0.441667 0.442593 0.441146 0.441667 0.439063 0.441667 0.438542 0.440741 0.438021 0.440741 0.436979 0.438889 0.436458 0.438889 0.435417 0.437037 0.434896 0.437037 0.433854 0.435185 0.433333 0.435185 0.432292 0.433333 0.431771 0.433333 0.430729 0.431481 0.430208 0.431481 0.429688 0.430556 0.429167 0.430556 0.428125 0.428704 0.437500 0.445370 0.437500 0.446296 0.438021 0.447222 0.438021 0.450000 0.436458 0.452778 0.434375 0.452778 0.433854 0.451852 0.433333 0.451852 0.432292 0.450000 0.431771 0.450000 0.430208 0.447222 0.429688 0.447222 0.428646 0.445370 0.428125 0.445370 0.426563 0.442593 0.426042 0.442593 0.425000 0.440741 0.424479 0.440741 0.422396 0.437037 0.421875 0.437037 0.407813 0.412037 0.407292 0.412037 0.404687 0.407407 0.404167 0.407407 0.403125 0.405556 0.402604 0.405556 0.401562 0.403704 0.401042 0.403704 0.400000 0.401852 0.399479 0.401852 0.398958 0.400926
0 0.521094 0.440278 0.091146 0.082407 0.478125 0.399074 0.475521 0.403704 0.476042 0.403704 0.476562 0.404630 0.477604 0.404630 0.478125 0.405556 0.478646 0.405556 0.479167 0.406481 0.479687 0.406481 0.480208 0.407407 0.481250 0.407407 0.481771 0.408333 0.482292 0.408333 0.482812 0.409259 0.483333 0.409259 0.483854 0.410185 0.484375 0.410185 0.484896 0.411111 0.485938 0.411111 0.488542 0.415741 0.489063 0.415741 0.492708 0.422222 0.492708 0.423148 0.520833 0.473148 0.520833 0.474074 0.521354 0.474074 0.521875 0.475000 0.522396 0.475000 0.522917 0.475926 0.523438 0.475926 0.523958 0.476852 0.524479 0.476852 0.525000 0.477778 0.525521 0.477778 0.526042 0.478704 0.526563 0.478704 0.527604 0.480556 0.528646 0.480556 0.529167 0.481481 0.529687 0.481481 0.530208 0.480556 0.530729 0.480556 0.542708 0.459259 0.542708 0.458333 0.555208 0.436111 0.555208 0.435185 0.564583 0.418519 0.564583 0.417593 0.566146 0.414815 0.566146 0.413889 0.566667 0.412963 0.566667 0.412037 0.566146 0.411111 0.566146 0.410185 0.565104 0.408333 0.564583 0.408333 0.564063 0.407407 0.562500 0.407407 0.561979 0.408333 0.561458 0.408333 0.551562 0.425926 0.551562 0.426852 0.541146 0.445370 0.540625 0.445370 0.540104 0.446296 0.539062 0.446296 0.538542 0.445370 0.538021 0.445370 0.537500 0.444444 0.536979 0.444444 0.536458 0.443519 0.535937 0.443519 0.534375 0.446296 0.533854 0.446296 0.533333 0.447222 0.532813 0.447222 0.532292 0.448148 0.531771 0.447222 0.531250 0.447222 0.530729 0.446296 0.529687 0.446296 0.529167 0.445370 0.528646 0.445370 0.528125 0.444444 0.527604 0.444444 0.527083 0.443519 0.526042 0.443519 0.525521 0.442593 0.525000 0.442593 0.524479 0.441667 0.523958 0.441667 0.523438 0.440741 0.522917 0.440741 0.522396 0.439815 0.521875 0.439815 0.521875 0.442593 0.520312 0.445370 0.519792 0.445370 0.519271 0.446296 0.518750 0.446296 0.518229 0.445370 0.517708 0.445370 0.517188 0.444444 0.516667 0.444444 0.516146 0.443519 0.515625 0.443519 0.515104 0.442593 0.514062 0.442593 0.497917 0.413889 0.497396 0.413889 0.495833 0.411111 0.494792 0.411111 0.494271 0.410185 0.493750 0.410185 0.493229 0.409259 0.492708 0.409259 0.492188 0.408333 0.491146 0.408333 0.490625 0.407407 0.490104 0.407407 0.489583 0.406481 0.488542 0.406481 0.488021 0.405556 0.487500 0.405556 0.486979 0.404630 0.486458 0.404630 0.485938 0.403704 0.484896 0.403704 0.484375 0.402778 0.483854 0.402778 0.483333 0.401852 0.482292 0.401852 0.481771 0.400926 0.481250 0.400926 0.480729 0.400000 0.480208 0.400000 0.479687 0.399074
0 0.608333 0.438426 0.086458 0.076852 0.566667 0.400000 0.565104 0.402778 0.566146 0.402778 0.566667 0.403704 0.567708 0.403704 0.568229 0.404630 0.569271 0.404630 0.569792 0.405556 0.571354 0.405556 0.571875 0.406481 0.572917 0.406481 0.573438 0.407407 0.574479 0.407407 0.575000 0.408333 0.576042 0.408333 0.576562 0.409259 0.577083 0.409259 0.585938 0.425000 0.585938 0.425926 0.595833 0.443519 0.595833 0.444444 0.605729 0.462037 0.605729 0.462963 0.610417 0.471296 0.610417 0.472222 0.610938 0.473148 0.610938 0.474074 0.611458 0.474074 0.611979 0.475000 0.613021 0.475000 0.613542 0.475926 0.614062 0.475926 0.614583 0.476852 0.616146 0.476852 0.617188 0.475000 0.617708 0.475000 0.621354 0.468519 0.621354 0.467593 0.632292 0.448148 0.632292 0.447222 0.642708 0.428704 0.642708 0.427778 0.650000 0.414815 0.650000 0.413889 0.651042 0.412037 0.651042 0.411111 0.651563 0.410185 0.651563 0.409259 0.651042 0.408333 0.651042 0.407407 0.650000 0.405556 0.648438 0.405556 0.647917 0.404630 0.646354 0.404630 0.645833 0.403704 0.644271 0.403704 0.643750 0.402778 0.640104 0.409259 0.639583 0.409259 0.627604 0.430556 0.627604 0.431481 0.617708 0.449074 0.615625 0.449074 0.615104 0.448148 0.614062 0.448148 0.613542 0.447222 0.612500 0.447222 0.611979 0.446296 0.610938 0.446296 0.610417 0.445370 0.609375 0.445370 0.608854 0.444444 0.607812 0.444444 0.607292 0.443519 0.606250 0.443519 0.605729 0.442593 0.604688 0.442593 0.604167 0.441667 0.603125 0.441667 0.602604 0.440741 0.602083 0.440741 0.591667 0.422222 0.591667 0.421296 0.585417 0.410185 0.584896 0.410185 0.583854 0.408333 0.582812 0.408333 0.582292 0.407407 0.580729 0.407407 0.580208 0.406481 0.579167 0.406481 0.578646 0.405556 0.577604 0.405556 0.577083 0.404630 0.575521 0.404630 0.575000 0.403704 0.573958 0.403704 0.573438 0.402778 0.572396 0.402778 0.571875 0.401852 0.570312 0.401852 0.569792 0.400926 0.568750 0.400926 0.568229 0.400000
0 0.696875 0.447685 0.071875 0.095370 0.663542 0.400000 0.664062 0.400926 0.664062 0.401852 0.669271 0.411111 0.669271 0.412037 0.674479 0.421296 0.674479 0.422222 0.679688 0.431481 0.679688 0.432407 0.682813 0.437963 0.682813 0.438889 0.683333 0.439815 0.683333 0.442593 0.682813 0.443519 0.682813 0.444444 0.682292 0.445370 0.681771 0.445370 0.681250 0.446296 0.680729 0.446296 0.680208 0.445370 0.678646 0.445370 0.678125 0.444444 0.677083 0.444444 0.675000 0.440741 0.675000 0.439815 0.669792 0.430556 0.669271 0.430556 0.668750 0.429630 0.667188 0.429630 0.666667 0.428704 0.665104 0.428704 0.664583 0.427778 0.663021 0.427778 0.662500 0.426852 0.661458 0.426852 0.660937 0.425926 0.664583 0.432407 0.664583 0.433333 0.670312 0.443519 0.670312 0.444444 0.676042 0.454630 0.676042 0.455556 0.681771 0.465741 0.681771 0.466667 0.685937 0.474074 0.685937 0.475000 0.686458 0.475926 0.686458 0.476852 0.686979 0.477778 0.686979 0.479630 0.684896 0.483333 0.683854 0.483333 0.683333 0.482407 0.682292 0.482407 0.681771 0.481481 0.680729 0.481481 0.680208 0.480556 0.679167 0.480556 0.678646 0.479630 0.677604 0.479630 0.677083 0.478704 0.676042 0.478704 0.675521 0.477778 0.674479 0.477778 0.673958 0.476852 0.678125 0.484259 0.679167 0.484259 0.679688 0.485185 0.680729 0.485185 0.681250 0.486111 0.682292 0.486111 0.682813 0.487037 0.683854 0.487037 0.684375 0.487963 0.685417 0.487963 0.685937 0.488889 0.686979 0.488889 0.687500 0.489815 0.688542 0.489815 0.689063 0.490741 0.690104 0.490741 0.690625 0.491667 0.691667 0.491667 0.692187 0.492593 0.693229 0.492593 0.693750 0.493519 0.694792 0.493519 0.695312 0.494444 0.696354 0.494444 0.696875 0.495370 0.699479 0.495370 0.707292 0.481481 0.707292 0.480556 0.716146 0.464815 0.716146 0.463889 0.725000 0.448148 0.725000 0.447222 0.731250 0.436111 0.731250 0.435185 0.732812 0.432407 0.732812 0.429630 0.732292 0.428704 0.732292 0.427778 0.731771 0.427778 0.731250 0.426852 0.730208 0.426852 0.729688 0.425926 0.727604 0.425926 0.727083 0.425000 0.725521 0.425000 0.725000 0.424074 0.722917 0.424074 0.722396 0.423148 0.720833 0.423148 0.720313 0.422222 0.718229 0.422222 0.717708 0.421296 0.716146 0.421296 0.715625 0.420370 0.713542 0.420370 0.713021 0.419444 0.711458 0.419444 0.710938 0.418519 0.709375 0.418519 0.708854 0.417593 0.706771 0.417593 0.706250 0.416667 0.704688 0.416667 0.704167 0.415741 0.702083 0.415741 0.701562 0.414815 0.700000 0.414815 0.699479 0.413889 0.697396 0.413889 0.696875 0.412963 0.695312 0.412963 0.694792 0.412037 0.692708 0.412037 0.692187 0.411111 0.690625 0.411111 0.690104 0.410185 0.688021 0.410185 0.687500 0.409259 0.685937 0.409259 0.685417 0.408333 0.683333 0.408333 0.682813 0.407407 0.681250 0.407407 0.680729 0.406481 0.679167 0.406481 0.678646 0.405556 0.676562 0.405556 0.676042 0.404630 0.674479 0.404630 0.673958 0.403704 0.671875 0.403704 0.671354 0.402778 0.669792 0.402778 0.669271 0.401852 0.667188 0.401852 0.666667 0.400926 0.665104 0.400926 0.664583 0.400000
0 0.312760 0.406019 0.080729 0.102778 0.303646 0.354630 0.286979 0.384259 0.286979 0.385185 0.287500 0.386111 0.287500 0.389815 0.288021 0.390741 0.288021 0.394444 0.288542 0.395370 0.288542 0.399074 0.289062 0.400000 0.289062 0.403704 0.289583 0.404630 0.289583 0.408333 0.290104 0.409259 0.290104 0.415741 0.288542 0.418519 0.288542 0.419444 0.274479 0.444444 0.274479 0.445370 0.272396 0.449074 0.272396 0.453704 0.272917 0.454630 0.272917 0.455556 0.273438 0.456481 0.273958 0.456481 0.274479 0.457407 0.275521 0.457407 0.276562 0.455556 0.277083 0.455556 0.299479 0.415741 0.300000 0.415741 0.303646 0.409259 0.304167 0.409259 0.306250 0.405556 0.306771 0.405556 0.307812 0.403704 0.308333 0.403704 0.309375 0.401852 0.310417 0.401852 0.310937 0.400926 0.314583 0.400926 0.315104 0.401852 0.316146 0.401852 0.316667 0.402778 0.317188 0.402778 0.318229 0.404630 0.318750 0.404630 0.320312 0.407407 0.320833 0.407407 0.322396 0.410185 0.322917 0.410185 0.326042 0.415741 0.326562 0.415741 0.330208 0.422222 0.330729 0.422222 0.337500 0.434259 0.338021 0.434259 0.345833 0.448148 0.346354 0.448148 0.348958 0.452778 0.349479 0.452778 0.350000 0.453704 0.351562 0.453704 0.352083 0.452778 0.352604 0.452778 0.352604 0.451852 0.353125 0.450926 0.353125 0.448148 0.352083 0.446296 0.352083 0.445370 0.351042 0.443519 0.351042 0.442593 0.349479 0.439815 0.349479 0.438889 0.348438 0.437037 0.348438 0.436111 0.347396 0.434259 0.347396 0.433333 0.340104 0.420370 0.339583 0.420370 0.329167 0.401852 0.328646 0.401852 0.316146 0.379630 0.316146 0.378704 0.315625 0.377778 0.315625 0.376852 0.314583 0.375000 0.314583 0.374074 0.314063 0.373148 0.314063 0.372222 0.313542 0.371296 0.313542 0.370370 0.312500 0.368519 0.312500 0.367593 0.311979 0.366667 0.311979 0.365741 0.311458 0.364815 0.311458 0.363889 0.307292 0.356481 0.306771 0.356481 0.305729 0.354630
0 0.397656 0.416667 0.079687 0.077778 0.396875 0.377778 0.394792 0.381481 0.394792 0.382407 0.371875 0.423148 0.371875 0.424074 0.359896 0.445370 0.359375 0.445370 0.358333 0.447222 0.357812 0.447222 0.358854 0.449074 0.358854 0.450000 0.360417 0.452778 0.360417 0.453704 0.360938 0.454630 0.361458 0.454630 0.361979 0.455556 0.363021 0.455556 0.364063 0.453704 0.364583 0.453704 0.388021 0.412037 0.388542 0.412037 0.391667 0.406481 0.392188 0.406481 0.393750 0.403704 0.394271 0.403704 0.395313 0.401852 0.395833 0.401852 0.396354 0.400926 0.397396 0.400926 0.397917 0.400000 0.398958 0.400000 0.399479 0.400926 0.400000 0.400926 0.401042 0.402778 0.401562 0.402778 0.402604 0.404630 0.403125 0.404630 0.404167 0.406481 0.404687 0.406481 0.407292 0.411111 0.407813 0.411111 0.421875 0.436111 0.422396 0.436111 0.424479 0.439815 0.425000 0.439815 0.426042 0.441667 0.426563 0.441667 0.428125 0.444444 0.428646 0.444444 0.429688 0.446296 0.430208 0.446296 0.431771 0.449074 0.432292 0.449074 0.433333 0.450926 0.433854 0.450926 0.434375 0.451852 0.436458 0.451852 0.437500 0.450000 0.437500 0.447222 0.436979 0.446296 0.436979 0.445370 0.402604 0.384259 0.402083 0.384259 0.400000 0.380556 0.399479 0.380556 0.398958 0.379630 0.398438 0.379630 0.397917 0.378704 0.397396 0.378704
0 0.481510 0.409259 0.079687 0.077778 0.478646 0.370370 0.478646 0.372222 0.478125 0.373148 0.478125 0.374074 0.475521 0.378704 0.475521 0.379630 0.459896 0.407407 0.459896 0.408333 0.441667 0.440741 0.441667 0.441667 0.442188 0.441667 0.443229 0.443519 0.443750 0.443519 0.444792 0.445370 0.445312 0.445370 0.446354 0.447222 0.446875 0.447222 0.447396 0.448148 0.449479 0.448148 0.475000 0.402778 0.475521 0.402778 0.478125 0.398148 0.479687 0.398148 0.480208 0.399074 0.480729 0.399074 0.481250 0.400000 0.481771 0.400000 0.482292 0.400926 0.483333 0.400926 0.483854 0.401852 0.484375 0.401852 0.484896 0.402778 0.485938 0.402778 0.486458 0.403704 0.486979 0.403704 0.487500 0.404630 0.488021 0.404630 0.488542 0.405556 0.489583 0.405556 0.490104 0.406481 0.490625 0.406481 0.491146 0.407407 0.492188 0.407407 0.492708 0.408333 0.493229 0.408333 0.493750 0.409259 0.494271 0.409259 0.494792 0.410185 0.495833 0.410185 0.497396 0.412963 0.497917 0.412963 0.514062 0.441667 0.515104 0.441667 0.515625 0.442593 0.516146 0.442593 0.516667 0.443519 0.517188 0.443519 0.517708 0.444444 0.518229 0.444444 0.518750 0.445370 0.519271 0.445370 0.519792 0.444444 0.520312 0.444444 0.521354 0.442593 0.521354 0.439815 0.520833 0.438889 0.520833 0.437963 0.510938 0.420370 0.510938 0.419444 0.485417 0.374074 0.484375 0.374074 0.483854 0.373148 0.482812 0.373148 0.482292 0.372222 0.481250 0.372222 0.480729 0.371296 0.479687 0.371296 0.479167 0.370370
0 0.563021 0.396759 0.093750 0.097222 0.516667 0.348148 0.516146 0.349074 0.516146 0.350000 0.517708 0.350000 0.518229 0.350926 0.520312 0.350926 0.520833 0.351852 0.522396 0.351852 0.522917 0.352778 0.524479 0.352778 0.525000 0.353704 0.526563 0.353704 0.527083 0.354630 0.528646 0.354630 0.529167 0.355556 0.531250 0.355556 0.531771 0.356481 0.533333 0.356481 0.533854 0.357407 0.535417 0.357407 0.535937 0.358333 0.537500 0.358333 0.538021 0.359259 0.539583 0.359259 0.540104 0.360185 0.541667 0.360185 0.542188 0.361111 0.544271 0.361111 0.544792 0.362037 0.546354 0.362037 0.546875 0.362963 0.548438 0.362963 0.548958 0.363889 0.550521 0.363889 0.551042 0.364815 0.552604 0.364815 0.553125 0.365741 0.554688 0.365741 0.555208 0.366667 0.557292 0.366667 0.557813 0.367593 0.559375 0.367593 0.559896 0.368519 0.561458 0.368519 0.561979 0.369444 0.563542 0.369444 0.564063 0.370370 0.565625 0.370370 0.566146 0.371296 0.567708 0.371296 0.568229 0.372222 0.568750 0.372222 0.570312 0.375000 0.570312 0.375926 0.570833 0.376852 0.570833 0.377778 0.570312 0.378704 0.570312 0.379630 0.568229 0.383333 0.568229 0.384259 0.556771 0.404630 0.556771 0.405556 0.544271 0.427778 0.544271 0.428704 0.536458 0.442593 0.536979 0.443519 0.537500 0.443519 0.538021 0.444444 0.538542 0.444444 0.539062 0.445370 0.540104 0.445370 0.540625 0.444444 0.541146 0.444444 0.551042 0.426852 0.551042 0.425926 0.561458 0.407407 0.561979 0.407407 0.566667 0.399074 0.568229 0.399074 0.568750 0.400000 0.569792 0.400000 0.570312 0.400926 0.571875 0.400926 0.572396 0.401852 0.573438 0.401852 0.573958 0.402778 0.575000 0.402778 0.575521 0.403704 0.577083 0.403704 0.577604 0.404630 0.578646 0.404630 0.579167 0.405556 0.580208 0.405556 0.580729 0.406481 0.582292 0.406481 0.582812 0.407407 0.583854 0.407407 0.584896 0.409259 0.585417 0.409259 0.592187 0.421296 0.592187 0.422222 0.601042 0.437963 0.601562 0.437963 0.602083 0.438889 0.603125 0.438889 0.603646 0.439815 0.604688 0.439815 0.605208 0.440741 0.606250 0.440741 0.606771 0.441667 0.608854 0.441667 0.609375 0.440741 0.609375 0.439815 0.609896 0.438889 0.609896 0.437037 0.609375 0.436111 0.609375 0.435185 0.607292 0.431481 0.607292 0.430556 0.599479 0.416667 0.599479 0.415741 0.591146 0.400926 0.591146 0.400000 0.582812 0.385185 0.582812 0.384259 0.576562 0.373148 0.576042 0.373148 0.575521 0.372222 0.574479 0.372222 0.573958 0.371296 0.572396 0.371296 0.571875 0.370370 0.570312 0.370370 0.569792 0.369444 0.568229 0.369444 0.567708 0.368519 0.565625 0.368519 0.565104 0.367593 0.563542 0.367593 0.563021 0.366667 0.561458 0.366667 0.560937 0.365741 0.559375 0.365741 0.558854 0.364815 0.557292 0.364815 0.556771 0.363889 0.554688 0.363889 0.554167 0.362963 0.552604 0.362963 0.552083 0.362037 0.550521 0.362037 0.550000 0.361111 0.548438 0.361111 0.547917 0.360185 0.545833 0.360185 0.545312 0.359259 0.543750 0.359259 0.543229 0.358333 0.541667 0.358333 0.541146 0.357407 0.539583 0.357407 0.539062 0.356481 0.536979 0.356481 0.536458 0.355556 0.534896 0.355556 0.534375 0.354630 0.532813 0.354630 0.532292 0.353704 0.530729 0.353704 0.530208 0.352778 0.528646 0.352778 0.528125 0.351852 0.526042 0.351852 0.525521 0.350926 0.523958 0.350926 0.523438 0.350000 0.521875 0.350000 0.521354 0.349074 0.519792 0.349074 0.519271 0.348148
0 0.642188 0.412963 0.081250 0.070370 0.650521 0.377778 0.646875 0.384259 0.646875 0.385185 0.635938 0.404630 0.635938 0.405556 0.625000 0.425000 0.625000 0.425926 0.616667 0.440741 0.616146 0.440741 0.615625 0.441667 0.614583 0.441667 0.614062 0.440741 0.613021 0.440741 0.612500 0.439815 0.611458 0.439815 0.610938 0.438889 0.610417 0.438889 0.609896 0.439815 0.609896 0.440741 0.608854 0.442593 0.606771 0.442593 0.606250 0.441667 0.605208 0.441667 0.604688 0.440741 0.603646 0.440741 0.603125 0.439815 0.602083 0.439815 0.601562 0.438889 0.602083 0.439815 0.602604 0.439815 0.603125 0.440741 0.604167 0.440741 0.604688 0.441667 0.605729 0.441667 0.606250 0.442593 0.607292 0.442593 0.607812 0.443519 0.608854 0.443519 0.609375 0.444444 0.610417 0.444444 0.610938 0.445370 0.611979 0.445370 0.612500 0.446296 0.613542 0.446296 0.614062 0.447222 0.615104 0.447222 0.615625 0.448148 0.617708 0.448148 0.627083 0.431481 0.627083 0.430556 0.639583 0.408333 0.640104 0.408333 0.643750 0.401852 0.644271 0.402778 0.645833 0.402778 0.646354 0.403704 0.647917 0.403704 0.648438 0.404630 0.650000 0.404630 0.651563 0.407407 0.651563 0.408333 0.652083 0.409259 0.652083 0.410185 0.651563 0.411111 0.651563 0.412037 0.651042 0.412963 0.652083 0.412963 0.652604 0.413889 0.654167 0.413889 0.655208 0.415741 0.655729 0.415741 0.658333 0.420370 0.658333 0.421296 0.660417 0.425000 0.660937 0.425000 0.661458 0.425926 0.662500 0.425926 0.663021 0.426852 0.664583 0.426852 0.665104 0.427778 0.666667 0.427778 0.667188 0.428704 0.668750 0.428704 0.669271 0.429630 0.669792 0.429630 0.675521 0.439815 0.675521 0.440741 0.677083 0.443519 0.678125 0.443519 0.678646 0.444444 0.680208 0.444444 0.680729 0.445370 0.681250 0.445370 0.681771 0.444444 0.682292 0.444444 0.682292 0.443519 0.682813 0.442593 0.682813 0.439815 0.682292 0.438889 0.682292 0.437963 0.679167 0.432407 0.679167 0.431481 0.673958 0.422222 0.673958 0.421296 0.668750 0.412037 0.668750 0.411111 0.663542 0.401852 0.663542 0.400926 0.658333 0.391667 0.658333 0.390741 0.651042 0.377778