0 0.272135 0.566204 0.081771 0.084259 0.232813 0.524074 0.232813 0.525000 0.232292 0.525926 0.232292 0.529630 0.231771 0.530556 0.231771 0.535185 0.231250 0.536111 0.231250 0.548148 0.232292 0.550000 0.232813 0.550000 0.235417 0.554630 0.235417 0.555556 0.235937 0.555556 0.240104 0.562963 0.240625 0.562963 0.243750 0.568519 0.244271 0.568519 0.247396 0.574074 0.247917 0.574074 0.251042 0.579630 0.251563 0.579630 0.255208 0.586111 0.255729 0.586111 0.258854 0.591667 0.259375 0.591667 0.262500 0.597222 0.263021 0.597222 0.266146 0.602778 0.266667 0.602778 0.269792 0.608333 0.277083 0.608333 0.292187 0.581481 0.292187 0.580556 0.307292 0.553704 0.307292 0.552778 0.312500 0.543519 0.312500 0.542593 0.313021 0.541667 0.313021 0.535185 0.312500 0.534259 0.312500 0.531481 0.311979 0.530556 0.311979 0.528704 0.311458 0.527778 0.311458 0.525000 0.310937 0.524074 0.310417 0.524074 0.309896 0.525000 0.309375 0.525000 0.308854 0.525926 0.308333 0.525926 0.306771 0.528704 0.306250 0.528704 0.303646 0.533333 0.303125 0.533333 0.298438 0.541667 0.297917 0.541667 0.277083 0.578704 0.275000 0.578704 0.273438 0.575926 0.273438 0.567593 0.273958 0.566667 0.273958 0.561111 0.267708 0.572222 0.267188 0.572222 0.266146 0.574074 0.265104 0.574074 0.264583 0.573148 0.264062 0.573148 0.263542 0.572222 0.263021 0.572222 0.259896 0.566667 0.259375 0.566667 0.255208 0.559259 0.254688 0.559259 0.250521 0.551852 0.250000 0.551852 0.245833 0.544444 0.245312 0.544444 0.241146 0.537037 0.240625 0.537037 0.236458 0.529630 0.235937 0.529630
0 0.263802 0.530093 0.082812 0.087963 0.305208 0.486111 0.304688 0.487037 0.304167 0.487037 0.300000 0.494444 0.299479 0.494444 0.278125 0.532407 0.277604 0.532407 0.276562 0.534259 0.275521 0.534259 0.272917 0.529630 0.272917 0.528704 0.262500 0.547222 0.261979 0.547222 0.261458 0.548148 0.259375 0.548148 0.258854 0.547222 0.258333 0.547222 0.257292 0.545370 0.256771 0.545370 0.253125 0.538889 0.252604 0.538889 0.248438 0.531481 0.247917 0.531481 0.243750 0.524074 0.243229 0.524074 0.239063 0.516667 0.238542 0.516667 0.234375 0.509259 0.233854 0.509259 0.229687 0.501852 0.229167 0.501852 0.225000 0.494444 0.225000 0.495370 0.224479 0.496296 0.224479 0.497222 0.223958 0.498148 0.223958 0.500000 0.223438 0.500926 0.223438 0.501852 0.222917 0.502778 0.222917 0.503704 0.222396 0.504630 0.222396 0.506481 0.223438 0.508333 0.223438 0.509259 0.225521 0.512963 0.226042 0.512963 0.230729 0.521296 0.231250 0.521296 0.235417 0.528704 0.235937 0.528704 0.240104 0.536111 0.240625 0.536111 0.244792 0.543519 0.245312 0.543519 0.249479 0.550926 0.250000 0.550926 0.254167 0.558333 0.254688 0.558333 0.258854 0.565741 0.259375 0.565741 0.262500 0.571296 0.263021 0.571296 0.264062 0.573148 0.265104 0.573148 0.265625 0.574074 0.266146 0.573148 0.266667 0.573148 0.267708 0.571296 0.268229 0.571296 0.296875 0.520370 0.296875 0.519444 0.305208 0.504630
0 0.258854 0.500926 0.084375 0.092593 0.301042 0.454630 0.299479 0.457407 0.298958 0.457407 0.277083 0.496296 0.276562 0.496296 0.276042 0.497222 0.274479 0.497222 0.272396 0.493519 0.272396 0.487963 0.272917 0.487037 0.272917 0.485185 0.269792 0.490741 0.269792 0.491667 0.257812 0.512963 0.257292 0.512963 0.256250 0.514815 0.255729 0.514815 0.255208 0.515741 0.254688 0.515741 0.254167 0.514815 0.253646 0.514815 0.253125 0.513889 0.252604 0.513889 0.250521 0.510185 0.250000 0.510185 0.246354 0.503704 0.245833 0.503704 0.241667 0.496296 0.241146 0.496296 0.236979 0.488889 0.236458 0.488889 0.232292 0.481481 0.231771 0.481481 0.227604 0.474074 0.227083 0.474074 0.222917 0.466667 0.222396 0.466667 0.220833 0.463889 0.220312 0.463889 0.220312 0.464815 0.219792 0.465741 0.219792 0.466667 0.219271 0.467593 0.219271 0.468519 0.218229 0.470370 0.218229 0.471296 0.217708 0.472222 0.217708 0.473148 0.217188 0.474074 0.217188 0.475000 0.216667 0.475926 0.216667 0.479630 0.217708 0.481481 0.217708 0.482407 0.218750 0.484259 0.219271 0.484259 0.224479 0.493519 0.225000 0.493519 0.229167 0.500926 0.229687 0.500926 0.233854 0.508333 0.234375 0.508333 0.238542 0.515741 0.239063 0.515741 0.243229 0.523148 0.243750 0.523148 0.247917 0.530556 0.248438 0.530556 0.252604 0.537963 0.253125 0.537963 0.256771 0.544444 0.257292 0.544444 0.258333 0.546296 0.258854 0.546296 0.259375 0.547222 0.261458 0.547222 0.261979 0.546296 0.262500 0.546296 0.291146 0.495370 0.291146 0.494444 0.300521 0.477778 0.300521 0.476852 0.301042 0.475926
0 0.253385 0.468981 0.083854 0.091667 0.295312 0.423148 0.276042 0.457407 0.275521 0.457407 0.275000 0.458333 0.274479 0.458333 0.273958 0.457407 0.273438 0.457407 0.271875 0.454630 0.271875 0.449074 0.272396 0.448148 0.263021 0.464815 0.263021 0.465741 0.250521 0.487963 0.250000 0.487963 0.249479 0.488889 0.247917 0.488889 0.247396 0.487963 0.246875 0.487963 0.246354 0.487037 0.245833 0.487037 0.243229 0.482407 0.242708 0.482407 0.238542 0.475000 0.238021 0.475000 0.234375 0.468519 0.233854 0.468519 0.230208 0.462037 0.229687 0.462037 0.225521 0.454630 0.225000 0.454630 0.221354 0.448148 0.220833 0.448148 0.217188 0.441667 0.216667 0.441667 0.214062 0.437037 0.212500 0.439815 0.212500 0.440741 0.211458 0.442593 0.211458 0.447222 0.217708 0.458333 0.218229 0.458333 0.222396 0.465741 0.222917 0.465741 0.227083 0.473148 0.227604 0.473148 0.231771 0.480556 0.232292 0.480556 0.236458 0.487963 0.236979 0.487963 0.241146 0.495370 0.241667 0.495370 0.245833 0.502778 0.246354 0.502778 0.250000 0.509259 0.250521 0.509259 0.252604 0.512963 0.253125 0.512963 0.253646 0.513889 0.254167 0.513889 0.254688 0.514815 0.255208 0.514815 0.255729 0.513889 0.256250 0.513889 0.257292 0.512037 0.257812 0.512037 0.269271 0.491667 0.269271 0.490741 0.292708 0.449074 0.292708 0.448148 0.294792 0.444444 0.294792 0.441667 0.295312 0.440741
0 0.247656 0.428704 0.086979 0.118519 0.288542 0.369444 0.288021 0.370370 0.287500 0.370370 0.283333 0.377778 0.283333 0.378704 0.270313 0.401852 0.269792 0.401852 0.265625 0.409259 0.265104 0.409259 0.263021 0.412963 0.262500 0.412963 0.261979 0.413889 0.261458 0.413889 0.260937 0.414815 0.259896 0.414815 0.259375 0.415741 0.257812 0.415741 0.257292 0.414815 0.256250 0.414815 0.255729 0.413889 0.255208 0.413889 0.254688 0.412963 0.254167 0.412963 0.253125 0.411111 0.252604 0.411111 0.251042 0.408333 0.250521 0.408333 0.248958 0.405556 0.248438 0.405556 0.245833 0.400926 0.245312 0.400926 0.242188 0.395370 0.241667 0.395370 0.238021 0.388889 0.237500 0.388889 0.232813 0.380556 0.232292 0.380556 0.229167 0.375000 0.228646 0.375000 0.227083 0.372222 0.224479 0.372222 0.223438 0.374074 0.223438 0.375000 0.220833 0.379630 0.220833 0.380556 0.218229 0.385185 0.218229 0.386111 0.216146 0.389815 0.216146 0.390741 0.213542 0.395370 0.213542 0.396296 0.210938 0.400926 0.210938 0.401852 0.208333 0.406481 0.208333 0.407407 0.205729 0.412037 0.205729 0.412963 0.204167 0.415741 0.204167 0.419444 0.204687 0.420370 0.204687 0.421296 0.207292 0.425926 0.207813 0.425926 0.211979 0.433333 0.212500 0.433333 0.216667 0.440741 0.217188 0.440741 0.220833 0.447222 0.221354 0.447222 0.225000 0.453704 0.225521 0.453704 0.229687 0.461111 0.230208 0.461111 0.233854 0.467593 0.234375 0.467593 0.238021 0.474074 0.238542 0.474074 0.242708 0.481481 0.243229 0.481481 0.245833 0.486111 0.246354 0.486111 0.246875 0.487037 0.247396 0.487037 0.247917 0.487963 0.249479 0.487963 0.250000 0.487037 0.250521 0.487037 0.262500 0.465741 0.262500 0.464815 0.278646 0.436111 0.278646 0.435185 0.288021 0.418519 0.288021 0.417593 0.288542 0.416667 0.288542 0.415741 0.289062 0.414815 0.289062 0.407407 0.289583 0.406481 0.289583 0.399074 0.290104 0.398148 0.290104 0.389815 0.290625 0.388889 0.290625 0.380556 0.291146 0.379630 0.291146 0.371296 0.290104 0.369444
0 0.354687 0.392593 0.082292 0.107407 0.375521 0.338889 0.357292 0.371296 0.356771 0.371296 0.352604 0.378704 0.352083 0.378704 0.350521 0.381481 0.350000 0.381481 0.349479 0.382407 0.348958 0.382407 0.348438 0.383333 0.347396 0.383333 0.346875 0.384259 0.345313 0.384259 0.344792 0.383333 0.343750 0.383333 0.343229 0.382407 0.342708 0.382407 0.341667 0.380556 0.341146 0.380556 0.339583 0.377778 0.339062 0.377778 0.336458 0.373148 0.335938 0.373148 0.331250 0.364815 0.330729 0.364815 0.322917 0.350926 0.322396 0.350926 0.317708 0.342593 0.317188 0.342593 0.316146 0.340741 0.314583 0.340741 0.313542 0.342593 0.313542 0.349074 0.314063 0.350000 0.314063 0.357407 0.314583 0.358333 0.314583 0.365741 0.315104 0.366667 0.315104 0.374074 0.315625 0.375000 0.315625 0.378704 0.316146 0.379630 0.316146 0.380556 0.324479 0.395370 0.325000 0.395370 0.333333 0.410185 0.333854 0.410185 0.342187 0.425000 0.342708 0.425000 0.350521 0.438889 0.351042 0.438889 0.354687 0.445370 0.355208 0.445370 0.355729 0.446296 0.357812 0.446296 0.358854 0.444444 0.359375 0.444444 0.369792 0.425926 0.369792 0.425000 0.393229 0.383333 0.393229 0.382407 0.395833 0.377778 0.395833 0.374074 0.387500 0.359259 0.387500 0.358333 0.377083 0.339815 0.376563 0.339815 0.376042 0.338889
0 0.429948 0.388426 0.096354 0.104630 0.441667 0.336111 0.423438 0.368519 0.422917 0.368519 0.419271 0.375000 0.418750 0.375000 0.417187 0.377778 0.416667 0.377778 0.416146 0.378704 0.415625 0.378704 0.415104 0.379630 0.414062 0.379630 0.413542 0.380556 0.413021 0.380556 0.412500 0.379630 0.410938 0.379630 0.410417 0.378704 0.409896 0.378704 0.406250 0.372222 0.405729 0.372222 0.400521 0.362963 0.400000 0.362963 0.394792 0.353704 0.394271 0.353704 0.389583 0.345370 0.389062 0.345370 0.385417 0.338889 0.384896 0.338889 0.384375 0.337963 0.383854 0.337963 0.383333 0.337037 0.382812 0.337037 0.381771 0.338889 0.381771 0.342593 0.398958 0.373148 0.399479 0.373148 0.419792 0.409259 0.420312 0.409259 0.435937 0.437037 0.436458 0.437037 0.438542 0.440741 0.440625 0.440741 0.442188 0.437963 0.442708 0.437963 0.448437 0.427778 0.448437 0.426852 0.468750 0.390741 0.468750 0.389815 0.477083 0.375000 0.477083 0.374074 0.478125 0.372222 0.478125 0.370370 0.477604 0.369444 0.477604 0.368519 0.476562 0.366667 0.476042 0.366667 0.475521 0.365741 0.475000 0.365741 0.474479 0.364815 0.473958 0.364815 0.473438 0.363889 0.472917 0.363889 0.472396 0.362963 0.471875 0.362963 0.471354 0.362037 0.470833 0.362037 0.470313 0.361111 0.469792 0.361111 0.469271 0.360185 0.468750 0.360185 0.468229 0.359259 0.467708 0.359259 0.466667 0.357407 0.466146 0.357407 0.465625 0.356481 0.465104 0.356481 0.464583 0.355556 0.464062 0.355556 0.463542 0.354630 0.463021 0.354630 0.462500 0.353704 0.461979 0.353704 0.461458 0.352778 0.460938 0.352778 0.460417 0.351852 0.459896 0.351852 0.459375 0.350926 0.458854 0.350926 0.458333 0.350000 0.457813 0.350000 0.457292 0.349074 0.456771 0.349074 0.456250 0.348148 0.455729 0.348148 0.455208 0.347222 0.454688 0.347222 0.454167 0.346296 0.453646 0.346296 0.452604 0.344444 0.452083 0.344444 0.451562 0.343519 0.451042 0.343519 0.450521 0.342593 0.450000 0.342593 0.449479 0.341667 0.448958 0.341667 0.448437 0.340741 0.447917 0.340741 0.447396 0.339815 0.446875 0.339815 0.446354 0.338889 0.445833 0.338889 0.445312 0.337963 0.444792 0.337963 0.444271 0.337037 0.443750 0.337037 0.443229 0.336111
0 0.513802 0.393519 0.114062 0.107407 0.516667 0.339815 0.516146 0.340741 0.515625 0.340741 0.496354 0.375000 0.495833 0.374074 0.495312 0.374074 0.494792 0.373148 0.494271 0.373148 0.493750 0.372222 0.493229 0.372222 0.492708 0.371296 0.492188 0.371296 0.491667 0.370370 0.491146 0.370370 0.490625 0.369444 0.490104 0.369444 0.489583 0.368519 0.489063 0.368519 0.488542 0.367593 0.488021 0.367593 0.487500 0.366667 0.486979 0.366667 0.486458 0.365741 0.485938 0.365741 0.485417 0.364815 0.484896 0.364815 0.484375 0.363889 0.483854 0.363889 0.483333 0.362963 0.482812 0.362963 0.482292 0.362037 0.481771 0.362037 0.481250 0.361111 0.480729 0.361111 0.480208 0.360185 0.479687 0.360185 0.479167 0.359259 0.478646 0.359259 0.478125 0.358333 0.477604 0.358333 0.477083 0.357407 0.476562 0.357407 0.476042 0.356481 0.475521 0.356481 0.475000 0.355556 0.474479 0.355556 0.473958 0.354630 0.473438 0.354630 0.472917 0.353704 0.472396 0.353704 0.471875 0.352778 0.471354 0.352778 0.470833 0.351852 0.470313 0.351852 0.469792 0.350926 0.469271 0.350926 0.468750 0.350000 0.467708 0.350000 0.467187 0.349074 0.466667 0.349074 0.466146 0.348148 0.465625 0.348148 0.465104 0.347222 0.464583 0.347222 0.464062 0.346296 0.463542 0.346296 0.463021 0.345370 0.462500 0.345370 0.461979 0.344444 0.461458 0.344444 0.460938 0.343519 0.460417 0.343519 0.459896 0.342593 0.459375 0.342593 0.458854 0.341667 0.457813 0.341667 0.456771 0.343519 0.456771 0.346296 0.458333 0.349074 0.458854 0.349074 0.459375 0.350000 0.459896 0.350000 0.460417 0.350926 0.460938 0.350926 0.461458 0.351852 0.461979 0.351852 0.462500 0.352778 0.463021 0.352778 0.463542 0.353704 0.464062 0.353704 0.464583 0.354630 0.465104 0.354630 0.465625 0.355556 0.466146 0.355556 0.467187 0.357407 0.467708 0.357407 0.468229 0.358333 0.468750 0.358333 0.469271 0.359259 0.469792 0.359259 0.470313 0.360185 0.470833 0.360185 0.471354 0.361111 0.471875 0.361111 0.472396 0.362037 0.472917 0.362037 0.473438 0.362963 0.473958 0.362963 0.474479 0.363889 0.475000 0.363889 0.475521 0.364815 0.476042 0.364815 0.476562 0.365741 0.477083 0.365741 0.477604 0.366667 0.478125 0.366667 0.478646 0.367593 0.479167 0.367593 0.479687 0.368519 0.480208 0.368519 0.480729 0.369444 0.481250 0.369444 0.481771 0.370370 0.482292 0.370370 0.482812 0.371296 0.483333 0.371296 0.484375 0.373148 0.484896 0.373148 0.485417 0.374074 0.485938 0.374074 0.520833 0.436111 0.521354 0.436111 0.521875 0.437037 0.522396 0.437037 0.523438 0.438889 0.523958 0.438889 0.524479 0.439815 0.525000 0.439815 0.526042 0.441667 0.526563 0.441667 0.527083 0.442593 0.527604 0.442593 0.528646 0.444444 0.529167 0.444444 0.529687 0.445370 0.530208 0.445370 0.531250 0.447222 0.533333 0.447222 0.535417 0.443519 0.535937 0.443519 0.539062 0.437963 0.539062 0.437037 0.556250 0.406481 0.556250 0.405556 0.569271 0.382407 0.569271 0.381481 0.570312 0.379630 0.570312 0.378704 0.570833 0.377778 0.570833 0.375926 0.569271 0.373148 0.568750 0.373148 0.568229 0.372222 0.567187 0.372222 0.566667 0.371296 0.565625 0.371296 0.565104 0.370370 0.564583 0.370370 0.564063 0.369444 0.563021 0.369444 0.562500 0.368519 0.561458 0.368519 0.560937 0.367593 0.559896 0.367593 0.559375 0.366667 0.558333 0.366667 0.557813 0.365741 0.557292 0.365741 0.556771 0.364815 0.555729 0.364815 0.555208 0.363889 0.554167 0.363889 0.553646 0.362963 0.552604 0.362963 0.552083 0.362037 0.551042 0.362037 0.550521 0.361111 0.549479 0.361111 0.548958 0.360185 0.548438 0.360185 0.547917 0.359259 0.546875 0.359259 0.546354 0.358333 0.545312 0.358333 0.544792 0.357407 0.543750 0.357407 0.543229 0.356481 0.542188 0.356481 0.541667 0.355556 0.540625 0.355556 0.540104 0.354630 0.539583 0.354630 0.539062 0.353704 0.538021 0.353704 0.537500 0.352778 0.536458 0.352778 0.535937 0.351852 0.534896 0.351852 0.534375 0.350926 0.533333 0.350926 0.532813 0.350000 0.532292 0.350000 0.531771 0.349074 0.530729 0.349074 0.530208 0.348148 0.529167 0.348148 0.528646 0.347222 0.527604 0.347222 0.527083 0.346296 0.526042 0.346296 0.525521 0.345370 0.524479 0.345370 0.523958 0.344444 0.523438 0.344444 0.522917 0.343519 0.521875 0.343519 0.521354 0.342593 0.520312 0.342593 0.519792 0.341667 0.518750 0.341667 0.518229 0.340741 0.517188 0.340741
0 0.591146 0.388426 0.125000 0.102778 0.585417 0.337037 0.570833 0.362963 0.570312 0.362037 0.569271 0.362037 0.568750 0.361111 0.567708 0.361111 0.567187 0.360185 0.566146 0.360185 0.565625 0.359259 0.564583 0.359259 0.564063 0.358333 0.563021 0.358333 0.562500 0.357407 0.561458 0.357407 0.560937 0.356481 0.559896 0.356481 0.559375 0.355556 0.558333 0.355556 0.557813 0.354630 0.556771 0.354630 0.556250 0.353704 0.555208 0.353704 0.554688 0.352778 0.553646 0.352778 0.553125 0.351852 0.552083 0.351852 0.551562 0.350926 0.550521 0.350926 0.550000 0.350000 0.548958 0.350000 0.548438 0.349074 0.547396 0.349074 0.546875 0.348148 0.545833 0.348148 0.545312 0.347222 0.544271 0.347222 0.543750 0.346296 0.542708 0.346296 0.542188 0.345370 0.541146 0.345370 0.540625 0.344444 0.539583 0.344444 0.539062 0.343519 0.538021 0.343519 0.537500 0.342593 0.536458 0.342593 0.535937 0.341667 0.534896 0.341667 0.534375 0.340741 0.533333 0.340741 0.532813 0.339815 0.531771 0.339815 0.531250 0.338889 0.529167 0.338889 0.528646 0.339815 0.528646 0.341667 0.529167 0.341667 0.529687 0.342593 0.530729 0.342593 0.531250 0.343519 0.532292 0.343519 0.532813 0.344444 0.533854 0.344444 0.534375 0.345370 0.535417 0.345370 0.535937 0.346296 0.536979 0.346296 0.537500 0.347222 0.538542 0.347222 0.539062 0.348148 0.540104 0.348148 0.540625 0.349074 0.541146 0.349074 0.541667 0.350000 0.542708 0.350000 0.543229 0.350926 0.544271 0.350926 0.544792 0.351852 0.545833 0.351852 0.546354 0.352778 0.547396 0.352778 0.547917 0.353704 0.548958 0.353704 0.549479 0.354630 0.550521 0.354630 0.551042 0.355556 0.552083 0.355556 0.552604 0.356481 0.553646 0.356481 0.554167 0.357407 0.554688 0.357407 0.555208 0.358333 0.556250 0.358333 0.556771 0.359259 0.557813 0.359259 0.558333 0.360185 0.559375 0.360185 0.559896 0.361111 0.560937 0.361111 0.561458 0.362037 0.562500 0.362037 0.563021 0.362963 0.564063 0.362963 0.564583 0.363889 0.565625 0.363889 0.566146 0.364815 0.566667 0.364815 0.567187 0.365741 0.568229 0.365741 0.568750 0.366667 0.569792 0.366667 0.570312 0.367593 0.571354 0.367593 0.571875 0.368519 0.572917 0.368519 0.573438 0.369444 0.574479 0.369444 0.575000 0.370370 0.576042 0.370370 0.576562 0.371296 0.577083 0.371296 0.588021 0.390741 0.588021 0.391667 0.598958 0.411111 0.598958 0.412037 0.608854 0.429630 0.608854 0.430556 0.611458 0.435185 0.611458 0.436111 0.611979 0.437037 0.613021 0.437037 0.613542 0.437963 0.614062 0.437963 0.614583 0.438889 0.615104 0.438889 0.615625 0.439815 0.617708 0.439815 0.618229 0.438889 0.618750 0.438889 0.628646 0.421296 0.628646 0.420370 0.645312 0.390741 0.645312 0.389815 0.653125 0.375926 0.653125 0.375000 0.653646 0.374074 0.653646 0.371296 0.653125 0.370370 0.653125 0.369444 0.652604 0.368519 0.651563 0.368519 0.651042 0.367593 0.649479 0.367593 0.648958 0.366667 0.647396 0.366667 0.646875 0.365741 0.645833 0.365741 0.645312 0.364815 0.643750 0.364815 0.643229 0.363889 0.641667 0.363889 0.641146 0.362963 0.639583 0.362963 0.639062 0.362037 0.638021 0.362037 0.637500 0.361111 0.635938 0.361111 0.635417 0.360185 0.633854 0.360185 0.633333 0.359259 0.631771 0.359259 0.631250 0.358333 0.630208 0.358333 0.629687 0.357407 0.628125 0.357407 0.627604 0.356481 0.626042 0.356481 0.625521 0.355556 0.623958 0.355556 0.623437 0.354630 0.622396 0.354630 0.621875 0.353704 0.620313 0.353704 0.619792 0.352778 0.618229 0.352778 0.617708 0.351852 0.616146 0.351852 0.615625 0.350926 0.614583 0.350926 0.614062 0.350000 0.612500 0.350000 0.611979 0.349074 0.610417 0.349074 0.609896 0.348148 0.608333 0.348148 0.607812 0.347222 0.606771 0.347222 0.606250 0.346296 0.604688 0.346296 0.604167 0.345370 0.602604 0.345370 0.602083 0.344444 0.600521 0.344444 0.600000 0.343519 0.598958 0.343519 0.598437 0.342593 0.596875 0.342593 0.596354 0.341667 0.594792 0.341667 0.594271 0.340741 0.592708 0.340741 0.592187 0.339815 0.591146 0.339815 0.590625 0.338889 0.589063 0.338889 0.588542 0.337963 0.586979 0.337963 0.586458 0.337037
0 0.352083 0.562500 0.078125 0.078704 0.313542 0.523148 0.313542 0.524074 0.313021 0.525000 0.313021 0.526852 0.313542 0.527778 0.313542 0.528704 0.314063 0.529630 0.314063 0.530556 0.314583 0.531481 0.314583 0.532407 0.315625 0.534259 0.315625 0.535185 0.317188 0.537963 0.317188 0.538889 0.318229 0.540741 0.318229 0.541667 0.319792 0.544444 0.319792 0.545370 0.320833 0.547222 0.320833 0.548148 0.322396 0.550926 0.322396 0.551852 0.323958 0.554630 0.323958 0.555556 0.325000 0.557407 0.325000 0.558333 0.326562 0.561111 0.326562 0.562037 0.327604 0.563889 0.327604 0.564815 0.329167 0.567593 0.329167 0.568519 0.330208 0.570370 0.330208 0.571296 0.331771 0.574074 0.331771 0.575000 0.332813 0.576852 0.332813 0.577778 0.334375 0.580556 0.334375 0.581481 0.335417 0.583333 0.335417 0.584259 0.336979 0.587037 0.336979 0.587963 0.338021 0.589815 0.338021 0.590741 0.339583 0.593519 0.339583 0.594444 0.341146 0.597222 0.341146 0.598148 0.342708 0.600926 0.342708 0.601852 0.348958 0.601852 0.349479 0.600926 0.350000 0.600926 0.351042 0.599074 0.351562 0.599074 0.352083 0.598148 0.352604 0.598148 0.354167 0.595370 0.354687 0.595370 0.355729 0.593519 0.356250 0.593519 0.357292 0.591667 0.357812 0.591667 0.358854 0.589815 0.359375 0.589815 0.360417 0.587963 0.360938 0.587963 0.361979 0.586111 0.362500 0.586111 0.363542 0.584259 0.364063 0.584259 0.365104 0.582407 0.365625 0.582407 0.366667 0.580556 0.367188 0.580556 0.368229 0.578704 0.368750 0.578704 0.369792 0.576852 0.370312 0.576852 0.371354 0.575000 0.371875 0.575000 0.372917 0.573148 0.373437 0.573148 0.374479 0.571296 0.375000 0.571296 0.376042 0.569444 0.376563 0.569444 0.377604 0.567593 0.378125 0.567593 0.379167 0.565741 0.379688 0.565741 0.380729 0.563889 0.381250 0.563889 0.382812 0.561111 0.383333 0.561111 0.384375 0.559259 0.384896 0.559259 0.385937 0.557407 0.386458 0.557407 0.387500 0.555556 0.388021 0.555556 0.389583 0.552778 0.390104 0.552778 0.390625 0.551852 0.390625 0.550926 0.391146 0.550000 0.391146 0.548148 0.390625 0.547222 0.390625 0.546296 0.390104 0.545370 0.390104 0.543519 0.389583 0.542593 0.389583 0.541667 0.389062 0.540741 0.389062 0.538889 0.388542 0.537963 0.388542 0.537037 0.388021 0.536111 0.388021 0.534259 0.387500 0.533333 0.387500 0.532407 0.386979 0.531481 0.386979 0.529630 0.385937 0.531481 0.385417 0.531481 0.381771 0.537963 0.381250 0.537963 0.375521 0.548148 0.375000 0.548148 0.367188 0.562037 0.366667 0.562037 0.362500 0.569444 0.360417 0.569444 0.358333 0.565741 0.357812 0.565741 0.357292 0.564815 0.356771 0.564815 0.356250 0.563889 0.355729 0.563889 0.354167 0.561111 0.354167 0.562037 0.354687 0.562963 0.354687 0.565741 0.355208 0.566667 0.355208 0.572222 0.354167 0.574074 0.353646 0.574074 0.353125 0.575000 0.352083 0.575000 0.351562 0.574074 0.351042 0.574074 0.350000 0.572222 0.349479 0.572222 0.346875 0.567593 0.346354 0.567593 0.340104 0.556481 0.339583 0.556481 0.334896 0.548148 0.334375 0.548148 0.330208 0.540741 0.329688 0.540741 0.327083 0.536111 0.326562 0.536111 0.323958 0.531481 0.323437 0.531481 0.321875 0.528704 0.321354 0.528704 0.320312 0.526852 0.319792 0.526852 0.318750 0.525000 0.318229 0.525000 0.317708 0.524074 0.316667 0.524074 0.316146 0.523148
0 0.432812 0.561111 0.084375 0.087037 0.396354 0.517593 0.395833 0.518519 0.395313 0.518519 0.394792 0.519444 0.394271 0.519444 0.393229 0.521296 0.392708 0.521296 0.391667 0.523148 0.391146 0.523148 0.390625 0.524074 0.391146 0.525000 0.391146 0.525926 0.391667 0.526852 0.391667 0.527778 0.392188 0.528704 0.392188 0.529630 0.392708 0.530556 0.392708 0.531481 0.393750 0.533333 0.393750 0.534259 0.394271 0.535185 0.394271 0.536111 0.394792 0.537037 0.394792 0.537963 0.395313 0.538889 0.395313 0.539815 0.395833 0.540741 0.395833 0.541667 0.396354 0.542593 0.396354 0.543519 0.397396 0.545370 0.397396 0.546296 0.403125 0.556481 0.403646 0.556481 0.409375 0.566667 0.409896 0.566667 0.415625 0.576852 0.416146 0.576852 0.421875 0.587037 0.422396 0.587037 0.428125 0.597222 0.428646 0.597222 0.432812 0.604630 0.440104 0.604630 0.447396 0.591667 0.447396 0.590741 0.457813 0.572222 0.457813 0.571296 0.468229 0.552778 0.468229 0.551852 0.473958 0.541667 0.473958 0.540741 0.475000 0.538889 0.475000 0.536111 0.474479 0.535185 0.474479 0.534259 0.467708 0.522222 0.447917 0.557407 0.447396 0.557407 0.446875 0.558333 0.446354 0.557407 0.445833 0.557407 0.443229 0.552778 0.443229 0.551852 0.442708 0.550926 0.442188 0.550926 0.440625 0.553704 0.438021 0.553704 0.435417 0.549074 0.434896 0.549074 0.424479 0.530556 0.423958 0.530556 0.422917 0.528704 0.423958 0.530556 0.423958 0.531481 0.425000 0.533333 0.425000 0.534259 0.426042 0.536111 0.426042 0.537037 0.427083 0.538889 0.427083 0.539815 0.428125 0.541667 0.428125 0.542593 0.429167 0.544444 0.429167 0.545370 0.430729 0.548148 0.430729 0.549074 0.431771 0.550926 0.431771 0.551852 0.432812 0.553704 0.432812 0.554630 0.433854 0.556481 0.433854 0.557407 0.434896 0.559259 0.434896 0.560185 0.435937 0.562037 0.435937 0.562963 0.436458 0.563889 0.436458 0.565741 0.435937 0.566667 0.435937 0.567593 0.435417 0.568519 0.434896 0.568519 0.434375 0.569444 0.432812 0.569444 0.432292 0.568519 0.431771 0.568519 0.409896 0.529630 0.409375 0.529630 0.405729 0.523148 0.405208 0.523148 0.403646 0.520370 0.403125 0.520370 0.402604 0.519444 0.402083 0.519444 0.401562 0.518519 0.401042 0.518519 0.400521 0.517593
0 0.521094 0.546296 0.085938 0.085185 0.481250 0.503704 0.480729 0.504630 0.480208 0.504630 0.479687 0.505556 0.479167 0.505556 0.478646 0.506481 0.478125 0.506481 0.486979 0.522222 0.487500 0.522222 0.516667 0.574074 0.517188 0.574074 0.525000 0.587963 0.525521 0.587963 0.526042 0.588889 0.527604 0.588889 0.528125 0.587963 0.528646 0.587963 0.544271 0.560185 0.544271 0.559259 0.562500 0.526852 0.562500 0.525926 0.564063 0.523148 0.564063 0.520370 0.563542 0.519444 0.563542 0.518519 0.563021 0.517593 0.562500 0.517593 0.561458 0.515741 0.560937 0.515741 0.559375 0.518519 0.558854 0.518519 0.546354 0.540741 0.546354 0.541667 0.540104 0.552778 0.539583 0.552778 0.538542 0.554630 0.537500 0.554630 0.536979 0.553704 0.536458 0.553704 0.533854 0.549074 0.533333 0.549074 0.530208 0.554630 0.529687 0.554630 0.529167 0.555556 0.528646 0.555556 0.528125 0.554630 0.527604 0.554630 0.526563 0.552778 0.526042 0.552778 0.522396 0.546296 0.521875 0.546296 0.518229 0.539815 0.517708 0.539815 0.514583 0.534259 0.514062 0.534259 0.510417 0.527778 0.509896 0.527778 0.506250 0.521296 0.505729 0.521296 0.502083 0.514815 0.501563 0.514815 0.497917 0.508333 0.504167 0.519444 0.504687 0.519444 0.517188 0.541667 0.517188 0.542593 0.519271 0.546296 0.519271 0.547222 0.519792 0.548148 0.519792 0.550000 0.517708 0.553704 0.516667 0.553704 0.516146 0.552778 0.515625 0.552778 0.515104 0.551852 0.514583 0.551852 0.509375 0.542593 0.508854 0.542593 0.503125 0.532407 0.502604 0.532407 0.496875 0.522222 0.496354 0.522222 0.490104 0.511111 0.489583 0.511111 0.486458 0.505556 0.485938 0.505556 0.485417 0.504630 0.484375 0.504630 0.483854 0.503704
0 0.605469 0.541667 0.088021 0.077778 0.569271 0.502778 0.568229 0.504630 0.567708 0.504630 0.565625 0.508333 0.565104 0.508333 0.561458 0.514815 0.562500 0.516667 0.563021 0.516667 0.564063 0.518519 0.564063 0.519444 0.564583 0.520370 0.564583 0.521296 0.565104 0.522222 0.565625 0.522222 0.567187 0.525000 0.567708 0.525000 0.568750 0.526852 0.569271 0.526852 0.570833 0.529630 0.571354 0.529630 0.572396 0.531481 0.572917 0.531481 0.573958 0.533333 0.574479 0.533333 0.576042 0.536111 0.576562 0.536111 0.577604 0.537963 0.578125 0.537963 0.579167 0.539815 0.579688 0.539815 0.581250 0.542593 0.581771 0.542593 0.582812 0.544444 0.583333 0.544444 0.584375 0.546296 0.584896 0.546296 0.586458 0.549074 0.586979 0.549074 0.588021 0.550926 0.588542 0.550926 0.589583 0.552778 0.590104 0.552778 0.591667 0.555556 0.592187 0.555556 0.593229 0.557407 0.593750 0.557407 0.594792 0.559259 0.595313 0.559259 0.596875 0.562037 0.597396 0.562037 0.598437 0.563889 0.598958 0.563889 0.600000 0.565741 0.600521 0.565741 0.602083 0.568519 0.602604 0.568519 0.603646 0.570370 0.604167 0.570370 0.605208 0.572222 0.605729 0.572222 0.607292 0.575000 0.607812 0.575000 0.608854 0.576852 0.609375 0.576852 0.610417 0.578704 0.610938 0.578704 0.611979 0.580556 0.614583 0.580556 0.629687 0.553704 0.629687 0.552778 0.645833 0.524074 0.645833 0.523148 0.648958 0.517593 0.648958 0.516667 0.649479 0.515741 0.649479 0.513889 0.648958 0.512963 0.648958 0.512037 0.648438 0.511111 0.647917 0.511111 0.647396 0.510185 0.646875 0.510185 0.646354 0.509259 0.645833 0.510185 0.645312 0.510185 0.639062 0.521296 0.638542 0.521296 0.634896 0.527778 0.634896 0.528704 0.619792 0.555556 0.619271 0.555556 0.618750 0.556481 0.618229 0.556481 0.617708 0.555556 0.617188 0.555556 0.616146 0.553704 0.615625 0.553704 0.614583 0.551852 0.614062 0.551852 0.613542 0.550926 0.613021 0.550926 0.611979 0.549074 0.611458 0.549074 0.610417 0.547222 0.609896 0.547222 0.608854 0.545370 0.608333 0.546296 0.608333 0.547222 0.607292 0.549074 0.604688 0.549074 0.603646 0.547222 0.603125 0.547222 0.602083 0.545370 0.601562 0.545370 0.600521 0.543519 0.600000 0.543519 0.598958 0.541667 0.598437 0.541667 0.597396 0.539815 0.596875 0.539815 0.595833 0.537963 0.595313 0.537963 0.594271 0.536111 0.593750 0.536111 0.589063 0.527778 0.589063 0.526852 0.584896 0.519444 0.584375 0.519444 0.582292 0.515741 0.581771 0.515741 0.580729 0.513889 0.580208 0.513889 0.579688 0.512963 0.579167 0.512963 0.578125 0.511111 0.577604 0.511111 0.576562 0.509259 0.576042 0.509259 0.575000 0.507407 0.574479 0.507407 0.573438 0.505556 0.572917 0.505556 0.572396 0.504630 0.571875 0.504630 0.570833 0.502778
0 0.681250 0.538889 0.078125 0.068519 0.650000 0.504630 0.649479 0.505556 0.648958 0.505556 0.647917 0.507407 0.647396 0.507407 0.646875 0.508333 0.646875 0.509259 0.647396 0.509259 0.647917 0.510185 0.648438 0.510185 0.649479 0.512037 0.649479 0.512963 0.650000 0.513889 0.650000 0.515741 0.649479 0.516667 0.649479 0.517593 0.646354 0.523148 0.646354 0.524074 0.642188 0.531481 0.642708 0.531481 0.643229 0.532407 0.643750 0.532407 0.644792 0.534259 0.645312 0.534259 0.645833 0.535185 0.646354 0.535185 0.646875 0.536111 0.647396 0.536111 0.647917 0.537037 0.648438 0.537037 0.648958 0.537963 0.649479 0.537963 0.650521 0.539815 0.651042 0.539815 0.651563 0.540741 0.652083 0.540741 0.652604 0.541667 0.653125 0.541667 0.653646 0.542593 0.654167 0.542593 0.655208 0.544444 0.655729 0.544444 0.656250 0.545370 0.656771 0.545370 0.657292 0.546296 0.657813 0.546296 0.658333 0.547222 0.658854 0.547222 0.659896 0.549074 0.660417 0.549074 0.660937 0.550000 0.661458 0.550000 0.661979 0.550926 0.662500 0.550926 0.663021 0.551852 0.663542 0.551852 0.664583 0.553704 0.665104 0.553704 0.665625 0.554630 0.666146 0.554630 0.666667 0.555556 0.667188 0.555556 0.667708 0.556481 0.668229 0.556481 0.669271 0.558333 0.669792 0.558333 0.670312 0.559259 0.670833 0.559259 0.671354 0.560185 0.671875 0.560185 0.672396 0.561111 0.672917 0.561111 0.673438 0.562037 0.673958 0.562037 0.675000 0.563889 0.675521 0.563889 0.676042 0.564815 0.676562 0.564815 0.677083 0.565741 0.677604 0.565741 0.678125 0.566667 0.678646 0.566667 0.679688 0.568519 0.680208 0.568519 0.680729 0.569444 0.681250 0.569444 0.681771 0.570370 0.682292 0.570370 0.682813 0.571296 0.683333 0.571296 0.684375 0.573148 0.685937 0.573148 0.703125 0.542593 0.703125 0.541667 0.717187 0.516667 0.717187 0.515741 0.720313 0.510185 0.720313 0.506481 0.719792 0.506481 0.708333 0.526852 0.708333 0.527778 0.695312 0.550926 0.693229 0.550926 0.692708 0.550000 0.692187 0.550000 0.691667 0.549074 0.691146 0.549074 0.690625 0.548148 0.690104 0.548148 0.689583 0.547222 0.689063 0.547222 0.688542 0.546296 0.688021 0.546296 0.687500 0.545370 0.686979 0.545370 0.686458 0.544444 0.685937 0.544444 0.685417 0.543519 0.685937 0.544444 0.685937 0.548148 0.684375 0.550926 0.682813 0.550926 0.682292 0.550000 0.681771 0.550000 0.681250 0.549074 0.680729 0.549074 0.680208 0.548148 0.679688 0.548148 0.679167 0.547222 0.678646 0.547222 0.678125 0.546296 0.677604 0.546296 0.677083 0.545370 0.676562 0.545370 0.676042 0.544444 0.675521 0.544444 0.666146 0.527778 0.666146 0.526852 0.656250 0.509259 0.655729 0.509259 0.655208 0.508333 0.654687 0.508333 0.654167 0.507407 0.653646 0.507407 0.653125 0.506481 0.652604 0.506481 0.652083 0.505556 0.651563 0.505556 0.651042 0.504630
0 0.314063 0.528241 0.081250 0.100926 0.313021 0.477778 0.312500 0.478704 0.310937 0.478704 0.310417 0.479630 0.309896 0.479630 0.308854 0.481481 0.308333 0.481481 0.307292 0.483333 0.306771 0.483333 0.305729 0.485185 0.305729 0.504630 0.297396 0.519444 0.297396 0.520370 0.274479 0.561111 0.274479 0.562963 0.273958 0.563889 0.273958 0.568519 0.273438 0.569444 0.273438 0.575926 0.275000 0.578704 0.276562 0.578704 0.277083 0.577778 0.277604 0.577778 0.298438 0.540741 0.298958 0.540741 0.303646 0.532407 0.304167 0.532407 0.306771 0.527778 0.307292 0.527778 0.308854 0.525000 0.309375 0.525000 0.309896 0.524074 0.310417 0.524074 0.310937 0.523148 0.311458 0.523148 0.311979 0.522222 0.316146 0.522222 0.316667 0.523148 0.317708 0.523148 0.318229 0.524074 0.318750 0.524074 0.319792 0.525926 0.320312 0.525926 0.321354 0.527778 0.321875 0.527778 0.323437 0.530556 0.323958 0.530556 0.326562 0.535185 0.327083 0.535185 0.329688 0.539815 0.330208 0.539815 0.334375 0.547222 0.334896 0.547222 0.339583 0.555556 0.340104 0.555556 0.346354 0.566667 0.346875 0.566667 0.349479 0.571296 0.350000 0.571296 0.351042 0.573148 0.351562 0.573148 0.352083 0.574074 0.353125 0.574074 0.353646 0.573148 0.354167 0.573148 0.354687 0.572222 0.354687 0.566667 0.354167 0.565741 0.354167 0.562963 0.353646 0.562037 0.353646 0.560185 0.351562 0.556481 0.351042 0.556481 0.344271 0.544444 0.343750 0.544444 0.337500 0.533333 0.336979 0.533333 0.330208 0.521296 0.329688 0.521296 0.322917 0.509259 0.322396 0.509259 0.317188 0.500000 0.317188 0.499074 0.316667 0.498148 0.316667 0.495370 0.316146 0.494444 0.316146 0.481481 0.315625 0.480556 0.315625 0.478704 0.314583 0.478704 0.314063 0.477778
0 0.397396 0.524537 0.077083 0.087963 0.396354 0.480556 0.395313 0.482407 0.394792 0.482407 0.395313 0.483333 0.395313 0.484259 0.395833 0.485185 0.395833 0.486111 0.396875 0.487963 0.396875 0.488889 0.397396 0.489815 0.397396 0.490741 0.397917 0.491667 0.397917 0.492593 0.398438 0.493519 0.397917 0.494444 0.397917 0.495370 0.397396 0.496296 0.397396 0.497222 0.378646 0.530556 0.378646 0.531481 0.361458 0.562037 0.360938 0.562037 0.359375 0.564815 0.358854 0.564815 0.358854 0.565741 0.360417 0.568519 0.362500 0.568519 0.366667 0.561111 0.367188 0.561111 0.375000 0.547222 0.375521 0.547222 0.381250 0.537037 0.381771 0.537037 0.385417 0.530556 0.385937 0.530556 0.388542 0.525926 0.389062 0.525926 0.391146 0.522222 0.391667 0.522222 0.392708 0.520370 0.393229 0.520370 0.394271 0.518519 0.394792 0.518519 0.395313 0.517593 0.395833 0.517593 0.396354 0.516667 0.400521 0.516667 0.401042 0.517593 0.401562 0.517593 0.402083 0.518519 0.402604 0.518519 0.403125 0.519444 0.403646 0.519444 0.405208 0.522222 0.405729 0.522222 0.409375 0.528704 0.409896 0.528704 0.431771 0.567593 0.432292 0.567593 0.432812 0.568519 0.434375 0.568519 0.434896 0.567593 0.435417 0.567593 0.435417 0.566667 0.435937 0.565741 0.435937 0.563889 0.435417 0.562963 0.435417 0.562037 0.434375 0.560185 0.434375 0.559259 0.433333 0.557407 0.433333 0.556481 0.432292 0.554630 0.432292 0.553704 0.431250 0.551852 0.431250 0.550926 0.430208 0.549074 0.430208 0.548148 0.428646 0.545370 0.428646 0.544444 0.427604 0.542593 0.427604 0.541667 0.426563 0.539815 0.426563 0.538889 0.425521 0.537037 0.425521 0.536111 0.424479 0.534259 0.424479 0.533333 0.423438 0.531481 0.423438 0.530556 0.422396 0.528704 0.422396 0.527778 0.413542 0.512037 0.413021 0.512037 0.400521 0.489815 0.400521 0.488889 0.399479 0.487037 0.399479 0.486111 0.398958 0.485185 0.398958 0.484259 0.397917 0.482407 0.397917 0.481481 0.397396 0.480556
0 0.480990 0.517130 0.076563 0.080556 0.479167 0.476852 0.478646 0.477778 0.478125 0.477778 0.477083 0.479630 0.477083 0.480556 0.478125 0.482407 0.478125 0.485185 0.477604 0.486111 0.477604 0.487037 0.473958 0.493519 0.473958 0.494444 0.445833 0.544444 0.445833 0.545370 0.443750 0.549074 0.443229 0.549074 0.442708 0.550000 0.443750 0.551852 0.443750 0.552778 0.445833 0.556481 0.446354 0.556481 0.446875 0.557407 0.447396 0.556481 0.447917 0.556481 0.467708 0.521296 0.468229 0.521296 0.473438 0.512037 0.473958 0.512037 0.476562 0.507407 0.477083 0.507407 0.478125 0.505556 0.478646 0.505556 0.479167 0.504630 0.479687 0.504630 0.480208 0.503704 0.480729 0.503704 0.481250 0.502778 0.483854 0.502778 0.484375 0.503704 0.485417 0.503704 0.485938 0.504630 0.486458 0.504630 0.489583 0.510185 0.490104 0.510185 0.496354 0.521296 0.496875 0.521296 0.502604 0.531481 0.503125 0.531481 0.508854 0.541667 0.509375 0.541667 0.514583 0.550926 0.515104 0.550926 0.515625 0.551852 0.516146 0.551852 0.516667 0.552778 0.517708 0.552778 0.519271 0.550000 0.519271 0.548148 0.518750 0.547222 0.518750 0.546296 0.516667 0.542593 0.516667 0.541667 0.504687 0.520370 0.504167 0.520370 0.483333 0.483333 0.482812 0.483333
0 0.571094 0.511574 0.074479 0.084259 0.561979 0.469444 0.561458 0.470370 0.560937 0.470370 0.558854 0.474074 0.559896 0.475926 0.560417 0.475926 0.560937 0.476852 0.561458 0.476852 0.562500 0.478704 0.563021 0.478704 0.563542 0.479630 0.564063 0.479630 0.565104 0.481481 0.565625 0.481481 0.566667 0.483333 0.566667 0.487963 0.565104 0.490741 0.565104 0.491667 0.550521 0.517593 0.550521 0.518519 0.533854 0.548148 0.536458 0.552778 0.536979 0.552778 0.537500 0.553704 0.538542 0.553704 0.539583 0.551852 0.540104 0.551852 0.545833 0.541667 0.545833 0.540741 0.558854 0.517593 0.559375 0.517593 0.565104 0.507407 0.565625 0.507407 0.567708 0.503704 0.568229 0.503704 0.569271 0.501852 0.570833 0.501852 0.571875 0.503704 0.572396 0.503704 0.572917 0.504630 0.573438 0.504630 0.574479 0.506481 0.575000 0.506481 0.576042 0.508333 0.576562 0.508333 0.577604 0.510185 0.578125 0.510185 0.579167 0.512037 0.579688 0.512037 0.580208 0.512963 0.580729 0.512963 0.581771 0.514815 0.582292 0.514815 0.584375 0.518519 0.584896 0.518519 0.589583 0.526852 0.589583 0.527778 0.593750 0.535185 0.594271 0.535185 0.595313 0.537037 0.595833 0.537037 0.596875 0.538889 0.597396 0.538889 0.598437 0.540741 0.598958 0.540741 0.600000 0.542593 0.600521 0.542593 0.601562 0.544444 0.602083 0.544444 0.603125 0.546296 0.603646 0.546296 0.604688 0.548148 0.607292 0.548148 0.607812 0.547222 0.607812 0.546296 0.608333 0.545370 0.608333 0.544444 0.607812 0.543519 0.607812 0.542593 0.606771 0.540741 0.606771 0.539815 0.590625 0.511111 0.590625 0.510185 0.575000 0.482407 0.574479 0.482407 0.573438 0.480556 0.572917 0.480556 0.572396 0.479630 0.571875 0.479630 0.570833 0.477778 0.570312 0.477778 0.569792 0.476852 0.569271 0.476852 0.568750 0.475926 0.568229 0.475926 0.567187 0.474074 0.566667 0.474074 0.566146 0.473148 0.565625 0.473148 0.564583 0.471296 0.564063 0.471296 0.563542 0.470370 0.563021 0.470370 0.562500 0.469444
0 0.646094 0.522222 0.078646 0.066667 0.606771 0.538889 0.607292 0.539815 0.607292 0.540741 0.608333 0.542593 0.608333 0.543519 0.609896 0.546296 0.610417 0.546296 0.611458 0.548148 0.611979 0.548148 0.613021 0.550000 0.613542 0.550000 0.614062 0.550926 0.614583 0.550926 0.615625 0.552778 0.616146 0.552778 0.617188 0.554630 0.617708 0.554630 0.618229 0.555556 0.618750 0.555556 0.619271 0.554630 0.619792 0.554630 0.620833 0.552778 0.620313 0.553704 0.619792 0.553704 0.619271 0.552778 0.618750 0.552778 0.617708 0.550926 0.617188 0.550926 0.616667 0.550000 0.616146 0.550000 0.615104 0.548148 0.614583 0.548148 0.613542 0.546296 0.613021 0.546296 0.612500 0.545370 0.611979 0.545370 0.610938 0.543519 0.610417 0.543519 0.609375 0.541667 0.608854 0.541667 0.608333 0.540741 0.607812 0.540741
0 0.357031 0.521759 0.081771 0.086111 0.316146 0.478704 0.316146 0.480556 0.316667 0.481481 0.316667 0.494444 0.317188 0.495370 0.317188 0.498148 0.317708 0.499074 0.317708 0.500000 0.322396 0.508333 0.322917 0.508333 0.329688 0.520370 0.330208 0.520370 0.336979 0.532407 0.337500 0.532407 0.343750 0.543519 0.344271 0.543519 0.351042 0.555556 0.351562 0.555556 0.355729 0.562963 0.356250 0.562963 0.356771 0.563889 0.357292 0.563889 0.357812 0.564815 0.358333 0.564815 0.358854 0.563889 0.359375 0.563889 0.360938 0.561111 0.361458 0.561111 0.378125 0.531481 0.378125 0.530556 0.396875 0.497222 0.396875 0.496296 0.397396 0.495370 0.397396 0.494444 0.397917 0.493519 0.397396 0.492593 0.397396 0.491667 0.396875 0.490741 0.396875 0.489815 0.396354 0.488889 0.396354 0.487963 0.395313 0.486111 0.395313 0.485185 0.394792 0.484259 0.394792 0.483333 0.394271 0.483333 0.393229 0.485185 0.392708 0.485185 0.390625 0.488889 0.390104 0.488889 0.384375 0.499074 0.383854 0.499074 0.364063 0.534259 0.361979 0.534259 0.360417 0.531481 0.360417 0.530556 0.359896 0.529630 0.359896 0.527778 0.359375 0.526852 0.359375 0.525000 0.358854 0.524074 0.358854 0.522222 0.358333 0.522222 0.357812 0.523148 0.356250 0.523148 0.355208 0.521296 0.354687 0.521296 0.353125 0.518519 0.353125 0.519444 0.353646 0.520370 0.353646 0.522222 0.354167 0.523148 0.354167 0.525926 0.353646 0.526852 0.353646 0.527778 0.353125 0.528704 0.352604 0.528704 0.352083 0.529630 0.350521 0.529630 0.350000 0.528704 0.349479 0.528704 0.348438 0.526852 0.347917 0.526852 0.342708 0.517593 0.342187 0.517593 0.335938 0.506481 0.335417 0.506481 0.330729 0.498148 0.330208 0.498148 0.327083 0.492593 0.326562 0.492593 0.323958 0.487963 0.323437 0.487963 0.321875 0.485185 0.321354 0.485185 0.319792 0.482407 0.319271 0.482407 0.318229 0.480556 0.317708 0.480556 0.317188 0.479630 0.316667 0.479630
0 0.437760 0.515741 0.079687 0.074074 0.399479 0.478704 0.398958 0.479630 0.397917 0.479630 0.397917 0.480556 0.398438 0.481481 0.398438 0.482407 0.399479 0.484259 0.399479 0.485185 0.400000 0.486111 0.400000 0.487037 0.401042 0.488889 0.401042 0.489815 0.413021 0.511111 0.413542 0.511111 0.423958 0.529630 0.424479 0.529630 0.434896 0.548148 0.435417 0.548148 0.438021 0.552778 0.440625 0.552778 0.443229 0.548148 0.443750 0.548148 0.445312 0.545370 0.445312 0.544444 0.473438 0.494444 0.473438 0.493519 0.477083 0.487037 0.477083 0.486111 0.477604 0.485185 0.477604 0.482407 0.476562 0.480556 0.473958 0.485185 0.473438 0.485185 0.451042 0.525000 0.450521 0.525000 0.450000 0.525926 0.448437 0.525926 0.447917 0.525000 0.447396 0.525000 0.446875 0.524074 0.446875 0.523148 0.444792 0.519444 0.444792 0.518519 0.442708 0.514815 0.442708 0.513889 0.442188 0.512963 0.441667 0.512963 0.440104 0.515741 0.438021 0.515741 0.437500 0.514815 0.436979 0.514815 0.430729 0.503704 0.430729 0.504630 0.432292 0.507407 0.432292 0.508333 0.433854 0.511111 0.433854 0.512037 0.435417 0.514815 0.435417 0.515741 0.436979 0.518519 0.436979 0.519444 0.438542 0.522222 0.438542 0.523148 0.439063 0.524074 0.439063 0.527778 0.438021 0.529630 0.437500 0.529630 0.436979 0.530556 0.435937 0.530556 0.435417 0.529630 0.434896 0.529630 0.433854 0.527778 0.433333 0.527778 0.425521 0.513889 0.425000 0.513889 0.416667 0.499074 0.416146 0.499074 0.411979 0.491667 0.411458 0.491667 0.408854 0.487037 0.408333 0.487037 0.406250 0.483333 0.405729 0.483333 0.404687 0.481481 0.404167 0.481481 0.403646 0.480556 0.403125 0.480556 0.402604 0.479630 0.401042 0.479630 0.400521 0.478704
0 0.522917 0.512963 0.086458 0.083333 0.483854 0.471296 0.483333 0.472222 0.482812 0.472222 0.482292 0.473148 0.481771 0.473148 0.480729 0.475000 0.480208 0.475000 0.479687 0.475926 0.479687 0.476852 0.482812 0.482407 0.483333 0.482407 0.497396 0.507407 0.497917 0.507407 0.501563 0.513889 0.502083 0.513889 0.505729 0.520370 0.506250 0.520370 0.509896 0.526852 0.510417 0.526852 0.514062 0.533333 0.514583 0.533333 0.517708 0.538889 0.518229 0.538889 0.521875 0.545370 0.522396 0.545370 0.526042 0.551852 0.526563 0.551852 0.527604 0.553704 0.528125 0.553704 0.528646 0.554630 0.529167 0.554630 0.529687 0.553704 0.530208 0.553704 0.550000 0.518519 0.550000 0.517593 0.564583 0.491667 0.564583 0.490741 0.566146 0.487963 0.566146 0.483333 0.565625 0.482407 0.565104 0.482407 0.564063 0.480556 0.563542 0.480556 0.563021 0.479630 0.562500 0.479630 0.561458 0.477778 0.560937 0.477778 0.560417 0.476852 0.559896 0.476852 0.558854 0.475000 0.558333 0.475000 0.536979 0.512963 0.536458 0.512963 0.535937 0.513889 0.534896 0.513889 0.533854 0.512037 0.533333 0.512037 0.532813 0.511111 0.529687 0.516667 0.529167 0.516667 0.528646 0.517593 0.528125 0.517593 0.527604 0.516667 0.527083 0.516667 0.526563 0.515741 0.526042 0.515741 0.523958 0.512037 0.523438 0.512037 0.521875 0.509259 0.521354 0.509259 0.519271 0.505556 0.518750 0.505556 0.517188 0.502778 0.516667 0.502778 0.514583 0.499074 0.522396 0.512963 0.522396 0.513889 0.523438 0.515741 0.523438 0.519444 0.522396 0.521296 0.521875 0.521296 0.521354 0.522222 0.520312 0.522222 0.519792 0.521296 0.519271 0.521296 0.518229 0.519444 0.517708 0.519444 0.515625 0.515741 0.515104 0.515741 0.512500 0.511111 0.511979 0.511111 0.509896 0.507407 0.509375 0.507407 0.506771 0.502778 0.506250 0.502778 0.504167 0.499074 0.503646 0.499074 0.501042 0.494444 0.500521 0.494444 0.496354 0.487037 0.495833 0.487037 0.493750 0.483333 0.493229 0.483333 0.490625 0.478704 0.490104 0.478704 0.488021 0.475000 0.487500 0.475000 0.485417 0.471296
0 0.609896 0.507870 0.094792 0.089815 0.566146 0.462963 0.564583 0.465741 0.564063 0.465741 0.562500 0.468519 0.563021 0.469444 0.563542 0.469444 0.564063 0.470370 0.564583 0.470370 0.565625 0.472222 0.566146 0.472222 0.566667 0.473148 0.567187 0.473148 0.568229 0.475000 0.568750 0.475000 0.569271 0.475926 0.569792 0.475926 0.570312 0.476852 0.570833 0.476852 0.571875 0.478704 0.572396 0.478704 0.572917 0.479630 0.573438 0.479630 0.574479 0.481481 0.575000 0.481481 0.591146 0.510185 0.591146 0.511111 0.606250 0.537963 0.606771 0.537963 0.607812 0.539815 0.608333 0.539815 0.608854 0.540741 0.609375 0.540741 0.610417 0.542593 0.610938 0.542593 0.611979 0.544444 0.612500 0.544444 0.613021 0.545370 0.613542 0.545370 0.614583 0.547222 0.615104 0.547222 0.616146 0.549074 0.616667 0.549074 0.617188 0.550000 0.617708 0.550000 0.618750 0.551852 0.619271 0.551852 0.619792 0.552778 0.620313 0.552778 0.620833 0.551852 0.621354 0.551852 0.634375 0.528704 0.634375 0.527778 0.650521 0.499074 0.650521 0.498148 0.656250 0.487963 0.656250 0.487037 0.656771 0.486111 0.656771 0.485185 0.657292 0.484259 0.656771 0.483333 0.656771 0.482407 0.655729 0.480556 0.655208 0.480556 0.654687 0.479630 0.654167 0.479630 0.653646 0.478704 0.653125 0.478704 0.652604 0.477778 0.650521 0.481481 0.650000 0.481481 0.625000 0.525926 0.623437 0.525926 0.622396 0.524074 0.621875 0.524074 0.621354 0.523148 0.620833 0.523148 0.620313 0.522222 0.619792 0.522222 0.618750 0.520370 0.618229 0.520370 0.617708 0.519444 0.617188 0.519444 0.616667 0.518519 0.616146 0.518519 0.615104 0.516667 0.614583 0.516667 0.614062 0.515741 0.613542 0.515741 0.613021 0.514815 0.612500 0.514815 0.611458 0.512963 0.610938 0.512963 0.610417 0.512037 0.609896 0.512037 0.609375 0.511111 0.608854 0.511111 0.607812 0.509259 0.607292 0.509259 0.606771 0.508333 0.606250 0.508333 0.605729 0.507407 0.605208 0.507407 0.604688 0.508333 0.604167 0.508333 0.603646 0.509259 0.602083 0.509259 0.593750 0.494444 0.593750 0.493519 0.591146 0.488889 0.590625 0.488889 0.588542 0.485185 0.588021 0.485185 0.587500 0.484259 0.586979 0.484259 0.585938 0.482407 0.585417 0.482407 0.584896 0.481481 0.584375 0.481481 0.583854 0.480556 0.583333 0.480556 0.582292 0.478704 0.581771 0.478704 0.581250 0.477778 0.580729 0.477778 0.580208 0.476852 0.579688 0.476852 0.579167 0.475926 0.578646 0.475926 0.577604 0.474074 0.577083 0.474074 0.576562 0.473148 0.576042 0.473148 0.575521 0.472222 0.575000 0.472222 0.574479 0.471296 0.573958 0.471296 0.572917 0.469444 0.572396 0.469444 0.571875 0.468519 0.571354 0.468519 0.570833 0.467593 0.570312 0.467593 0.569271 0.465741 0.568750 0.465741 0.568229 0.464815 0.567708 0.464815 0.567187 0.463889 0.566667 0.463889
0 0.691406 0.512500 0.076563 0.075000 0.720313 0.475000 0.709896 0.493519 0.709896 0.494444 0.695312 0.520370 0.693750 0.520370 0.693229 0.519444 0.692187 0.519444 0.691667 0.520370 0.691146 0.520370 0.690625 0.521296 0.690104 0.521296 0.689583 0.520370 0.689063 0.520370 0.688542 0.519444 0.687500 0.519444 0.686979 0.518519 0.686458 0.518519 0.685937 0.517593 0.685417 0.517593 0.684896 0.516667 0.684375 0.516667 0.683854 0.515741 0.683333 0.515741 0.682813 0.514815 0.682292 0.514815 0.681771 0.513889 0.681250 0.513889 0.680729 0.512963 0.679688 0.512963 0.679167 0.512037 0.679167 0.511111 0.668750 0.492593 0.668750 0.491667 0.666146 0.487037 0.665625 0.487037 0.664583 0.485185 0.664062 0.485185 0.663542 0.484259 0.663021 0.484259 0.662500 0.483333 0.661979 0.483333 0.661458 0.482407 0.660417 0.482407 0.659896 0.481481 0.659375 0.481481 0.658854 0.480556 0.658333 0.480556 0.657813 0.479630 0.657292 0.479630 0.656771 0.478704 0.655729 0.478704 0.655208 0.477778 0.654687 0.477778 0.654167 0.476852 0.653125 0.476852 0.653125 0.477778 0.653646 0.477778 0.654167 0.478704 0.654687 0.478704 0.655208 0.479630 0.655729 0.479630 0.657292 0.482407 0.657292 0.483333 0.657813 0.484259 0.657292 0.485185 0.657292 0.486111 0.656771 0.487037 0.656771 0.488889 0.658854 0.492593 0.658854 0.493519 0.668229 0.510185 0.668229 0.511111 0.677083 0.526852 0.677083 0.527778 0.684375 0.540741 0.684375 0.541667 0.684896 0.542593 0.685417 0.542593 0.685937 0.543519 0.686458 0.543519 0.686979 0.544444 0.687500 0.544444 0.688021 0.545370 0.688542 0.545370 0.689063 0.546296 0.689583 0.546296 0.690104 0.547222 0.690625 0.547222 0.691146 0.548148 0.691667 0.548148 0.692187 0.549074 0.692708 0.549074 0.693229 0.550000 0.695312 0.550000 0.707812 0.527778 0.707812 0.526852 0.722917 0.500000 0.722917 0.499074 0.729167 0.487963 0.729167 0.487037 0.729688 0.486111 0.729688 0.482407 0.728646 0.480556 0.727604 0.480556 0.727083 0.479630 0.726042 0.479630 0.725521 0.478704 0.725000 0.478704 0.724479 0.477778 0.723437 0.477778 0.722917 0.476852 0.721875 0.476852 0.721354 0.475926 0.720833 0.475926
0 0.313542 0.487037 0.080208 0.092593 0.312500 0.440741 0.311979 0.441667 0.310417 0.441667 0.309896 0.442593 0.309375 0.442593 0.308333 0.444444 0.307812 0.444444 0.306771 0.446296 0.306250 0.446296 0.304167 0.450000 0.303646 0.450000 0.301563 0.453704 0.301563 0.475926 0.301042 0.476852 0.301042 0.477778 0.291667 0.494444 0.291667 0.495370 0.273438 0.527778 0.273438 0.529630 0.275521 0.533333 0.276562 0.533333 0.277604 0.531481 0.278125 0.531481 0.299479 0.493519 0.300000 0.493519 0.304167 0.486111 0.304688 0.486111 0.306771 0.482407 0.307292 0.482407 0.308333 0.480556 0.308854 0.480556 0.309896 0.478704 0.310417 0.478704 0.310937 0.477778 0.312500 0.477778 0.313021 0.476852 0.314063 0.476852 0.314583 0.477778 0.316146 0.477778 0.316667 0.478704 0.317188 0.478704 0.317708 0.479630 0.318229 0.479630 0.319271 0.481481 0.319792 0.481481 0.321354 0.484259 0.321875 0.484259 0.323437 0.487037 0.323958 0.487037 0.326562 0.491667 0.327083 0.491667 0.330208 0.497222 0.330729 0.497222 0.335417 0.505556 0.335938 0.505556 0.342187 0.516667 0.342708 0.516667 0.347917 0.525926 0.348438 0.525926 0.349479 0.527778 0.350000 0.527778 0.350521 0.528704 0.352083 0.528704 0.352604 0.527778 0.353125 0.527778 0.353125 0.526852 0.353646 0.525926 0.353646 0.523148 0.353125 0.522222 0.353125 0.520370 0.352604 0.519444 0.352604 0.517593 0.350000 0.512963 0.349479 0.512963 0.342187 0.500000 0.341667 0.500000 0.334375 0.487037 0.333854 0.487037 0.326562 0.474074 0.326042 0.474074 0.316146 0.456481 0.316146 0.453704 0.315625 0.452778 0.315625 0.441667 0.314063 0.441667 0.313542 0.440741
0 0.398958 0.488426 0.079167 0.089815 0.396354 0.443519 0.395833 0.444444 0.395313 0.444444 0.394792 0.445370 0.394792 0.446296 0.395833 0.448148 0.395833 0.449074 0.396875 0.450926 0.396875 0.452778 0.396354 0.453704 0.396354 0.454630 0.393229 0.460185 0.393229 0.461111 0.359375 0.521296 0.359375 0.524074 0.359896 0.525000 0.359896 0.526852 0.360417 0.527778 0.360417 0.529630 0.360938 0.530556 0.360938 0.531481 0.361979 0.533333 0.364063 0.533333 0.383854 0.498148 0.384375 0.498148 0.390104 0.487963 0.390625 0.487963 0.392708 0.484259 0.393229 0.484259 0.394792 0.481481 0.395313 0.481481 0.396354 0.479630 0.397396 0.479630 0.397917 0.478704 0.398958 0.478704 0.399479 0.477778 0.400521 0.477778 0.401042 0.478704 0.402604 0.478704 0.403125 0.479630 0.403646 0.479630 0.404167 0.480556 0.404687 0.480556 0.405729 0.482407 0.406250 0.482407 0.408333 0.486111 0.408854 0.486111 0.411458 0.490741 0.411979 0.490741 0.416146 0.498148 0.416667 0.498148 0.425000 0.512963 0.425521 0.512963 0.433333 0.526852 0.433854 0.526852 0.434896 0.528704 0.435417 0.528704 0.435937 0.529630 0.436979 0.529630 0.437500 0.528704 0.438021 0.528704 0.438542 0.527778 0.438542 0.524074 0.438021 0.523148 0.438021 0.522222 0.436458 0.519444 0.436458 0.518519 0.434896 0.515741 0.434896 0.514815 0.433333 0.512037 0.433333 0.511111 0.431771 0.508333 0.431771 0.507407 0.430208 0.504630 0.430208 0.503704 0.415625 0.477778 0.415104 0.477778 0.400000 0.450926 0.400000 0.450000 0.398958 0.448148 0.398958 0.447222 0.397917 0.445370 0.397917 0.444444 0.397396 0.443519
0 0.482552 0.481944 0.080729 0.086111 0.477604 0.438889 0.477083 0.439815 0.476562 0.439815 0.476042 0.440741 0.476042 0.441667 0.477604 0.444444 0.477604 0.448148 0.475000 0.452778 0.475000 0.453704 0.442188 0.512037 0.443229 0.513889 0.443229 0.514815 0.445312 0.518519 0.445312 0.519444 0.447396 0.523148 0.447396 0.524074 0.447917 0.524074 0.448437 0.525000 0.450000 0.525000 0.450521 0.524074 0.451042 0.524074 0.473438 0.484259 0.473958 0.484259 0.478125 0.476852 0.478646 0.476852 0.480208 0.474074 0.480729 0.474074 0.481771 0.472222 0.482292 0.472222 0.482812 0.471296 0.483333 0.471296 0.483854 0.470370 0.485417 0.470370 0.487500 0.474074 0.488021 0.474074 0.490104 0.477778 0.490625 0.477778 0.493229 0.482407 0.493750 0.482407 0.495833 0.486111 0.496354 0.486111 0.500521 0.493519 0.501042 0.493519 0.503646 0.498148 0.504167 0.498148 0.506250 0.501852 0.506771 0.501852 0.509375 0.506481 0.509896 0.506481 0.511979 0.510185 0.512500 0.510185 0.515104 0.514815 0.515625 0.514815 0.517708 0.518519 0.518229 0.518519 0.519271 0.520370 0.519792 0.520370 0.520312 0.521296 0.521354 0.521296 0.521875 0.520370 0.522396 0.520370 0.522917 0.519444 0.522917 0.515741 0.521875 0.513889 0.521875 0.512963 0.487500 0.451852 0.486979 0.451852 0.485417 0.449074 0.484896 0.449074 0.483333 0.446296 0.482812 0.446296 0.481250 0.443519 0.480729 0.443519 0.479167 0.440741 0.478646 0.440741
0 0.569271 0.475463 0.071875 0.075000 0.567708 0.437963 0.564583 0.443519 0.566146 0.446296 0.566146 0.449074 0.565625 0.450000 0.565625 0.450926 0.560417 0.460185 0.560417 0.461111 0.543229 0.491667 0.543229 0.492593 0.533333 0.510185 0.533333 0.511111 0.533854 0.511111 0.534896 0.512963 0.535937 0.512963 0.536458 0.512037 0.536979 0.512037 0.560937 0.469444 0.561458 0.469444 0.564063 0.464815 0.564583 0.464815 0.566146 0.462037 0.566667 0.462963 0.567187 0.462963 0.567708 0.463889 0.568229 0.463889 0.568750 0.464815 0.569271 0.464815 0.570312 0.466667 0.570833 0.466667 0.571354 0.467593 0.571875 0.467593 0.572396 0.468519 0.572917 0.468519 0.573958 0.470370 0.574479 0.470370 0.575000 0.471296 0.575521 0.471296 0.576042 0.472222 0.576562 0.472222 0.577083 0.473148 0.577604 0.473148 0.578646 0.475000 0.579167 0.475000 0.579688 0.475926 0.580208 0.475926 0.580729 0.476852 0.581250 0.476852 0.581771 0.477778 0.582292 0.477778 0.583333 0.479630 0.583854 0.479630 0.584375 0.480556 0.584896 0.480556 0.585417 0.481481 0.585938 0.481481 0.586979 0.483333 0.587500 0.483333 0.588021 0.484259 0.588542 0.484259 0.590625 0.487963 0.591146 0.487963 0.594271 0.493519 0.594271 0.494444 0.602083 0.508333 0.603646 0.508333 0.604167 0.507407 0.604688 0.507407 0.604688 0.506481 0.605208 0.505556 0.605208 0.503704 0.604688 0.502778 0.604688 0.501852 0.598958 0.491667 0.598958 0.490741 0.580729 0.458333 0.580729 0.457407 0.572396 0.442593 0.571875 0.442593 0.570833 0.440741 0.570312 0.440741 0.569792 0.439815 0.569271 0.439815 0.568750 0.438889 0.568229 0.438889
0 0.648958 0.487500 0.087500 0.075000 0.655729 0.450000 0.655729 0.450926 0.647917 0.464815 0.647917 0.465741 0.632292 0.493519 0.632292 0.494444 0.620833 0.514815 0.620313 0.514815 0.619792 0.515741 0.618229 0.515741 0.617708 0.514815 0.617188 0.514815 0.616146 0.512963 0.615625 0.512963 0.615104 0.512037 0.614583 0.512037 0.614062 0.511111 0.613542 0.511111 0.612500 0.509259 0.611979 0.509259 0.611458 0.508333 0.610938 0.508333 0.610417 0.507407 0.609896 0.507407 0.609375 0.506481 0.608854 0.506481 0.607812 0.504630 0.607292 0.504630 0.606771 0.503704 0.606250 0.503704 0.605729 0.502778 0.605208 0.502778 0.605729 0.503704 0.605729 0.505556 0.605208 0.506481 0.605729 0.506481 0.606250 0.507407 0.606771 0.507407 0.607292 0.508333 0.607812 0.508333 0.608854 0.510185 0.609375 0.510185 0.609896 0.511111 0.610417 0.511111 0.610938 0.512037 0.611458 0.512037 0.612500 0.513889 0.613021 0.513889 0.613542 0.514815 0.614062 0.514815 0.614583 0.515741 0.615104 0.515741 0.616146 0.517593 0.616667 0.517593 0.617188 0.518519 0.617708 0.518519 0.618229 0.519444 0.618750 0.519444 0.619792 0.521296 0.620313 0.521296 0.620833 0.522222 0.621354 0.522222 0.621875 0.523148 0.622396 0.523148 0.623437 0.525000 0.625000 0.525000 0.650000 0.480556 0.650521 0.480556 0.653125 0.475926 0.654167 0.475926 0.654687 0.476852 0.655208 0.476852 0.655729 0.477778 0.656771 0.477778 0.657292 0.478704 0.657813 0.478704 0.658333 0.479630 0.658854 0.479630 0.659375 0.480556 0.659896 0.480556 0.660417 0.481481 0.661458 0.481481 0.661979 0.482407 0.662500 0.482407 0.663021 0.483333 0.663542 0.483333 0.664062 0.484259 0.664583 0.484259 0.665625 0.486111 0.666146 0.486111 0.669271 0.491667 0.669271 0.492593 0.679688 0.511111 0.679688 0.512037 0.680729 0.512037 0.681250 0.512963 0.681771 0.512963 0.682292 0.513889 0.682813 0.513889 0.683333 0.514815 0.683854 0.514815 0.684375 0.515741 0.684896 0.515741 0.685417 0.516667 0.685937 0.516667 0.686458 0.517593 0.686979 0.517593 0.687500 0.518519 0.688542 0.518519 0.689063 0.519444 0.689583 0.519444 0.690104 0.520370 0.690625 0.520370 0.691146 0.519444 0.691667 0.519444 0.692187 0.518519 0.692187 0.517593 0.692708 0.516667 0.692708 0.515741 0.692187 0.514815 0.692187 0.513889 0.690625 0.511111 0.690625 0.510185 0.684896 0.500000 0.684896 0.499074 0.677083 0.485185 0.677083 0.484259 0.669271 0.470370 0.669271 0.469444 0.660417 0.453704 0.659896 0.453704 0.659375 0.452778 0.658854 0.452778 0.658333 0.451852 0.657292 0.451852 0.656771 0.450926 0.656250 0.450926
0 0.356250 0.482407 0.080208 0.079630 0.316146 0.442593 0.316146 0.452778 0.316667 0.453704 0.316667 0.456481 0.326042 0.473148 0.326562 0.473148 0.333854 0.486111 0.334375 0.486111 0.341667 0.499074 0.342187 0.499074 0.349479 0.512037 0.350000 0.512037 0.354687 0.520370 0.355208 0.520370 0.356250 0.522222 0.357812 0.522222 0.358333 0.521296 0.358854 0.521296 0.392708 0.461111 0.392708 0.460185 0.395833 0.454630 0.395833 0.453704 0.396354 0.452778 0.396354 0.450926 0.395313 0.449074 0.395313 0.448148 0.394271 0.446296 0.393750 0.447222 0.393229 0.447222 0.390625 0.451852 0.390104 0.451852 0.384896 0.461111 0.384375 0.461111 0.364063 0.497222 0.361979 0.497222 0.360417 0.494444 0.360417 0.493519 0.359896 0.492593 0.359896 0.490741 0.359375 0.489815 0.358854 0.490741 0.357292 0.490741 0.356771 0.489815 0.356250 0.489815 0.354687 0.487037 0.354167 0.487037 0.353646 0.486111 0.353646 0.487037 0.354167 0.487963 0.354167 0.488889 0.353646 0.489815 0.353646 0.490741 0.352083 0.493519 0.350521 0.493519 0.350000 0.492593 0.349479 0.492593 0.348438 0.490741 0.347917 0.490741 0.343750 0.483333 0.343229 0.483333 0.336458 0.471296 0.335938 0.471296 0.330729 0.462037 0.330208 0.462037 0.326562 0.455556 0.326042 0.455556 0.323437 0.450926 0.322917 0.450926 0.321354 0.448148 0.320833 0.448148 0.319271 0.445370 0.318750 0.445370 0.317708 0.443519 0.317188 0.443519 0.316667 0.442593
0 0.437240 0.478241 0.079687 0.073148 0.398438 0.441667 0.397917 0.442593 0.397396 0.442593 0.398438 0.444444 0.398438 0.445370 0.399479 0.447222 0.399479 0.448148 0.400521 0.450000 0.400521 0.450926 0.415104 0.476852 0.415625 0.476852 0.430208 0.502778 0.430729 0.502778 0.436979 0.513889 0.437500 0.513889 0.438021 0.514815 0.440104 0.514815 0.474479 0.453704 0.474479 0.452778 0.477083 0.448148 0.477083 0.444444 0.475521 0.441667 0.471875 0.448148 0.471354 0.448148 0.449479 0.487037 0.448958 0.487037 0.448437 0.487963 0.447917 0.487037 0.447396 0.487037 0.442188 0.477778 0.442188 0.476852 0.441667 0.475926 0.441146 0.475926 0.440104 0.477778 0.438021 0.477778 0.436979 0.475926 0.436458 0.475926 0.428646 0.462037 0.428125 0.462037 0.421875 0.450926 0.425000 0.456481 0.425000 0.457407 0.428125 0.462963 0.428125 0.463889 0.431771 0.470370 0.431771 0.471296 0.434896 0.476852 0.434896 0.477778 0.438021 0.483333 0.438021 0.484259 0.439583 0.487037 0.439583 0.490741 0.438021 0.493519 0.435937 0.493519 0.435417 0.492593 0.434896 0.492593 0.431250 0.486111 0.430729 0.486111 0.418750 0.464815 0.418229 0.464815 0.413021 0.455556 0.412500 0.455556 0.409375 0.450000 0.408854 0.450000 0.407292 0.447222 0.406771 0.447222 0.405208 0.444444 0.404687 0.444444 0.404167 0.443519 0.403646 0.443519 0.403125 0.442593 0.402604 0.442593 0.402083 0.441667
0 0.521875 0.474537 0.087500 0.084259 0.482812 0.432407 0.482292 0.433333 0.481771 0.433333 0.481250 0.434259 0.480729 0.434259 0.479687 0.436111 0.479167 0.436111 0.478125 0.437963 0.478125 0.438889 0.478646 0.439815 0.479167 0.439815 0.480729 0.442593 0.481250 0.442593 0.482812 0.445370 0.483333 0.445370 0.484896 0.448148 0.485417 0.448148 0.486979 0.450926 0.487500 0.450926 0.514062 0.498148 0.514583 0.498148 0.516667 0.501852 0.517188 0.501852 0.518750 0.504630 0.519271 0.504630 0.521354 0.508333 0.521875 0.508333 0.523438 0.511111 0.523958 0.511111 0.526042 0.514815 0.526563 0.514815 0.527083 0.515741 0.527604 0.515741 0.528125 0.516667 0.528646 0.516667 0.529167 0.515741 0.529687 0.515741 0.542708 0.492593 0.542708 0.491667 0.559896 0.461111 0.559896 0.460185 0.565104 0.450926 0.565104 0.450000 0.565625 0.449074 0.565625 0.446296 0.564583 0.444444 0.564063 0.444444 0.563542 0.445370 0.563021 0.445370 0.547917 0.472222 0.547917 0.473148 0.542708 0.482407 0.542188 0.482407 0.541146 0.484259 0.540625 0.484259 0.540104 0.483333 0.539583 0.483333 0.539062 0.482407 0.538542 0.482407 0.537500 0.480556 0.536979 0.480556 0.535937 0.478704 0.535417 0.478704 0.534375 0.476852 0.533854 0.476852 0.531771 0.480556 0.531250 0.480556 0.530208 0.482407 0.529167 0.482407 0.528646 0.481481 0.528125 0.481481 0.527083 0.479630 0.526563 0.479630 0.525521 0.477778 0.525000 0.477778 0.523958 0.475926 0.523438 0.475926 0.522396 0.474074 0.521875 0.474074 0.520833 0.472222 0.520312 0.472222 0.518750 0.469444 0.521875 0.475000 0.521875 0.475926 0.522396 0.476852 0.522396 0.480556 0.520833 0.483333 0.518750 0.483333 0.517708 0.481481 0.517188 0.481481 0.515625 0.478704 0.515104 0.478704 0.513542 0.475926 0.513021 0.475926 0.511979 0.474074 0.511458 0.474074 0.509896 0.471296 0.509375 0.471296 0.508333 0.469444 0.507812 0.469444 0.503125 0.461111 0.502604 0.461111 0.495312 0.448148 0.494792 0.448148 0.493750 0.446296 0.493229 0.446296 0.491667 0.443519 0.491146 0.443519 0.490104 0.441667 0.489583 0.441667 0.488021 0.438889 0.487500 0.438889 0.486458 0.437037 0.485938 0.437037 0.484375 0.434259 0.483854 0.434259
0 0.612240 0.474074 0.088021 0.081481 0.570833 0.433333 0.568750 0.437037 0.568229 0.437037 0.568229 0.437963 0.568750 0.437963 0.569271 0.438889 0.569792 0.438889 0.570312 0.439815 0.570833 0.439815 0.571875 0.441667 0.572396 0.441667 0.581250 0.457407 0.581250 0.458333 0.599479 0.490741 0.599479 0.491667 0.605208 0.501852 0.605729 0.501852 0.606250 0.502778 0.606771 0.502778 0.607292 0.503704 0.607812 0.503704 0.608854 0.505556 0.609375 0.505556 0.609896 0.506481 0.610417 0.506481 0.610938 0.507407 0.611458 0.507407 0.611979 0.508333 0.612500 0.508333 0.613542 0.510185 0.614062 0.510185 0.614583 0.511111 0.615104 0.511111 0.615625 0.512037 0.616146 0.512037 0.617188 0.513889 0.617708 0.513889 0.618229 0.514815 0.619792 0.514815 0.620313 0.513889 0.620833 0.513889 0.631771 0.494444 0.631771 0.493519 0.647396 0.465741 0.647396 0.464815 0.655208 0.450926 0.655208 0.450000 0.656250 0.448148 0.656250 0.446296 0.655729 0.445370 0.655729 0.444444 0.655208 0.443519 0.654687 0.443519 0.654167 0.442593 0.653646 0.442593 0.653125 0.441667 0.652083 0.441667 0.651563 0.440741 0.651042 0.440741 0.650521 0.439815 0.649479 0.439815 0.648958 0.440741 0.648438 0.440741 0.642708 0.450926 0.642188 0.450926 0.631771 0.469444 0.631771 0.470370 0.622917 0.486111 0.622396 0.486111 0.621875 0.487037 0.621354 0.487037 0.620833 0.486111 0.620313 0.486111 0.619792 0.485185 0.619271 0.485185 0.618750 0.484259 0.618229 0.484259 0.617708 0.483333 0.617188 0.483333 0.616667 0.482407 0.616146 0.482407 0.615625 0.481481 0.615104 0.481481 0.614583 0.480556 0.614062 0.480556 0.613542 0.479630 0.613021 0.479630 0.612500 0.478704 0.610938 0.478704 0.610417 0.479630 0.608854 0.479630 0.608333 0.478704 0.607812 0.478704 0.607292 0.477778 0.606771 0.477778 0.606250 0.476852 0.605729 0.476852 0.605208 0.475926 0.604688 0.475926 0.604167 0.475000 0.603646 0.475000 0.603125 0.474074 0.602604 0.474074 0.597917 0.465741 0.597917 0.464815 0.588542 0.448148 0.588021 0.448148 0.586979 0.446296 0.585938 0.446296 0.585417 0.445370 0.584896 0.445370 0.584375 0.444444 0.583854 0.444444 0.583333 0.443519 0.582812 0.443519 0.582292 0.442593 0.581771 0.442593 0.581250 0.441667 0.580729 0.441667 0.580208 0.440741 0.579688 0.440741 0.579167 0.439815 0.578646 0.439815 0.578125 0.438889 0.577604 0.438889 0.577083 0.437963 0.576562 0.437963 0.576042 0.437037 0.575521 0.437037 0.575000 0.436111 0.574479 0.436111 0.573958 0.435185 0.573438 0.435185 0.572917 0.434259 0.572396 0.434259 0.571875 0.433333
0 0.692969 0.484259 0.073438 0.070370 0.656250 0.449074 0.656250 0.450000 0.656771 0.450000 0.657292 0.450926 0.658333 0.450926 0.658854 0.451852 0.659375 0.451852 0.659896 0.452778 0.660417 0.452778 0.669792 0.469444 0.669792 0.470370 0.677604 0.484259 0.677604 0.485185 0.685417 0.499074 0.685417 0.500000 0.691146 0.510185 0.691146 0.511111 0.692708 0.513889 0.692708 0.514815 0.693229 0.515741 0.693229 0.516667 0.692708 0.517593 0.692708 0.518519 0.693229 0.518519 0.693750 0.519444 0.695312 0.519444 0.709375 0.494444 0.709375 0.493519 0.723958 0.467593 0.723958 0.466667 0.729167 0.457407 0.729167 0.456481 0.729688 0.455556 0.729688 0.452778 0.728646 0.450926 0.727604 0.450926 0.718229 0.467593 0.718229 0.468519 0.703125 0.495370 0.702604 0.495370 0.702083 0.496296 0.701562 0.496296 0.701042 0.495370 0.700000 0.495370 0.699479 0.494444 0.698958 0.494444 0.698438 0.493519 0.697917 0.493519 0.697396 0.492593 0.696354 0.492593 0.695833 0.491667 0.695312 0.491667 0.694792 0.490741 0.693750 0.490741 0.693229 0.489815 0.692708 0.489815 0.692187 0.488889 0.691146 0.488889 0.690625 0.487963 0.690104 0.487963 0.689583 0.487037 0.689063 0.487037 0.688542 0.486111 0.687500 0.486111 0.686979 0.485185 0.686458 0.485185 0.685937 0.484259 0.684896 0.484259 0.684375 0.483333 0.683854 0.483333 0.683333 0.482407 0.682813 0.482407 0.682292 0.481481 0.681250 0.481481 0.680729 0.480556 0.680208 0.480556 0.679688 0.479630 0.678646 0.479630 0.677604 0.477778 0.677604 0.476852 0.669271 0.462037 0.669271 0.461111 0.666667 0.456481 0.666146 0.456481 0.665104 0.454630 0.664583 0.454630 0.664062 0.453704 0.663542 0.453704 0.663021 0.452778 0.661979 0.452778 0.661458 0.451852 0.660417 0.451852 0.659896 0.450926 0.659375 0.450926 0.658854 0.450000 0.657813 0.450000 0.657292 0.449074
0 0.313281 0.449074 0.080729 0.094444 0.310417 0.401852 0.309896 0.402778 0.309375 0.402778 0.308854 0.403704 0.308333 0.403704 0.307812 0.404630 0.307292 0.404630 0.305729 0.407407 0.305208 0.407407 0.303125 0.411111 0.302604 0.411111 0.297396 0.420370 0.296875 0.420370 0.295833 0.422222 0.295833 0.440741 0.295312 0.441667 0.295312 0.444444 0.293229 0.448148 0.293229 0.449074 0.273438 0.484259 0.273438 0.487037 0.272917 0.487963 0.272917 0.493519 0.274479 0.496296 0.276042 0.496296 0.276562 0.495370 0.277083 0.495370 0.298958 0.456481 0.299479 0.456481 0.303646 0.449074 0.304167 0.449074 0.306250 0.445370 0.306771 0.445370 0.307812 0.443519 0.308333 0.443519 0.309375 0.441667 0.309896 0.441667 0.310417 0.440741 0.311979 0.440741 0.312500 0.439815 0.313542 0.439815 0.314063 0.440741 0.315625 0.440741 0.316146 0.441667 0.316667 0.441667 0.317188 0.442593 0.317708 0.442593 0.318750 0.444444 0.319271 0.444444 0.320833 0.447222 0.321354 0.447222 0.322917 0.450000 0.323437 0.450000 0.326042 0.454630 0.326562 0.454630 0.330208 0.461111 0.330729 0.461111 0.335938 0.470370 0.336458 0.470370 0.343229 0.482407 0.343750 0.482407 0.347917 0.489815 0.348438 0.489815 0.349479 0.491667 0.350000 0.491667 0.350521 0.492593 0.352083 0.492593 0.353125 0.490741 0.353125 0.489815 0.353646 0.488889 0.353646 0.487963 0.353125 0.487037 0.353125 0.485185 0.347396 0.475000 0.346875 0.475000 0.339583 0.462037 0.339062 0.462037 0.331250 0.448148 0.330729 0.448148 0.322917 0.434259 0.322396 0.434259 0.316667 0.424074 0.316667 0.423148 0.315625 0.421296 0.315625 0.413889 0.315104 0.412963 0.315104 0.403704 0.314063 0.401852
0 0.399479 0.449537 0.079167 0.093519 0.394792 0.402778 0.393750 0.404630 0.393229 0.404630 0.393229 0.405556 0.395313 0.409259 0.395313 0.410185 0.397396 0.413889 0.397396 0.414815 0.398438 0.416667 0.398438 0.419444 0.397396 0.421296 0.397396 0.422222 0.380208 0.452778 0.380208 0.453704 0.359896 0.489815 0.360417 0.490741 0.360417 0.492593 0.360938 0.493519 0.360938 0.494444 0.361979 0.496296 0.364063 0.496296 0.384375 0.460185 0.384896 0.460185 0.390104 0.450926 0.390625 0.450926 0.393229 0.446296 0.393750 0.446296 0.395313 0.443519 0.395833 0.443519 0.396354 0.442593 0.396875 0.442593 0.397396 0.441667 0.397917 0.441667 0.398438 0.440741 0.402083 0.440741 0.402604 0.441667 0.403125 0.441667 0.403646 0.442593 0.404167 0.442593 0.404687 0.443519 0.405208 0.443519 0.406771 0.446296 0.407292 0.446296 0.408854 0.449074 0.409375 0.449074 0.412500 0.454630 0.413021 0.454630 0.418229 0.463889 0.418750 0.463889 0.430729 0.485185 0.431250 0.485185 0.434896 0.491667 0.435417 0.491667 0.435937 0.492593 0.438021 0.492593 0.439063 0.490741 0.439063 0.487037 0.437500 0.484259 0.437500 0.483333 0.434375 0.477778 0.434375 0.476852 0.431250 0.471296 0.431250 0.470370 0.427604 0.463889 0.427604 0.462963 0.424479 0.457407 0.424479 0.456481 0.421354 0.450926 0.421354 0.450000 0.413542 0.436111 0.413021 0.436111 0.400000 0.412963 0.400000 0.412037 0.397396 0.407407 0.397396 0.406481 0.395313 0.402778
0 0.482031 0.444444 0.079687 0.085185 0.476042 0.401852 0.475521 0.402778 0.476042 0.403704 0.476562 0.403704 0.477083 0.404630 0.477083 0.405556 0.477604 0.406481 0.477604 0.409259 0.477083 0.410185 0.477083 0.411111 0.471354 0.421296 0.471354 0.422222 0.450000 0.460185 0.450000 0.461111 0.442188 0.475000 0.442188 0.475926 0.442708 0.476852 0.442708 0.477778 0.447396 0.486111 0.447917 0.486111 0.448437 0.487037 0.448958 0.486111 0.449479 0.486111 0.471354 0.447222 0.471875 0.447222 0.476562 0.438889 0.477083 0.438889 0.479167 0.435185 0.479687 0.435185 0.480729 0.433333 0.481250 0.433333 0.481771 0.432407 0.482292 0.432407 0.482812 0.431481 0.483854 0.433333 0.484375 0.433333 0.485938 0.436111 0.486458 0.436111 0.487500 0.437963 0.488021 0.437963 0.489583 0.440741 0.490104 0.440741 0.491146 0.442593 0.491667 0.442593 0.493229 0.445370 0.493750 0.445370 0.494792 0.447222 0.495312 0.447222 0.502604 0.460185 0.503125 0.460185 0.507812 0.468519 0.508333 0.468519 0.509375 0.470370 0.509896 0.470370 0.511458 0.473148 0.511979 0.473148 0.513021 0.475000 0.513542 0.475000 0.515104 0.477778 0.515625 0.477778 0.517188 0.480556 0.517708 0.480556 0.518750 0.482407 0.520833 0.482407 0.521875 0.480556 0.521875 0.476852 0.521354 0.475926 0.521354 0.475000 0.486979 0.413889 0.486458 0.413889 0.485417 0.412037 0.484896 0.412037 0.483854 0.410185 0.483333 0.410185 0.482292 0.408333 0.481771 0.408333 0.480729 0.406481 0.480208 0.406481 0.479687 0.405556 0.479167 0.405556 0.478125 0.403704 0.477604 0.403704 0.476562 0.401852
0 0.573177 0.442593 0.077604 0.081481 0.566146 0.401852 0.564063 0.405556 0.564583 0.406481 0.565104 0.406481 0.565625 0.407407 0.566146 0.407407 0.567708 0.410185 0.567708 0.413889 0.567187 0.414815 0.567187 0.415741 0.558333 0.431481 0.558333 0.432407 0.541146 0.462963 0.541146 0.463889 0.534375 0.475926 0.535417 0.477778 0.535937 0.477778 0.536979 0.479630 0.537500 0.479630 0.538542 0.481481 0.539062 0.481481 0.539583 0.482407 0.540104 0.482407 0.540625 0.483333 0.541146 0.483333 0.542188 0.481481 0.542708 0.481481 0.547396 0.473148 0.547396 0.472222 0.563021 0.444444 0.563542 0.444444 0.568229 0.436111 0.568750 0.436111 0.570833 0.432407 0.571875 0.432407 0.572396 0.433333 0.572917 0.433333 0.573438 0.434259 0.573958 0.434259 0.574479 0.435185 0.575000 0.435185 0.575521 0.436111 0.576042 0.436111 0.576562 0.437037 0.577083 0.437037 0.577604 0.437963 0.578125 0.437963 0.578646 0.438889 0.579167 0.438889 0.579688 0.439815 0.580208 0.439815 0.580729 0.440741 0.581250 0.440741 0.581771 0.441667 0.582292 0.441667 0.582812 0.442593 0.583333 0.442593 0.583854 0.443519 0.584375 0.443519 0.584896 0.444444 0.585417 0.444444 0.585938 0.445370 0.586979 0.445370 0.588021 0.447222 0.588542 0.447222 0.598437 0.464815 0.598437 0.465741 0.602604 0.473148 0.603125 0.473148 0.603646 0.474074 0.604167 0.474074 0.604688 0.475000 0.605208 0.475000 0.605729 0.475926 0.606250 0.475926 0.606771 0.476852 0.607292 0.476852 0.607812 0.477778 0.608333 0.477778 0.608854 0.478704 0.610417 0.478704 0.610938 0.477778 0.611458 0.477778 0.611458 0.476852 0.611979 0.475926 0.611979 0.474074 0.611458 0.473148 0.611458 0.472222 0.608854 0.467593 0.608854 0.466667 0.596875 0.445370 0.596875 0.444444 0.583333 0.420370 0.583333 0.419444 0.578646 0.411111 0.578125 0.411111 0.577083 0.409259 0.576042 0.409259 0.575521 0.408333 0.575000 0.408333 0.574479 0.407407 0.573958 0.407407 0.573438 0.406481 0.572396 0.406481 0.571875 0.405556 0.571354 0.405556 0.570833 0.404630 0.570312 0.404630 0.569792 0.403704 0.568750 0.403704 0.568229 0.402778 0.567708 0.402778 0.567187 0.401852
0 0.650781 0.449537 0.077604 0.073148 0.653125 0.412963 0.653125 0.413889 0.641146 0.435185 0.641146 0.436111 0.625000 0.464815 0.625000 0.465741 0.619792 0.475000 0.619271 0.475000 0.617708 0.477778 0.616667 0.477778 0.616146 0.476852 0.615625 0.476852 0.615104 0.475926 0.614583 0.475926 0.614062 0.475000 0.613542 0.475000 0.613021 0.474074 0.612500 0.474074 0.611979 0.473148 0.612500 0.474074 0.612500 0.475926 0.611979 0.476852 0.611979 0.477778 0.612500 0.477778 0.613021 0.478704 0.613542 0.478704 0.614062 0.479630 0.614583 0.479630 0.615104 0.480556 0.615625 0.480556 0.616146 0.481481 0.616667 0.481481 0.617188 0.482407 0.617708 0.482407 0.618229 0.483333 0.618750 0.483333 0.619271 0.484259 0.619792 0.484259 0.620313 0.485185 0.620833 0.485185 0.621354 0.486111 0.621875 0.486111 0.622396 0.485185 0.622917 0.485185 0.631250 0.470370 0.631250 0.469444 0.642188 0.450000 0.642708 0.450000 0.648438 0.439815 0.648958 0.439815 0.649479 0.438889 0.650521 0.438889 0.651042 0.439815 0.651563 0.439815 0.652083 0.440741 0.653125 0.440741 0.653646 0.441667 0.654167 0.441667 0.654687 0.442593 0.655208 0.442593 0.656250 0.444444 0.656250 0.445370 0.656771 0.446296 0.656771 0.448148 0.657292 0.448148 0.657813 0.449074 0.658854 0.449074 0.659375 0.450000 0.659896 0.450000 0.660417 0.450926 0.661458 0.450926 0.661979 0.451852 0.663021 0.451852 0.663542 0.452778 0.664062 0.452778 0.664583 0.453704 0.665104 0.453704 0.666146 0.455556 0.666667 0.455556 0.669792 0.461111 0.669792 0.462037 0.677083 0.475000 0.678125 0.475000 0.678646 0.475926 0.679167 0.475926 0.679688 0.476852 0.680729 0.476852 0.681250 0.477778 0.681771 0.477778 0.682292 0.478704 0.683333 0.478704 0.683854 0.479630 0.684375 0.479630 0.684896 0.480556 0.685937 0.480556 0.686458 0.481481 0.688542 0.481481 0.689063 0.480556 0.689063 0.479630 0.689583 0.478704 0.689583 0.476852 0.688542 0.475000 0.688542 0.474074 0.685417 0.468519 0.685417 0.467593 0.678646 0.455556 0.678646 0.454630 0.671875 0.442593 0.671875 0.441667 0.665104 0.429630 0.665104 0.428704 0.657292 0.414815 0.656771 0.414815 0.656250 0.413889 0.655208 0.413889 0.654687 0.412963
0 0.356510 0.446296 0.082812 0.087037 0.315104 0.402778 0.315625 0.403704 0.315625 0.412963 0.316146 0.413889 0.316146 0.421296 0.317188 0.423148 0.317188 0.424074 0.322396 0.433333 0.322917 0.433333 0.330729 0.447222 0.331250 0.447222 0.339062 0.461111 0.339583 0.461111 0.346875 0.474074 0.347396 0.474074 0.354167 0.486111 0.354687 0.486111 0.356250 0.488889 0.356771 0.488889 0.357292 0.489815 0.358854 0.489815 0.359375 0.488889 0.359896 0.488889 0.379688 0.453704 0.379688 0.452778 0.396875 0.422222 0.396875 0.421296 0.397917 0.419444 0.397917 0.416667 0.396875 0.414815 0.396875 0.413889 0.394792 0.410185 0.394792 0.409259 0.392708 0.405556 0.391667 0.407407 0.391146 0.407407 0.388021 0.412963 0.387500 0.412963 0.364063 0.454630 0.363542 0.454630 0.362500 0.456481 0.361979 0.456481 0.361458 0.455556 0.360938 0.455556 0.359375 0.452778 0.359375 0.451852 0.358854 0.450926 0.358854 0.450000 0.358333 0.449074 0.358333 0.447222 0.355729 0.447222 0.355208 0.446296 0.354687 0.446296 0.351562 0.440741 0.352083 0.441667 0.352083 0.443519 0.352604 0.444444 0.352604 0.446296 0.353125 0.447222 0.353125 0.451852 0.352083 0.453704 0.351562 0.453704 0.351042 0.454630 0.350521 0.454630 0.350000 0.453704 0.348958 0.453704 0.347396 0.450926 0.346875 0.450926 0.341146 0.440741 0.340625 0.440741 0.333854 0.428704 0.333333 0.428704 0.328646 0.420370 0.328125 0.420370 0.325000 0.414815 0.324479 0.414815 0.321875 0.410185 0.321354 0.410185 0.319792 0.407407 0.319271 0.407407 0.318229 0.405556 0.317708 0.405556 0.316667 0.403704 0.316146 0.403704 0.315625 0.402778
0 0.436458 0.438889 0.081250 0.075926 0.396875 0.400926 0.396354 0.401852 0.395833 0.401852 0.395833 0.402778 0.397917 0.406481 0.397917 0.407407 0.400521 0.412037 0.400521 0.412963 0.413021 0.435185 0.413542 0.435185 0.428125 0.461111 0.428646 0.461111 0.436458 0.475000 0.436979 0.475000 0.438021 0.476852 0.440104 0.476852 0.441146 0.475000 0.441667 0.475000 0.449479 0.461111 0.449479 0.460185 0.470833 0.422222 0.470833 0.421296 0.476562 0.411111 0.476562 0.410185 0.477083 0.409259 0.477083 0.406481 0.476562 0.405556 0.476562 0.404630 0.476042 0.404630 0.475521 0.403704 0.475000 0.403704 0.472396 0.408333 0.471875 0.408333 0.448958 0.449074 0.448437 0.449074 0.447917 0.450000 0.447396 0.449074 0.446875 0.449074 0.442708 0.441667 0.442188 0.441667 0.441667 0.440741 0.441146 0.440741 0.440625 0.441667 0.438542 0.441667 0.436458 0.437963 0.435937 0.437963 0.420312 0.410185 0.419792 0.410185 0.417708 0.406481 0.417187 0.406481 0.416667 0.407407 0.435937 0.441667 0.435937 0.442593 0.438021 0.446296 0.438021 0.449074 0.437500 0.450000 0.437500 0.450926 0.436979 0.451852 0.436458 0.451852 0.435937 0.452778 0.434375 0.452778 0.433333 0.450926 0.432812 0.450926 0.427604 0.441667 0.427083 0.441667 0.415625 0.421296 0.415104 0.421296 0.410417 0.412963 0.409896 0.412963 0.407292 0.408333 0.406771 0.408333 0.405208 0.405556 0.404687 0.405556 0.403646 0.403704 0.403125 0.403704 0.402083 0.401852 0.401042 0.401852 0.400521 0.400926
0 0.521875 0.438889 0.090625 0.085185 0.480208 0.396296 0.479167 0.398148 0.478646 0.398148 0.477083 0.400926 0.476562 0.400926 0.477604 0.402778 0.478125 0.402778 0.479167 0.404630 0.479687 0.404630 0.480208 0.405556 0.480729 0.405556 0.481771 0.407407 0.482292 0.407407 0.483333 0.409259 0.483854 0.409259 0.484896 0.411111 0.485417 0.411111 0.486458 0.412963 0.486979 0.412963 0.518229 0.468519 0.518750 0.468519 0.520312 0.471296 0.520833 0.471296 0.521875 0.473148 0.522396 0.473148 0.523438 0.475000 0.523958 0.475000 0.525000 0.476852 0.525521 0.476852 0.526563 0.478704 0.527083 0.478704 0.528125 0.480556 0.528646 0.480556 0.529167 0.481481 0.530208 0.481481 0.531250 0.479630 0.531771 0.479630 0.540625 0.463889 0.540625 0.462963 0.557813 0.432407 0.557813 0.431481 0.566667 0.415741 0.566667 0.414815 0.567187 0.413889 0.567187 0.410185 0.566146 0.408333 0.565625 0.408333 0.565104 0.407407 0.564583 0.407407 0.564063 0.406481 0.563542 0.406481 0.559896 0.412963 0.559375 0.412963 0.552083 0.425926 0.552083 0.426852 0.541667 0.445370 0.541146 0.445370 0.540625 0.446296 0.539583 0.446296 0.539062 0.445370 0.538542 0.445370 0.538021 0.444444 0.537500 0.444444 0.536979 0.443519 0.536458 0.443519 0.535937 0.444444 0.535417 0.444444 0.533333 0.448148 0.531250 0.448148 0.530208 0.446296 0.529687 0.446296 0.529167 0.445370 0.528646 0.445370 0.527604 0.443519 0.527083 0.443519 0.526563 0.442593 0.526042 0.442593 0.525000 0.440741 0.524479 0.440741 0.523958 0.439815 0.523438 0.439815 0.522396 0.437963 0.521875 0.437963 0.521354 0.437037 0.520833 0.437037 0.520312 0.436111 0.521875 0.438889 0.521875 0.439815 0.522396 0.440741 0.522396 0.441667 0.521875 0.442593 0.521875 0.443519 0.520833 0.445370 0.520312 0.445370 0.519792 0.446296 0.519271 0.446296 0.518750 0.445370 0.518229 0.445370 0.517708 0.444444 0.517188 0.444444 0.516146 0.442593 0.515625 0.442593 0.515104 0.441667 0.514583 0.441667 0.513542 0.439815 0.513021 0.439815 0.511979 0.437963 0.511458 0.437963 0.509375 0.434259 0.508854 0.434259 0.496354 0.412037 0.495833 0.412037 0.494792 0.410185 0.494271 0.410185 0.493750 0.409259 0.493229 0.409259 0.492188 0.407407 0.491667 0.407407 0.491146 0.406481 0.490625 0.406481 0.489583 0.404630 0.489063 0.404630 0.488542 0.403704 0.488021 0.403704 0.486979 0.401852 0.486458 0.401852 0.485938 0.400926 0.485417 0.400926 0.484375 0.399074 0.483854 0.399074 0.483333 0.398148 0.482812 0.398148 0.481771 0.396296
0 0.610156 0.437037 0.086979 0.079630 0.569271 0.397222 0.567187 0.400926 0.566667 0.400926 0.567187 0.400926 0.567708 0.401852 0.568229 0.401852 0.568750 0.402778 0.569792 0.402778 0.570312 0.403704 0.570833 0.403704 0.571354 0.404630 0.571875 0.404630 0.572396 0.405556 0.573438 0.405556 0.573958 0.406481 0.574479 0.406481 0.575000 0.407407 0.575521 0.407407 0.576042 0.408333 0.577083 0.408333 0.578125 0.410185 0.578646 0.410185 0.583854 0.419444 0.583854 0.420370 0.597396 0.444444 0.597396 0.445370 0.609375 0.466667 0.609375 0.467593 0.612500 0.473148 0.613021 0.473148 0.613542 0.474074 0.614062 0.474074 0.614583 0.475000 0.615104 0.475000 0.615625 0.475926 0.616146 0.475926 0.616667 0.476852 0.617708 0.476852 0.619271 0.474074 0.619792 0.474074 0.624479 0.465741 0.624479 0.464815 0.640625 0.436111 0.640625 0.435185 0.652604 0.413889 0.652604 0.412963 0.653646 0.411111 0.653646 0.407407 0.653125 0.406481 0.653125 0.405556 0.652604 0.405556 0.652083 0.404630 0.651042 0.404630 0.650521 0.403704 0.649479 0.403704 0.648958 0.402778 0.647917 0.402778 0.647396 0.401852 0.646354 0.401852 0.644271 0.405556 0.643750 0.405556 0.619792 0.448148 0.617708 0.448148 0.617188 0.447222 0.616146 0.447222 0.615625 0.446296 0.615104 0.446296 0.614583 0.445370 0.614062 0.445370 0.613542 0.444444 0.613021 0.444444 0.612500 0.443519 0.611458 0.443519 0.610938 0.442593 0.608333 0.442593 0.607812 0.441667 0.607292 0.441667 0.606771 0.440741 0.605729 0.440741 0.605208 0.439815 0.604688 0.439815 0.604167 0.438889 0.603646 0.438889 0.603125 0.437963 0.602604 0.437963 0.602083 0.437037 0.601562 0.437037 0.591146 0.418519 0.591146 0.417593 0.587500 0.411111 0.586979 0.411111 0.585417 0.408333 0.584896 0.408333 0.584375 0.407407 0.583333 0.407407 0.582812 0.406481 0.582292 0.406481 0.581771 0.405556 0.580729 0.405556 0.580208 0.404630 0.579688 0.404630 0.579167 0.403704 0.578646 0.403704 0.578125 0.402778 0.577083 0.402778 0.576562 0.401852 0.576042 0.401852 0.575521 0.400926 0.574479 0.400926 0.573958 0.400000 0.573438 0.400000 0.572917 0.399074 0.571875 0.399074 0.571354 0.398148 0.570833 0.398148 0.570312 0.397222
0 0.698958 0.441204 0.077083 0.108333 0.660417 0.387037 0.662500 0.390741 0.662500 0.391667 0.668750 0.402778 0.668750 0.403704 0.675000 0.414815 0.675000 0.415741 0.681250 0.426852 0.681250 0.427778 0.685417 0.435185 0.685417 0.436111 0.686458 0.437963 0.686458 0.438889 0.686979 0.439815 0.686979 0.440741 0.686458 0.441667 0.686458 0.442593 0.685417 0.444444 0.684896 0.444444 0.684375 0.445370 0.683854 0.445370 0.683333 0.444444 0.682813 0.444444 0.682292 0.443519 0.681250 0.443519 0.680729 0.442593 0.679688 0.442593 0.678646 0.440741 0.678646 0.439815 0.672917 0.429630 0.672396 0.429630 0.671875 0.428704 0.670833 0.428704 0.670312 0.427778 0.669271 0.427778 0.668750 0.426852 0.667708 0.426852 0.667188 0.425926 0.666146 0.425926 0.665625 0.425000 0.664583 0.425000 0.664062 0.424074 0.663021 0.424074 0.662500 0.423148 0.665625 0.428704 0.665625 0.429630 0.672396 0.441667 0.672396 0.442593 0.679167 0.454630 0.679167 0.455556 0.685937 0.467593 0.685937 0.468519 0.689063 0.474074 0.689063 0.475000 0.690104 0.476852 0.690104 0.478704 0.689583 0.479630 0.689583 0.480556 0.688542 0.482407 0.686458 0.482407 0.685937 0.481481 0.684896 0.481481 0.684375 0.480556 0.683854 0.480556 0.683333 0.479630 0.682292 0.479630 0.681771 0.478704 0.681250 0.478704 0.680729 0.477778 0.679688 0.477778 0.679167 0.476852 0.678646 0.476852 0.678125 0.475926 0.677604 0.475926 0.678125 0.476852 0.678125 0.477778 0.678646 0.478704 0.679688 0.478704 0.680208 0.479630 0.680729 0.479630 0.681250 0.480556 0.682292 0.480556 0.682813 0.481481 0.683333 0.481481 0.683854 0.482407 0.684375 0.482407 0.684896 0.483333 0.685937 0.483333 0.686458 0.484259 0.686979 0.484259 0.687500 0.485185 0.688542 0.485185 0.689063 0.486111 0.689583 0.486111 0.690104 0.487037 0.690625 0.487037 0.691146 0.487963 0.692187 0.487963 0.692708 0.488889 0.693229 0.488889 0.693750 0.489815 0.694792 0.489815 0.695312 0.490741 0.695833 0.490741 0.696354 0.491667 0.697396 0.491667 0.697917 0.492593 0.698438 0.492593 0.698958 0.493519 0.699479 0.493519 0.700000 0.494444 0.701042 0.494444 0.701562 0.495370 0.702083 0.495370 0.702604 0.494444 0.703125 0.494444 0.717708 0.468519 0.717708 0.467593 0.732292 0.441667 0.732292 0.440741 0.736979 0.432407 0.736979 0.431481 0.737500 0.430556 0.737500 0.428704 0.736979 0.427778 0.736979 0.426852 0.736458 0.425926 0.735417 0.425926 0.734896 0.425000 0.733854 0.425000 0.733333 0.424074 0.731771 0.424074 0.731250 0.423148 0.730208 0.423148 0.729688 0.422222 0.728125 0.422222 0.727604 0.421296 0.726562 0.421296 0.726042 0.420370 0.724479 0.420370 0.723958 0.419444 0.722917 0.419444 0.722396 0.418519 0.721354 0.418519 0.720833 0.417593 0.719271 0.417593 0.718750 0.416667 0.717708 0.416667 0.717187 0.415741 0.715625 0.415741 0.715104 0.414815 0.714063 0.414815 0.713542 0.413889 0.711979 0.413889 0.711458 0.412963 0.710417 0.412963 0.709896 0.412037 0.708333 0.412037 0.707812 0.411111 0.706771 0.411111 0.706250 0.410185 0.705208 0.410185 0.704688 0.409259 0.703125 0.409259 0.702604 0.408333 0.701562 0.408333 0.701042 0.407407 0.699479 0.407407 0.698958 0.406481 0.697917 0.406481 0.697396 0.405556 0.695833 0.405556 0.695312 0.404630 0.694271 0.404630 0.693750 0.403704 0.692187 0.403704 0.691667 0.402778 0.690625 0.402778 0.690104 0.401852 0.689063 0.401852 0.688542 0.400926 0.686979 0.400926 0.686458 0.400000 0.685417 0.400000 0.684896 0.399074 0.683333 0.399074 0.682813 0.398148 0.681771 0.398148 0.681250 0.397222 0.679688 0.397222 0.679167 0.396296 0.678125 0.396296 0.677604 0.395370 0.676042 0.395370 0.675521 0.394444 0.674479 0.394444 0.673958 0.393519 0.672917 0.393519 0.672396 0.392593 0.670833 0.392593 0.670312 0.391667 0.669271 0.391667 0.668750 0.390741 0.667188 0.390741 0.666667 0.389815 0.665625 0.389815 0.665104 0.388889 0.663542 0.388889 0.663021 0.387963 0.661979 0.387963 0.661458 0.387037
0 0.312500 0.401852 0.080208 0.111111 0.309375 0.346296 0.308854 0.347222 0.308333 0.347222 0.292187 0.375926 0.292187 0.376852 0.291667 0.377778 0.291667 0.379630 0.291146 0.380556 0.291146 0.388889 0.290625 0.389815 0.290625 0.398148 0.290104 0.399074 0.290104 0.406481 0.289583 0.407407 0.289583 0.414815 0.289062 0.415741 0.289062 0.416667 0.288542 0.417593 0.288542 0.418519 0.279167 0.435185 0.279167 0.436111 0.272917 0.447222 0.272917 0.448148 0.272396 0.449074 0.272396 0.454630 0.273438 0.456481 0.273958 0.456481 0.274479 0.457407 0.275000 0.457407 0.275521 0.456481 0.276042 0.456481 0.296875 0.419444 0.297396 0.419444 0.302604 0.410185 0.303125 0.410185 0.305208 0.406481 0.305729 0.406481 0.307292 0.403704 0.307812 0.403704 0.308333 0.402778 0.308854 0.402778 0.309375 0.401852 0.309896 0.401852 0.310417 0.400926 0.314063 0.400926 0.314583 0.401852 0.315625 0.401852 0.316146 0.402778 0.316667 0.402778 0.317708 0.404630 0.318229 0.404630 0.319271 0.406481 0.319792 0.406481 0.321354 0.409259 0.321875 0.409259 0.324479 0.413889 0.325000 0.413889 0.328125 0.419444 0.328646 0.419444 0.333333 0.427778 0.333854 0.427778 0.340625 0.439815 0.341146 0.439815 0.346875 0.450000 0.347396 0.450000 0.348958 0.452778 0.350000 0.452778 0.350521 0.453704 0.351042 0.453704 0.351562 0.452778 0.352083 0.452778 0.352604 0.451852 0.352604 0.447222 0.352083 0.446296 0.352083 0.444444 0.351562 0.443519 0.351562 0.441667 0.351042 0.440741 0.351042 0.439815 0.350521 0.439815 0.342708 0.425926 0.342187 0.425926 0.333854 0.411111 0.333333 0.411111 0.325000 0.396296 0.324479 0.396296 0.315625 0.380556 0.315625 0.379630 0.315104 0.378704 0.315104 0.375000 0.314583 0.374074 0.314583 0.366667 0.314063 0.365741 0.314063 0.358333 0.313542 0.357407 0.313542 0.350000 0.311979 0.347222 0.311458 0.347222 0.310937 0.346296
0 0.397917 0.403704 0.079167 0.103704 0.384375 0.351852 0.388021 0.358333 0.388021 0.359259 0.396354 0.374074 0.396354 0.377778 0.393750 0.382407 0.393750 0.383333 0.370312 0.425000 0.370312 0.425926 0.359375 0.445370 0.358854 0.445370 0.358333 0.446296 0.358854 0.447222 0.358854 0.449074 0.359375 0.450000 0.359375 0.450926 0.359896 0.451852 0.359896 0.452778 0.360938 0.454630 0.361458 0.454630 0.361979 0.455556 0.362500 0.455556 0.363542 0.453704 0.364063 0.453704 0.387500 0.412037 0.388021 0.412037 0.391146 0.406481 0.391667 0.406481 0.393229 0.403704 0.393750 0.403704 0.394792 0.401852 0.395313 0.401852 0.395833 0.400926 0.396354 0.400926 0.396875 0.400000 0.400521 0.400000 0.401042 0.400926 0.402083 0.400926 0.403125 0.402778 0.403646 0.402778 0.404687 0.404630 0.405208 0.404630 0.406771 0.407407 0.407292 0.407407 0.409896 0.412037 0.410417 0.412037 0.415104 0.420370 0.415625 0.420370 0.427083 0.440741 0.427604 0.440741 0.432812 0.450000 0.433333 0.450000 0.434375 0.451852 0.435937 0.451852 0.436458 0.450926 0.436979 0.450926 0.436979 0.450000 0.437500 0.449074 0.437500 0.446296 0.435417 0.442593 0.435417 0.441667 0.405729 0.388889 0.405208 0.388889
0 0.481771 0.395370 0.080208 0.107407 0.477083 0.366667 0.478125 0.368519 0.478125 0.369444 0.478646 0.370370 0.478646 0.372222 0.477604 0.374074 0.477604 0.375000 0.469271 0.389815 0.469271 0.390741 0.448958 0.426852 0.448958 0.427778 0.442708 0.438889 0.442188 0.438889 0.441667 0.439815 0.442188 0.440741 0.442708 0.440741 0.446875 0.448148 0.447396 0.448148 0.447917 0.449074 0.448437 0.448148 0.448958 0.448148 0.471875 0.407407 0.472396 0.407407 0.476562 0.400000 0.477083 0.400000 0.478646 0.397222 0.479167 0.397222 0.480208 0.395370 0.481771 0.395370 0.482812 0.397222 0.483333 0.397222 0.483854 0.398148 0.484375 0.398148 0.485417 0.400000 0.485938 0.400000 0.486458 0.400926 0.486979 0.400926 0.488021 0.402778 0.488542 0.402778 0.489063 0.403704 0.489583 0.403704 0.490625 0.405556 0.491146 0.405556 0.491667 0.406481 0.492188 0.406481 0.493229 0.408333 0.493750 0.408333 0.494271 0.409259 0.494792 0.409259 0.495833 0.411111 0.496354 0.411111 0.508854 0.433333 0.509375 0.433333 0.511458 0.437037 0.511979 0.437037 0.513021 0.438889 0.513542 0.438889 0.514583 0.440741 0.515104 0.440741 0.515625 0.441667 0.516146 0.441667 0.517188 0.443519 0.517708 0.443519 0.518229 0.444444 0.518750 0.444444 0.519271 0.445370 0.519792 0.445370 0.520312 0.444444 0.520833 0.444444 0.521354 0.443519 0.521354 0.442593 0.521875 0.441667 0.521875 0.440741 0.521354 0.439815 0.521354 0.438889 0.519792 0.436111 0.519792 0.435185 0.485938 0.375000 0.485417 0.375000 0.484896 0.374074 0.484375 0.374074 0.483333 0.372222 0.482812 0.372222 0.482292 0.371296 0.481771 0.371296 0.481250 0.370370 0.480729 0.370370 0.480208 0.369444 0.479687 0.369444 0.479167 0.368519 0.478646 0.368519 0.478125 0.367593 0.477604 0.367593
0 0.566406 0.392130 0.090104 0.106481 0.523438 0.338889 0.522917 0.339815 0.522396 0.339815 0.521354 0.341667 0.521875 0.342593 0.522917 0.342593 0.523438 0.343519 0.523958 0.343519 0.524479 0.344444 0.525521 0.344444 0.526042 0.345370 0.527083 0.345370 0.527604 0.346296 0.528646 0.346296 0.529167 0.347222 0.530208 0.347222 0.530729 0.348148 0.531771 0.348148 0.532292 0.349074 0.532813 0.349074 0.533333 0.350000 0.534375 0.350000 0.534896 0.350926 0.535937 0.350926 0.536458 0.351852 0.537500 0.351852 0.538021 0.352778 0.539062 0.352778 0.539583 0.353704 0.540104 0.353704 0.540625 0.354630 0.541667 0.354630 0.542188 0.355556 0.543229 0.355556 0.543750 0.356481 0.544792 0.356481 0.545312 0.357407 0.546354 0.357407 0.546875 0.358333 0.547917 0.358333 0.548438 0.359259 0.548958 0.359259 0.549479 0.360185 0.550521 0.360185 0.551042 0.361111 0.552083 0.361111 0.552604 0.362037 0.553646 0.362037 0.554167 0.362963 0.555208 0.362963 0.555729 0.363889 0.556771 0.363889 0.557292 0.364815 0.557813 0.364815 0.558333 0.365741 0.559375 0.365741 0.559896 0.366667 0.560937 0.366667 0.561458 0.367593 0.562500 0.367593 0.563021 0.368519 0.564063 0.368519 0.564583 0.369444 0.565104 0.369444 0.565625 0.370370 0.566667 0.370370 0.567187 0.371296 0.568229 0.371296 0.568750 0.372222 0.569271 0.372222 0.571354 0.375926 0.571354 0.377778 0.570833 0.378704 0.570833 0.379630 0.569792 0.381481 0.569792 0.382407 0.556771 0.405556 0.556771 0.406481 0.539583 0.437037 0.539583 0.437963 0.536979 0.442593 0.537500 0.443519 0.538021 0.443519 0.538542 0.444444 0.539062 0.444444 0.539583 0.445370 0.540625 0.445370 0.541146 0.444444 0.541667 0.444444 0.551562 0.426852 0.551562 0.425926 0.559375 0.412037 0.559896 0.412037 0.566667 0.400000 0.567187 0.400000 0.569271 0.396296 0.570312 0.396296 0.570833 0.397222 0.571354 0.397222 0.571875 0.398148 0.572917 0.398148 0.573438 0.399074 0.573958 0.399074 0.574479 0.400000 0.575521 0.400000 0.576042 0.400926 0.576562 0.400926 0.577083 0.401852 0.578125 0.401852 0.578646 0.402778 0.579167 0.402778 0.579688 0.403704 0.580208 0.403704 0.580729 0.404630 0.581771 0.404630 0.582292 0.405556 0.582812 0.405556 0.583333 0.406481 0.584375 0.406481 0.584896 0.407407 0.585417 0.407407 0.586979 0.410185 0.587500 0.410185 0.591667 0.417593 0.591667 0.418519 0.601562 0.436111 0.602083 0.436111 0.602604 0.437037 0.603125 0.437037 0.603646 0.437963 0.604167 0.437963 0.604688 0.438889 0.605208 0.438889 0.605729 0.439815 0.606771 0.439815 0.607292 0.440741 0.607812 0.440741 0.608333 0.441667 0.609896 0.441667 0.611458 0.438889 0.611458 0.437037 0.610938 0.436111 0.610938 0.435185 0.608333 0.430556 0.608333 0.429630 0.598437 0.412037 0.598437 0.411111 0.587500 0.391667 0.587500 0.390741 0.577083 0.372222 0.576562 0.372222 0.576042 0.371296 0.575000 0.371296 0.574479 0.370370 0.573438 0.370370 0.572917 0.369444 0.571875 0.369444 0.571354 0.368519 0.570312 0.368519 0.569792 0.367593 0.568750 0.367593 0.568229 0.366667 0.567187 0.366667 0.566667 0.365741 0.566146 0.365741 0.565625 0.364815 0.564583 0.364815 0.564063 0.363889 0.563021 0.363889 0.562500 0.362963 0.561458 0.362963 0.560937 0.362037 0.559896 0.362037 0.559375 0.361111 0.558333 0.361111 0.557813 0.360185 0.556771 0.360185 0.556250 0.359259 0.555208 0.359259 0.554688 0.358333 0.554167 0.358333 0.553646 0.357407 0.552604 0.357407 0.552083 0.356481 0.551042 0.356481 0.550521 0.355556 0.549479 0.355556 0.548958 0.354630 0.547917 0.354630 0.547396 0.353704 0.546354 0.353704 0.545833 0.352778 0.544792 0.352778 0.544271 0.351852 0.543229 0.351852 0.542708 0.350926 0.541667 0.350926 0.541146 0.350000 0.540625 0.350000 0.540104 0.349074 0.539062 0.349074 0.538542 0.348148 0.537500 0.348148 0.536979 0.347222 0.535937 0.347222 0.535417 0.346296 0.534375 0.346296 0.533854 0.345370 0.532813 0.345370 0.532292 0.344444 0.531250 0.344444 0.530729 0.343519 0.529687 0.343519 0.529167 0.342593 0.528646 0.342593 0.528125 0.341667 0.527083 0.341667 0.526563 0.340741 0.525521 0.340741 0.525000 0.339815 0.523958 0.339815
0 0.648438 0.412037 0.076042 0.070370 0.653125 0.376852 0.645833 0.389815 0.645833 0.390741 0.629167 0.420370 0.629167 0.421296 0.618750 0.439815 0.618229 0.439815 0.617708 0.440741 0.615625 0.440741 0.615104 0.439815 0.614583 0.439815 0.614062 0.438889 0.613542 0.438889 0.613021 0.437963 0.611979 0.437963 0.611979 0.438889 0.610417 0.441667 0.610938 0.441667 0.611458 0.442593 0.612500 0.442593 0.613021 0.443519 0.613542 0.443519 0.614062 0.444444 0.614583 0.444444 0.615104 0.445370 0.615625 0.445370 0.616146 0.446296 0.617188 0.446296 0.617708 0.447222 0.619792 0.447222 0.643750 0.404630 0.644271 0.404630 0.646354 0.400926 0.647396 0.400926 0.647917 0.401852 0.648958 0.401852 0.649479 0.402778 0.650521 0.402778 0.651042 0.403704 0.652083 0.403704 0.652604 0.404630 0.653125 0.404630 0.653646 0.405556 0.653646 0.406481 0.654167 0.407407 0.654167 0.411111 0.653646 0.412037 0.654687 0.412037 0.655208 0.412963 0.656250 0.412963 0.656771 0.413889 0.657292 0.413889 0.661979 0.422222 0.662500 0.422222 0.663021 0.423148 0.664062 0.423148 0.664583 0.424074 0.665625 0.424074 0.666146 0.425000 0.667188 0.425000 0.667708 0.425926 0.668750 0.425926 0.669271 0.426852 0.670312 0.426852 0.670833 0.427778 0.671875 0.427778 0.672396 0.428704 0.672917 0.428704 0.679167 0.439815 0.679167 0.440741 0.679688 0.441667 0.680729 0.441667 0.681250 0.442593 0.682292 0.442593 0.682813 0.443519 0.683333 0.443519 0.683854 0.444444 0.684375 0.444444 0.684896 0.443519 0.685417 0.443519 0.685937 0.442593 0.685937 0.441667 0.686458 0.440741 0.686458 0.439815 0.685937 0.438889 0.685937 0.437963 0.684896 0.436111 0.684896 0.435185 0.680729 0.427778 0.680729 0.426852 0.674479 0.415741 0.674479 0.414815 0.668229 0.403704 0.668229 0.402778 0.661979 0.391667 0.661979 0.390741 0.654167 0.376852