0 0.272135 0.559722 0.081771 0.084259 0.309896 0.517593 0.309375 0.518519 0.308854 0.518519 0.308333 0.519444 0.307812 0.519444 0.307292 0.520370 0.306771 0.520370 0.306250 0.521296 0.305729 0.521296 0.304167 0.524074 0.303646 0.524074 0.301563 0.527778 0.301042 0.527778 0.296875 0.535185 0.296354 0.535185 0.277604 0.568519 0.277083 0.568519 0.275000 0.572222 0.273438 0.572222 0.271354 0.568519 0.271354 0.566667 0.271875 0.565741 0.271875 0.564815 0.272396 0.563889 0.272396 0.562963 0.272917 0.562037 0.272917 0.561111 0.273438 0.560185 0.273438 0.559259 0.273958 0.558333 0.273958 0.557407 0.275000 0.555556 0.275000 0.554630 0.275521 0.553704 0.275521 0.552778 0.276042 0.551852 0.276042 0.550926 0.276562 0.550000 0.276562 0.548148 0.266146 0.566667 0.264062 0.566667 0.263542 0.565741 0.263021 0.565741 0.260417 0.561111 0.259896 0.561111 0.255208 0.552778 0.254688 0.552778 0.249479 0.543519 0.248958 0.543519 0.243750 0.534259 0.243229 0.534259 0.238021 0.525000 0.237500 0.525000 0.236458 0.523148 0.235417 0.523148 0.235417 0.524074 0.234375 0.525926 0.234375 0.526852 0.233854 0.527778 0.233854 0.528704 0.232813 0.530556 0.232813 0.531481 0.231771 0.533333 0.231771 0.534259 0.231250 0.535185 0.231250 0.539815 0.238542 0.552778 0.239063 0.552778 0.243229 0.560185 0.243750 0.560185 0.247396 0.566667 0.247917 0.566667 0.252083 0.574074 0.252604 0.574074 0.256250 0.580556 0.256771 0.580556 0.260417 0.587037 0.260937 0.587037 0.265104 0.594444 0.265625 0.594444 0.268750 0.600000 0.269271 0.600000 0.270313 0.601852 0.275521 0.601852 0.276042 0.600926 0.277083 0.600926 0.293229 0.572222 0.293229 0.571296 0.310937 0.539815 0.310937 0.538889 0.311979 0.537037 0.311979 0.536111 0.312500 0.535185 0.312500 0.534259 0.313021 0.533333 0.313021 0.525000 0.312500 0.524074 0.312500 0.517593
0 0.266927 0.520370 0.088021 0.092593 0.310417 0.474074 0.309896 0.475000 0.309375 0.475000 0.308854 0.475926 0.308333 0.475926 0.307812 0.476852 0.307292 0.476852 0.305208 0.480556 0.304688 0.480556 0.302083 0.485185 0.301563 0.485185 0.294792 0.497222 0.294271 0.497222 0.277604 0.526852 0.277083 0.526852 0.276562 0.527778 0.275521 0.527778 0.272917 0.523148 0.272917 0.521296 0.273438 0.520370 0.273438 0.519444 0.274479 0.517593 0.274479 0.516667 0.275521 0.514815 0.263021 0.537037 0.262500 0.537037 0.259896 0.541667 0.257812 0.541667 0.257292 0.540741 0.256771 0.540741 0.255208 0.537963 0.254688 0.537963 0.251042 0.531481 0.250521 0.531481 0.245312 0.522222 0.244792 0.522222 0.239583 0.512963 0.239063 0.512963 0.233854 0.503704 0.233333 0.503704 0.228125 0.494444 0.227604 0.494444 0.226042 0.491667 0.225521 0.491667 0.222917 0.496296 0.222917 0.500000 0.231250 0.514815 0.231771 0.514815 0.236979 0.524074 0.237500 0.524074 0.242708 0.533333 0.243229 0.533333 0.248438 0.542593 0.248958 0.542593 0.254167 0.551852 0.254688 0.551852 0.259375 0.560185 0.259896 0.560185 0.262500 0.564815 0.263021 0.564815 0.264062 0.566667 0.265625 0.566667 0.266146 0.565741 0.266667 0.565741 0.304167 0.499074 0.304167 0.498148 0.304688 0.497222 0.304688 0.495370 0.305208 0.494444 0.305208 0.493519 0.305729 0.492593 0.305729 0.491667 0.306250 0.490741 0.306250 0.489815 0.306771 0.488889 0.306771 0.487963 0.307292 0.487037 0.307292 0.486111 0.307812 0.485185 0.307812 0.484259 0.308333 0.483333 0.308333 0.482407 0.308854 0.481481 0.308854 0.480556 0.309375 0.479630 0.309375 0.478704 0.309896 0.477778 0.309896 0.476852 0.310417 0.475926 0.310417 0.475000 0.310937 0.474074
0 0.262240 0.489352 0.093229 0.102778 0.308333 0.437963 0.307292 0.439815 0.306771 0.439815 0.305208 0.442593 0.304688 0.442593 0.302604 0.446296 0.302083 0.446296 0.297396 0.454630 0.296875 0.454630 0.276562 0.490741 0.276042 0.490741 0.275521 0.491667 0.274479 0.491667 0.273958 0.490741 0.273438 0.490741 0.272396 0.488889 0.272396 0.487963 0.271875 0.487037 0.271875 0.485185 0.272396 0.484259 0.272396 0.483333 0.273438 0.481481 0.273438 0.480556 0.274479 0.478704 0.274479 0.477778 0.275521 0.475926 0.275521 0.475000 0.277083 0.472222 0.277083 0.471296 0.278125 0.469444 0.278125 0.468519 0.279687 0.465741 0.273958 0.475926 0.273958 0.476852 0.257292 0.506481 0.256771 0.506481 0.255729 0.508333 0.255208 0.508333 0.254688 0.509259 0.254167 0.509259 0.253646 0.508333 0.253125 0.508333 0.252083 0.506481 0.251563 0.506481 0.247917 0.500000 0.247396 0.500000 0.242188 0.490741 0.241667 0.490741 0.236458 0.481481 0.235937 0.481481 0.230729 0.472222 0.230208 0.472222 0.225521 0.463889 0.225000 0.463889 0.222396 0.459259 0.221354 0.459259 0.215625 0.469444 0.215625 0.473148 0.221875 0.484259 0.222396 0.484259 0.227604 0.493519 0.228125 0.493519 0.233333 0.502778 0.233854 0.502778 0.239063 0.512037 0.239583 0.512037 0.244792 0.521296 0.245312 0.521296 0.250521 0.530556 0.251042 0.530556 0.254688 0.537037 0.255208 0.537037 0.256771 0.539815 0.257292 0.539815 0.257812 0.540741 0.259896 0.540741 0.262500 0.536111 0.263021 0.536111 0.277083 0.511111 0.277083 0.510185 0.297917 0.473148 0.297917 0.472222 0.298958 0.470370 0.298958 0.469444 0.299479 0.468519 0.299479 0.467593 0.300000 0.466667 0.300000 0.465741 0.301042 0.463889 0.301042 0.462963 0.301563 0.462037 0.301563 0.461111 0.302083 0.460185 0.302083 0.459259 0.303125 0.457407 0.303125 0.456481 0.303646 0.455556 0.303646 0.454630 0.304167 0.453704 0.304167 0.452778 0.304688 0.451852 0.304688 0.450926 0.305729 0.449074 0.305729 0.448148 0.306250 0.447222 0.306250 0.446296 0.306771 0.445370 0.306771 0.444444 0.307812 0.442593 0.307812 0.441667 0.308333 0.440741 0.308333 0.439815 0.308854 0.438889 0.308854 0.437963
0 0.260417 0.453241 0.097917 0.110185 0.308854 0.398148 0.308333 0.399074 0.307812 0.399074 0.306771 0.400926 0.306250 0.400926 0.305208 0.402778 0.304688 0.402778 0.302083 0.407407 0.301563 0.407407 0.295312 0.418519 0.294792 0.418519 0.276042 0.451852 0.275521 0.451852 0.275000 0.452778 0.274479 0.451852 0.273958 0.451852 0.271875 0.448148 0.271875 0.445370 0.272396 0.444444 0.272396 0.443519 0.274479 0.439815 0.274479 0.438889 0.277083 0.434259 0.277083 0.433333 0.279167 0.429630 0.279167 0.428704 0.278646 0.428704 0.265104 0.452778 0.265104 0.453704 0.249479 0.481481 0.248958 0.481481 0.248438 0.482407 0.246354 0.482407 0.245312 0.480556 0.244792 0.480556 0.241667 0.475000 0.241146 0.475000 0.236458 0.466667 0.235937 0.466667 0.231771 0.459259 0.231250 0.459259 0.226562 0.450926 0.226042 0.450926 0.221354 0.442593 0.220833 0.442593 0.216146 0.434259 0.215625 0.434259 0.214583 0.432407 0.213542 0.434259 0.213021 0.434259 0.211979 0.436111 0.211979 0.437037 0.211458 0.437963 0.211458 0.438889 0.211979 0.439815 0.211979 0.440741 0.219271 0.453704 0.219792 0.453704 0.225000 0.462963 0.225521 0.462963 0.230208 0.471296 0.230729 0.471296 0.235937 0.480556 0.236458 0.480556 0.241667 0.489815 0.242188 0.489815 0.247396 0.499074 0.247917 0.499074 0.251563 0.505556 0.252083 0.505556 0.253125 0.507407 0.253646 0.507407 0.254167 0.508333 0.254688 0.508333 0.255208 0.507407 0.255729 0.507407 0.256771 0.505556 0.257292 0.505556 0.273438 0.476852 0.273438 0.475926 0.292708 0.441667 0.292708 0.440741 0.294271 0.437963 0.294271 0.437037 0.295312 0.435185 0.295312 0.434259 0.296354 0.432407 0.296354 0.431481 0.297396 0.429630 0.297396 0.428704 0.298438 0.426852 0.298438 0.425926 0.299479 0.424074 0.299479 0.423148 0.300521 0.421296 0.300521 0.420370 0.301563 0.418519 0.301563 0.417593 0.302604 0.415741 0.302604 0.414815 0.303646 0.412963 0.303646 0.412037 0.305208 0.409259 0.305208 0.408333 0.306250 0.406481 0.306250 0.405556 0.307292 0.403704 0.307292 0.402778 0.308333 0.400926 0.308333 0.400000 0.309375 0.398148
0 0.255469 0.421759 0.103646 0.119444 0.304688 0.362037 0.285417 0.396296 0.284896 0.396296 0.281250 0.402778 0.280729 0.402778 0.279687 0.404630 0.279167 0.404630 0.278125 0.406481 0.277083 0.406481 0.276562 0.407407 0.273958 0.407407 0.273438 0.406481 0.272396 0.406481 0.271354 0.404630 0.270833 0.404630 0.269792 0.402778 0.269271 0.402778 0.267708 0.400000 0.267188 0.400000 0.265104 0.396296 0.264583 0.396296 0.261458 0.390741 0.260937 0.390741 0.256771 0.383333 0.256250 0.383333 0.251042 0.374074 0.250521 0.374074 0.246354 0.366667 0.245833 0.366667 0.244792 0.364815 0.244271 0.364815 0.243750 0.363889 0.242188 0.363889 0.241146 0.365741 0.240625 0.365741 0.239583 0.367593 0.239063 0.367593 0.238021 0.369444 0.237500 0.369444 0.236458 0.371296 0.235937 0.371296 0.234896 0.373148 0.234375 0.373148 0.233333 0.375000 0.232813 0.375000 0.231771 0.376852 0.231250 0.376852 0.230208 0.378704 0.229687 0.378704 0.229167 0.379630 0.228646 0.379630 0.227604 0.381481 0.227083 0.381481 0.226042 0.383333 0.225521 0.383333 0.224479 0.385185 0.223958 0.385185 0.222917 0.387037 0.222396 0.387037 0.221354 0.388889 0.220833 0.388889 0.219792 0.390741 0.219271 0.390741 0.218229 0.392593 0.217708 0.392593 0.216667 0.394444 0.216146 0.394444 0.215104 0.396296 0.214583 0.396296 0.213542 0.398148 0.213021 0.398148 0.211979 0.400000 0.211458 0.400000 0.210417 0.401852 0.209896 0.401852 0.208854 0.403704 0.208333 0.403704 0.207292 0.405556 0.206771 0.405556 0.205729 0.407407 0.205208 0.407407 0.204167 0.409259 0.204167 0.410185 0.203646 0.411111 0.203646 0.412037 0.204167 0.412963 0.204167 0.413889 0.210417 0.425000 0.210938 0.425000 0.215625 0.433333 0.216146 0.433333 0.220833 0.441667 0.221354 0.441667 0.226042 0.450000 0.226562 0.450000 0.231250 0.458333 0.231771 0.458333 0.235937 0.465741 0.236458 0.465741 0.241146 0.474074 0.241667 0.474074 0.244792 0.479630 0.245312 0.479630 0.246354 0.481481 0.248438 0.481481 0.248958 0.480556 0.249479 0.480556 0.264583 0.453704 0.264583 0.452778 0.282292 0.421296 0.282292 0.420370 0.286979 0.412037 0.286979 0.411111 0.289062 0.407407 0.289062 0.406481 0.291667 0.401852 0.291667 0.400926 0.293750 0.397222 0.293750 0.396296 0.295833 0.392593 0.295833 0.391667 0.298438 0.387037 0.298438 0.386111 0.300521 0.382407 0.300521 0.381481 0.302604 0.377778 0.302604 0.376852 0.305208 0.372222 0.305208 0.371296 0.306771 0.368519 0.306771 0.367593 0.307292 0.366667 0.307292 0.364815 0.306771 0.363889 0.306771 0.362963 0.306250 0.362963 0.305729 0.362037
0 0.354687 0.387963 0.080208 0.109259 0.391667 0.333333 0.391146 0.334259 0.390625 0.334259 0.372917 0.365741 0.372396 0.365741 0.368750 0.372222 0.368229 0.372222 0.366667 0.375000 0.366146 0.375000 0.365625 0.375926 0.365104 0.375926 0.364583 0.376852 0.363542 0.376852 0.363021 0.377778 0.361458 0.377778 0.360938 0.376852 0.359896 0.376852 0.358854 0.375000 0.358333 0.375000 0.357292 0.373148 0.356771 0.373148 0.355208 0.370370 0.354687 0.370370 0.351042 0.363889 0.350521 0.363889 0.344271 0.352778 0.343750 0.352778 0.334375 0.336111 0.333854 0.336111 0.332813 0.334259 0.330729 0.334259 0.329167 0.337037 0.329167 0.337963 0.327604 0.340741 0.327604 0.341667 0.325521 0.345370 0.325521 0.346296 0.323958 0.349074 0.323958 0.350000 0.322396 0.352778 0.322396 0.353704 0.320833 0.356481 0.320833 0.357407 0.318750 0.361111 0.318750 0.362037 0.317188 0.364815 0.317188 0.365741 0.315625 0.368519 0.315625 0.369444 0.314583 0.371296 0.314583 0.375000 0.315625 0.376852 0.315625 0.377778 0.319271 0.384259 0.319792 0.384259 0.329688 0.401852 0.330208 0.401852 0.339583 0.418519 0.340104 0.418519 0.349479 0.435185 0.350000 0.435185 0.353646 0.441667 0.354167 0.441667 0.354687 0.442593 0.356771 0.442593 0.358854 0.438889 0.359375 0.438889 0.370312 0.419444 0.370312 0.418519 0.394271 0.375926 0.394271 0.375000 0.394792 0.374074 0.394792 0.356481 0.394271 0.355556 0.394271 0.336111 0.392708 0.333333
0 0.437760 0.384722 0.080729 0.108333 0.458333 0.330556 0.456771 0.333333 0.456250 0.333333 0.451042 0.342593 0.451042 0.343519 0.448958 0.347222 0.448437 0.347222 0.438021 0.365741 0.437500 0.365741 0.434896 0.370370 0.434375 0.370370 0.433333 0.372222 0.432812 0.372222 0.432292 0.373148 0.431771 0.373148 0.431250 0.374074 0.430208 0.374074 0.429688 0.375000 0.428646 0.375000 0.428125 0.374074 0.427083 0.374074 0.426563 0.373148 0.426042 0.373148 0.425000 0.371296 0.424479 0.371296 0.422917 0.368519 0.422396 0.368519 0.418750 0.362037 0.418229 0.362037 0.408854 0.345370 0.408333 0.345370 0.401042 0.332407 0.400521 0.332407 0.400000 0.331481 0.398438 0.331481 0.397396 0.333333 0.397396 0.337037 0.397917 0.337963 0.397917 0.348148 0.398438 0.349074 0.398438 0.359259 0.398958 0.360185 0.398958 0.369444 0.399479 0.370370 0.399479 0.372222 0.419271 0.407407 0.419792 0.407407 0.435417 0.435185 0.435937 0.435185 0.437500 0.437963 0.438021 0.437963 0.438542 0.438889 0.439583 0.438889 0.440104 0.437963 0.440625 0.437963 0.477604 0.372222 0.477604 0.371296 0.478125 0.370370 0.478125 0.367593 0.477604 0.366667 0.477604 0.365741 0.473438 0.358333 0.473438 0.357407 0.468750 0.349074 0.468750 0.348148 0.464583 0.340741 0.464583 0.339815 0.460417 0.332407 0.460417 0.331481 0.459896 0.331481 0.459375 0.330556
0 0.521875 0.391667 0.100000 0.111111 0.532813 0.336111 0.529687 0.341667 0.529167 0.341667 0.527604 0.344444 0.527604 0.345370 0.525000 0.350000 0.524479 0.350000 0.513021 0.370370 0.512500 0.370370 0.509375 0.375926 0.508854 0.375926 0.507812 0.377778 0.507292 0.377778 0.506250 0.379630 0.505208 0.379630 0.504687 0.380556 0.502604 0.380556 0.502083 0.379630 0.501042 0.379630 0.500521 0.378704 0.500000 0.378704 0.498437 0.375926 0.497917 0.375926 0.491667 0.364815 0.491146 0.364815 0.479167 0.343519 0.478646 0.343519 0.475521 0.337963 0.475000 0.337963 0.474479 0.337037 0.472917 0.337037 0.472396 0.337963 0.472396 0.338889 0.471875 0.339815 0.472396 0.340741 0.472396 0.341667 0.472917 0.342593 0.472917 0.343519 0.485417 0.365741 0.485417 0.366667 0.530208 0.446296 0.530729 0.446296 0.531250 0.447222 0.533333 0.447222 0.534896 0.444444 0.535417 0.444444 0.570833 0.381481 0.570833 0.380556 0.571875 0.378704 0.571875 0.375000 0.570312 0.372222 0.569792 0.372222 0.569271 0.371296 0.568750 0.371296 0.568229 0.370370 0.567708 0.370370 0.566667 0.368519 0.566146 0.368519 0.565625 0.367593 0.565104 0.367593 0.564583 0.366667 0.564063 0.366667 0.563021 0.364815 0.562500 0.364815 0.561979 0.363889 0.561458 0.363889 0.560937 0.362963 0.560417 0.362963 0.559375 0.361111 0.558854 0.361111 0.558333 0.360185 0.557813 0.360185 0.557292 0.359259 0.556771 0.359259 0.556250 0.358333 0.555729 0.358333 0.554688 0.356481 0.554167 0.356481 0.553646 0.355556 0.553125 0.355556 0.552604 0.354630 0.552083 0.354630 0.551042 0.352778 0.550521 0.352778 0.550000 0.351852 0.549479 0.351852 0.548958 0.350926 0.548438 0.350926 0.547396 0.349074 0.546875 0.349074 0.546354 0.348148 0.545833 0.348148 0.545312 0.347222 0.544792 0.347222 0.543750 0.345370 0.543229 0.345370 0.542708 0.344444 0.542188 0.344444 0.541667 0.343519 0.541146 0.343519 0.540625 0.342593 0.540104 0.342593 0.539062 0.340741 0.538542 0.340741 0.538021 0.339815 0.537500 0.339815 0.536979 0.338889 0.536458 0.338889 0.535417 0.337037 0.534896 0.337037 0.534375 0.336111
0 0.603906 0.387500 0.114062 0.108333 0.605729 0.333333 0.605208 0.334259 0.604688 0.334259 0.589063 0.362037 0.588542 0.362037 0.585417 0.367593 0.584896 0.367593 0.584375 0.366667 0.583854 0.366667 0.583333 0.365741 0.582812 0.365741 0.582292 0.364815 0.581771 0.364815 0.581250 0.363889 0.580729 0.363889 0.580208 0.362963 0.579688 0.362963 0.579167 0.362037 0.578646 0.362037 0.578125 0.361111 0.577604 0.361111 0.577083 0.360185 0.576562 0.360185 0.576042 0.359259 0.575521 0.359259 0.575000 0.358333 0.574479 0.358333 0.573958 0.357407 0.573438 0.357407 0.572917 0.356481 0.572396 0.356481 0.571875 0.355556 0.571354 0.355556 0.570833 0.354630 0.570312 0.354630 0.569271 0.352778 0.568750 0.352778 0.568229 0.351852 0.567708 0.351852 0.567187 0.350926 0.566667 0.350926 0.566146 0.350000 0.565625 0.350000 0.565104 0.349074 0.564583 0.349074 0.564063 0.348148 0.563542 0.348148 0.563021 0.347222 0.562500 0.347222 0.561979 0.346296 0.561458 0.346296 0.560937 0.345370 0.560417 0.345370 0.559896 0.344444 0.559375 0.344444 0.558854 0.343519 0.558333 0.343519 0.557813 0.342593 0.557292 0.342593 0.556771 0.341667 0.556250 0.341667 0.555729 0.340741 0.555208 0.340741 0.554167 0.338889 0.553646 0.338889 0.553125 0.337963 0.552604 0.337963 0.552083 0.337037 0.551562 0.337037 0.551042 0.336111 0.550521 0.336111 0.550000 0.335185 0.549479 0.335185 0.548958 0.334259 0.547917 0.334259 0.547396 0.335185 0.546875 0.335185 0.546875 0.339815 0.547396 0.339815 0.547917 0.340741 0.548438 0.340741 0.548958 0.341667 0.549479 0.341667 0.550000 0.342593 0.550521 0.342593 0.551562 0.344444 0.552083 0.344444 0.552604 0.345370 0.553125 0.345370 0.553646 0.346296 0.554167 0.346296 0.554688 0.347222 0.555208 0.347222 0.555729 0.348148 0.556250 0.348148 0.557292 0.350000 0.557813 0.350000 0.558333 0.350926 0.558854 0.350926 0.559375 0.351852 0.559896 0.351852 0.560417 0.352778 0.560937 0.352778 0.561458 0.353704 0.561979 0.353704 0.563021 0.355556 0.563542 0.355556 0.564063 0.356481 0.564583 0.356481 0.565104 0.357407 0.565625 0.357407 0.566146 0.358333 0.566667 0.358333 0.567187 0.359259 0.567708 0.359259 0.568750 0.361111 0.569271 0.361111 0.569792 0.362037 0.570312 0.362037 0.570833 0.362963 0.571354 0.362963 0.571875 0.363889 0.572396 0.363889 0.572917 0.364815 0.573438 0.364815 0.574479 0.366667 0.575000 0.366667 0.575521 0.367593 0.576042 0.367593 0.576562 0.368519 0.577083 0.368519 0.577604 0.369444 0.578125 0.369444 0.578646 0.370370 0.579167 0.370370 0.598958 0.405556 0.598958 0.406481 0.613542 0.432407 0.613542 0.433333 0.614062 0.434259 0.614583 0.434259 0.615104 0.435185 0.615625 0.435185 0.616667 0.437037 0.617188 0.437037 0.618229 0.438889 0.618750 0.438889 0.619271 0.439815 0.619792 0.439815 0.620833 0.441667 0.622917 0.441667 0.625000 0.437963 0.625521 0.437963 0.660417 0.375926 0.660417 0.375000 0.660937 0.374074 0.660937 0.372222 0.660417 0.371296 0.660417 0.370370 0.659896 0.369444 0.659375 0.369444 0.658854 0.368519 0.658333 0.368519 0.657813 0.367593 0.656771 0.367593 0.656250 0.366667 0.655208 0.366667 0.654687 0.365741 0.654167 0.365741 0.653646 0.364815 0.652604 0.364815 0.652083 0.363889 0.651042 0.363889 0.650521 0.362963 0.650000 0.362963 0.649479 0.362037 0.648438 0.362037 0.647917 0.361111 0.646875 0.361111 0.646354 0.360185 0.645833 0.360185 0.645312 0.359259 0.644271 0.359259 0.643750 0.358333 0.643229 0.358333 0.642708 0.357407 0.641667 0.357407 0.641146 0.356481 0.640104 0.356481 0.639583 0.355556 0.639062 0.355556 0.638542 0.354630 0.637500 0.354630 0.636979 0.353704 0.635938 0.353704 0.635417 0.352778 0.634896 0.352778 0.634375 0.351852 0.633333 0.351852 0.632812 0.350926 0.631771 0.350926 0.631250 0.350000 0.630729 0.350000 0.630208 0.349074 0.629167 0.349074 0.628646 0.348148 0.627604 0.348148 0.627083 0.347222 0.626563 0.347222 0.626042 0.346296 0.625000 0.346296 0.624479 0.345370 0.623437 0.345370 0.622917 0.344444 0.622396 0.344444 0.621875 0.343519 0.620833 0.343519 0.620313 0.342593 0.619792 0.342593 0.619271 0.341667 0.618229 0.341667 0.617708 0.340741 0.616667 0.340741 0.616146 0.339815 0.615625 0.339815 0.615104 0.338889 0.614062 0.338889 0.613542 0.337963 0.612500 0.337963 0.611979 0.337037 0.611458 0.337037 0.610938 0.336111 0.609896 0.336111 0.609375 0.335185 0.608333 0.335185 0.607812 0.334259 0.607292 0.334259 0.606771 0.333333
0 0.351823 0.557870 0.078646 0.078704 0.313021 0.518519 0.312500 0.519444 0.312500 0.523148 0.313021 0.524074 0.313021 0.525000 0.314063 0.526852 0.314063 0.527778 0.315104 0.529630 0.315104 0.530556 0.316667 0.533333 0.316667 0.534259 0.317708 0.536111 0.317708 0.537037 0.318750 0.538889 0.318750 0.539815 0.320312 0.542593 0.320312 0.543519 0.321354 0.545370 0.321354 0.546296 0.322917 0.549074 0.322917 0.550000 0.323958 0.551852 0.323958 0.552778 0.325521 0.555556 0.325521 0.556481 0.326562 0.558333 0.326562 0.559259 0.327604 0.561111 0.327604 0.562037 0.329167 0.564815 0.329167 0.565741 0.330208 0.567593 0.330208 0.568519 0.331771 0.571296 0.331771 0.572222 0.332813 0.574074 0.332813 0.575000 0.334375 0.577778 0.334375 0.578704 0.335417 0.580556 0.335417 0.581481 0.336458 0.583333 0.336458 0.584259 0.338021 0.587037 0.338021 0.587963 0.339062 0.589815 0.339062 0.590741 0.340625 0.593519 0.340625 0.594444 0.342187 0.597222 0.348438 0.597222 0.348958 0.596296 0.349479 0.596296 0.350521 0.594444 0.351042 0.594444 0.352083 0.592593 0.352604 0.592593 0.353646 0.590741 0.354167 0.590741 0.355208 0.588889 0.355729 0.588889 0.356771 0.587037 0.357292 0.587037 0.357812 0.586111 0.358333 0.586111 0.359375 0.584259 0.359896 0.584259 0.360938 0.582407 0.361458 0.582407 0.362500 0.580556 0.363021 0.580556 0.364063 0.578704 0.364583 0.578704 0.365625 0.576852 0.366146 0.576852 0.367188 0.575000 0.367708 0.575000 0.368750 0.573148 0.369271 0.573148 0.370312 0.571296 0.370833 0.571296 0.371354 0.570370 0.371875 0.570370 0.372917 0.568519 0.373437 0.568519 0.374479 0.566667 0.375000 0.566667 0.376042 0.564815 0.376563 0.564815 0.377604 0.562963 0.378125 0.562963 0.379167 0.561111 0.379688 0.561111 0.380729 0.559259 0.381250 0.559259 0.382292 0.557407 0.382812 0.557407 0.383333 0.556481 0.383854 0.556481 0.384896 0.554630 0.385417 0.554630 0.386458 0.552778 0.386979 0.552778 0.388542 0.550000 0.389062 0.550000 0.389583 0.549074 0.389583 0.548148 0.390104 0.547222 0.390104 0.540741 0.390625 0.539815 0.390625 0.526852 0.391146 0.525926 0.391146 0.519444 0.389583 0.522222 0.389062 0.522222 0.386979 0.525926 0.386458 0.525926 0.383854 0.530556 0.383333 0.530556 0.380208 0.536111 0.379688 0.536111 0.375000 0.544444 0.374479 0.544444 0.368750 0.554630 0.368229 0.554630 0.363542 0.562963 0.363021 0.562963 0.361458 0.565741 0.359896 0.565741 0.357812 0.562037 0.357812 0.560185 0.357292 0.560185 0.356771 0.561111 0.356250 0.561111 0.355729 0.562037 0.355208 0.562037 0.354687 0.561111 0.354167 0.561111 0.353646 0.560185 0.353646 0.562037 0.353125 0.562963 0.353125 0.566667 0.352604 0.567593 0.352604 0.568519 0.351562 0.570370 0.348958 0.570370 0.348438 0.569444 0.347917 0.569444 0.345313 0.564815 0.344792 0.564815 0.338021 0.552778 0.337500 0.552778 0.331771 0.542593 0.331250 0.542593 0.327083 0.535185 0.326562 0.535185 0.323437 0.529630 0.322917 0.529630 0.320833 0.525926 0.320312 0.525926 0.318750 0.523148 0.318229 0.523148 0.317188 0.521296 0.316667 0.521296 0.315625 0.519444 0.314583 0.519444 0.314063 0.518519
0 0.432812 0.559259 0.080208 0.088889 0.395833 0.514815 0.395313 0.515741 0.394792 0.515741 0.394271 0.516667 0.393750 0.516667 0.393229 0.517593 0.392708 0.517593 0.392708 0.519444 0.393229 0.520370 0.393229 0.539815 0.393750 0.540741 0.393750 0.542593 0.394271 0.543519 0.394271 0.544444 0.398958 0.552778 0.399479 0.552778 0.405729 0.563889 0.406250 0.563889 0.412500 0.575000 0.413021 0.575000 0.419792 0.587037 0.420312 0.587037 0.426563 0.598148 0.427083 0.598148 0.430208 0.603704 0.437500 0.603704 0.457813 0.567593 0.457813 0.566667 0.472396 0.540741 0.472396 0.539815 0.472917 0.538889 0.472917 0.535185 0.472396 0.534259 0.472396 0.533333 0.471875 0.532407 0.471875 0.531481 0.471354 0.530556 0.471354 0.529630 0.470833 0.528704 0.470833 0.527778 0.470313 0.526852 0.470313 0.525926 0.469792 0.525000 0.469792 0.523148 0.469271 0.522222 0.469271 0.521296 0.468750 0.520370 0.468750 0.519444 0.460417 0.534259 0.459896 0.534259 0.447917 0.555556 0.447396 0.555556 0.446875 0.556481 0.445312 0.556481 0.443229 0.552778 0.443229 0.550000 0.442708 0.549074 0.442708 0.548148 0.442188 0.549074 0.441667 0.549074 0.439583 0.552778 0.438021 0.552778 0.437500 0.551852 0.436979 0.551852 0.435417 0.549074 0.434896 0.549074 0.434375 0.548148 0.434375 0.549074 0.434896 0.550000 0.434896 0.553704 0.435417 0.554630 0.435417 0.557407 0.435937 0.558333 0.435937 0.562037 0.436458 0.562963 0.436458 0.563889 0.435937 0.564815 0.435937 0.565741 0.434896 0.567593 0.432292 0.567593 0.430729 0.564815 0.430208 0.564815 0.423958 0.553704 0.423958 0.552778 0.410417 0.528704 0.409896 0.528704 0.405729 0.521296 0.405208 0.521296 0.403125 0.517593 0.402604 0.517593 0.402083 0.516667 0.401562 0.516667 0.401042 0.515741 0.400521 0.515741 0.400000 0.514815
0 0.525260 0.547222 0.082812 0.087037 0.483854 0.503704 0.483854 0.504630 0.484375 0.505556 0.484375 0.506481 0.484896 0.507407 0.484896 0.508333 0.485417 0.509259 0.485417 0.510185 0.485938 0.511111 0.485938 0.512037 0.486458 0.512963 0.486458 0.513889 0.486979 0.514815 0.486979 0.515741 0.488021 0.517593 0.488021 0.518519 0.488542 0.519444 0.488542 0.520370 0.489063 0.521296 0.489063 0.522222 0.489583 0.523148 0.489583 0.524074 0.490104 0.525000 0.490104 0.525926 0.490625 0.526852 0.490625 0.527778 0.518750 0.577778 0.519271 0.577778 0.526042 0.589815 0.526563 0.589815 0.527083 0.590741 0.529167 0.590741 0.532813 0.584259 0.533333 0.584259 0.560417 0.536111 0.560937 0.536111 0.564583 0.529630 0.564583 0.528704 0.566667 0.525000 0.566667 0.522222 0.564583 0.518519 0.564583 0.517593 0.564063 0.516667 0.563542 0.516667 0.561979 0.519444 0.561458 0.519444 0.551042 0.537963 0.550521 0.537963 0.540625 0.555556 0.540104 0.555556 0.539583 0.556481 0.538542 0.556481 0.536458 0.552778 0.536458 0.551852 0.535417 0.550000 0.534896 0.550000 0.533333 0.552778 0.532813 0.552778 0.530729 0.556481 0.528125 0.556481 0.524479 0.550000 0.523958 0.550000 0.516146 0.536111 0.517188 0.537963 0.517188 0.538889 0.518229 0.540741 0.518229 0.541667 0.518750 0.542593 0.518750 0.543519 0.519792 0.545370 0.519792 0.546296 0.520833 0.548148 0.520833 0.551852 0.519792 0.553704 0.519271 0.553704 0.518750 0.554630 0.517188 0.554630 0.516146 0.552778 0.515625 0.552778 0.500521 0.525926 0.500000 0.525926 0.493750 0.514815 0.493229 0.514815 0.490625 0.510185 0.490104 0.510185 0.488542 0.507407 0.488021 0.507407 0.486979 0.505556 0.486458 0.505556 0.485938 0.504630 0.485417 0.504630 0.484896 0.503704
0 0.614323 0.544444 0.084896 0.083333 0.573958 0.502778 0.573438 0.503704 0.572917 0.503704 0.572396 0.504630 0.571875 0.504630 0.571875 0.505556 0.616667 0.585185 0.617188 0.585185 0.617708 0.586111 0.618229 0.586111 0.618750 0.585185 0.619792 0.585185 0.624479 0.576852 0.625000 0.576852 0.656250 0.521296 0.656250 0.520370 0.656771 0.519444 0.656250 0.518519 0.656250 0.516667 0.655729 0.515741 0.655208 0.515741 0.653646 0.512963 0.653125 0.512963 0.651042 0.516667 0.650521 0.516667 0.646875 0.523148 0.646354 0.523148 0.637500 0.538889 0.636979 0.538889 0.625000 0.560185 0.622917 0.560185 0.620313 0.555556 0.619792 0.555556 0.615104 0.547222 0.614583 0.547222 0.609375 0.537963 0.608854 0.537963 0.604167 0.529630 0.603646 0.529630 0.598437 0.520370 0.611458 0.543519 0.611458 0.544444 0.612500 0.546296 0.612500 0.547222 0.613021 0.548148 0.613021 0.549074 0.612500 0.550000 0.612500 0.550926 0.611458 0.552778 0.610938 0.552778 0.610417 0.553704 0.609896 0.553704 0.609375 0.552778 0.608854 0.552778 0.607812 0.550926 0.607292 0.550926 0.599479 0.537037 0.598958 0.537037 0.588542 0.518519 0.588021 0.518519 0.581771 0.507407 0.581250 0.507407 0.580208 0.505556 0.579688 0.505556 0.578646 0.503704 0.577604 0.503704 0.577083 0.502778
0 0.693229 0.543981 0.079167 0.071296 0.657292 0.508333 0.656771 0.509259 0.656250 0.509259 0.655208 0.511111 0.654687 0.511111 0.654167 0.512037 0.654167 0.512963 0.655208 0.514815 0.655729 0.514815 0.656771 0.516667 0.656771 0.518519 0.657292 0.519444 0.656771 0.520370 0.656771 0.521296 0.653646 0.526852 0.655208 0.529630 0.655729 0.529630 0.657292 0.532407 0.657813 0.532407 0.659375 0.535185 0.659896 0.535185 0.660937 0.537037 0.661458 0.537037 0.663021 0.539815 0.663542 0.539815 0.665104 0.542593 0.665625 0.542593 0.667188 0.545370 0.667708 0.545370 0.668750 0.547222 0.669271 0.547222 0.670833 0.550000 0.671354 0.550000 0.672917 0.552778 0.673438 0.552778 0.675000 0.555556 0.675521 0.555556 0.677083 0.558333 0.677604 0.558333 0.678646 0.560185 0.679167 0.560185 0.680729 0.562963 0.681250 0.562963 0.682813 0.565741 0.683333 0.565741 0.684896 0.568519 0.685417 0.568519 0.686458 0.570370 0.686979 0.570370 0.688542 0.573148 0.689063 0.573148 0.690625 0.575926 0.691146 0.575926 0.692708 0.578704 0.693229 0.578704 0.693750 0.579630 0.695833 0.579630 0.696875 0.577778 0.697396 0.577778 0.714583 0.547222 0.715104 0.547222 0.732292 0.516667 0.732292 0.515741 0.732812 0.514815 0.732812 0.513889 0.732292 0.512963 0.732292 0.512037 0.731771 0.511111 0.722917 0.526852 0.722396 0.526852 0.706250 0.555556 0.705729 0.555556 0.704688 0.557407 0.704167 0.557407 0.703646 0.558333 0.703125 0.558333 0.702604 0.557407 0.702083 0.557407 0.701042 0.555556 0.700521 0.555556 0.699479 0.553704 0.698958 0.553704 0.697917 0.551852 0.697396 0.551852 0.696354 0.550000 0.695833 0.550000 0.694792 0.548148 0.694271 0.548148 0.693229 0.546296 0.693750 0.547222 0.693750 0.548148 0.695312 0.550926 0.695312 0.553704 0.694792 0.554630 0.694792 0.555556 0.694271 0.556481 0.693750 0.556481 0.693229 0.557407 0.692187 0.557407 0.691667 0.556481 0.691146 0.556481 0.690625 0.555556 0.690104 0.555556 0.688542 0.552778 0.688021 0.552778 0.686979 0.550926 0.686458 0.550926 0.685417 0.549074 0.684896 0.549074 0.683854 0.547222 0.683333 0.547222 0.681771 0.544444 0.681250 0.544444 0.668750 0.522222 0.668750 0.521296 0.666146 0.516667 0.665625 0.516667 0.663542 0.512963 0.663021 0.512963 0.661979 0.511111 0.661458 0.511111 0.660417 0.509259 0.659896 0.509259 0.659375 0.508333
0 0.312240 0.522685 0.081771 0.099074 0.311458 0.473148 0.311458 0.474074 0.310937 0.475000 0.310937 0.475926 0.310417 0.476852 0.310417 0.477778 0.309896 0.478704 0.309896 0.479630 0.309375 0.480556 0.309375 0.481481 0.308854 0.482407 0.308854 0.483333 0.308333 0.484259 0.308333 0.485185 0.307812 0.486111 0.307812 0.487037 0.307292 0.487963 0.307292 0.488889 0.306771 0.489815 0.306771 0.490741 0.306250 0.491667 0.306250 0.492593 0.305729 0.493519 0.305729 0.494444 0.305208 0.495370 0.305208 0.497222 0.304688 0.498148 0.304688 0.499074 0.277083 0.548148 0.277083 0.549074 0.276562 0.550000 0.276562 0.550926 0.276042 0.551852 0.276042 0.552778 0.275521 0.553704 0.275521 0.554630 0.274479 0.556481 0.274479 0.557407 0.273958 0.558333 0.273958 0.559259 0.273438 0.560185 0.273438 0.561111 0.272917 0.562037 0.272917 0.562963 0.271875 0.564815 0.271875 0.566667 0.271354 0.567593 0.271875 0.568519 0.271875 0.569444 0.273438 0.572222 0.275000 0.572222 0.277604 0.567593 0.278125 0.567593 0.296875 0.534259 0.297396 0.534259 0.301563 0.526852 0.302083 0.526852 0.304167 0.523148 0.304688 0.523148 0.306250 0.520370 0.306771 0.520370 0.307292 0.519444 0.307812 0.519444 0.308333 0.518519 0.308854 0.518519 0.309375 0.517593 0.310417 0.517593 0.310937 0.516667 0.312500 0.516667 0.313021 0.517593 0.314063 0.517593 0.314583 0.518519 0.315625 0.518519 0.316667 0.520370 0.317188 0.520370 0.318229 0.522222 0.318750 0.522222 0.320312 0.525000 0.320833 0.525000 0.322917 0.528704 0.323437 0.528704 0.326562 0.534259 0.327083 0.534259 0.331250 0.541667 0.331771 0.541667 0.337500 0.551852 0.338021 0.551852 0.344792 0.563889 0.345313 0.563889 0.347917 0.568519 0.348438 0.568519 0.348958 0.569444 0.351562 0.569444 0.352083 0.568519 0.352083 0.567593 0.352604 0.566667 0.352604 0.562963 0.353125 0.562037 0.353125 0.559259 0.352083 0.557407 0.351562 0.557407 0.344792 0.545370 0.344271 0.545370 0.335938 0.530556 0.335417 0.530556 0.327083 0.515741 0.326562 0.515741 0.314063 0.493519 0.314063 0.490741 0.314583 0.489815 0.314583 0.487963 0.315104 0.487037 0.315104 0.486111 0.315625 0.485185 0.315625 0.484259 0.316146 0.483333 0.316146 0.482407 0.316667 0.481481 0.316667 0.480556 0.317188 0.479630 0.317188 0.478704 0.317708 0.477778 0.317708 0.475926 0.317188 0.475926 0.316146 0.474074 0.315104 0.474074 0.314583 0.473148
0 0.397135 0.521296 0.077604 0.090741 0.397917 0.475926 0.397396 0.476852 0.395833 0.476852 0.395833 0.492593 0.394792 0.494444 0.394792 0.495370 0.378646 0.524074 0.378125 0.524074 0.358333 0.559259 0.358333 0.562037 0.359896 0.564815 0.361458 0.564815 0.363021 0.562037 0.363542 0.562037 0.368229 0.553704 0.368750 0.553704 0.374479 0.543519 0.375000 0.543519 0.379688 0.535185 0.380208 0.535185 0.383333 0.529630 0.383854 0.529630 0.386458 0.525000 0.386979 0.525000 0.389062 0.521296 0.389583 0.521296 0.391146 0.518519 0.391667 0.518519 0.392708 0.516667 0.393229 0.516667 0.393750 0.515741 0.394271 0.515741 0.394792 0.514815 0.395313 0.514815 0.395833 0.513889 0.400000 0.513889 0.400521 0.514815 0.401042 0.514815 0.401562 0.515741 0.402083 0.515741 0.402604 0.516667 0.403125 0.516667 0.405208 0.520370 0.405729 0.520370 0.409896 0.527778 0.410417 0.527778 0.424479 0.552778 0.424479 0.553704 0.430208 0.563889 0.430729 0.563889 0.432292 0.566667 0.434896 0.566667 0.435417 0.565741 0.435417 0.564815 0.435937 0.563889 0.435937 0.562963 0.435417 0.562037 0.435417 0.558333 0.434896 0.557407 0.434896 0.554630 0.434375 0.553704 0.434375 0.550000 0.433854 0.549074 0.433854 0.547222 0.423958 0.529630 0.423438 0.529630 0.411458 0.508333 0.410938 0.508333 0.399479 0.487963 0.399479 0.487037 0.398958 0.486111 0.398958 0.483333 0.398438 0.482407 0.398438 0.475926
0 0.481771 0.512963 0.077083 0.085185 0.483854 0.470370 0.483333 0.471296 0.482292 0.471296 0.481771 0.472222 0.481250 0.472222 0.480729 0.473148 0.480208 0.473148 0.479687 0.474074 0.479167 0.474074 0.477604 0.476852 0.477083 0.476852 0.476562 0.477778 0.477083 0.478704 0.477083 0.479630 0.477604 0.480556 0.477604 0.481481 0.478125 0.482407 0.478125 0.484259 0.477604 0.485185 0.477604 0.486111 0.443229 0.547222 0.443229 0.549074 0.443750 0.550000 0.443750 0.552778 0.445312 0.555556 0.446875 0.555556 0.447396 0.554630 0.447917 0.554630 0.459896 0.533333 0.460417 0.533333 0.468750 0.518519 0.469271 0.518519 0.472917 0.512037 0.473438 0.512037 0.475521 0.508333 0.476042 0.508333 0.477604 0.505556 0.478125 0.505556 0.478646 0.504630 0.479167 0.504630 0.479687 0.503704 0.480208 0.503704 0.480729 0.502778 0.484896 0.502778 0.485417 0.503704 0.485938 0.503704 0.486458 0.504630 0.486979 0.504630 0.488021 0.506481 0.488542 0.506481 0.490104 0.509259 0.490625 0.509259 0.493229 0.513889 0.493750 0.513889 0.500000 0.525000 0.500521 0.525000 0.515625 0.551852 0.516146 0.551852 0.517188 0.553704 0.518750 0.553704 0.519271 0.552778 0.519792 0.552778 0.520312 0.551852 0.520312 0.548148 0.519271 0.546296 0.519271 0.545370 0.518229 0.543519 0.518229 0.542593 0.517708 0.541667 0.517708 0.540741 0.516667 0.538889 0.516667 0.537963 0.515625 0.536111 0.515625 0.535185 0.497396 0.502778 0.496875 0.502778 0.493229 0.496296 0.493229 0.495370 0.491146 0.491667 0.491146 0.490741 0.490104 0.488889 0.490104 0.487963 0.489583 0.487037 0.489583 0.486111 0.488542 0.484259 0.488542 0.483333 0.488021 0.482407 0.488021 0.481481 0.486979 0.479630 0.486979 0.478704 0.486458 0.477778 0.486458 0.476852 0.485417 0.475000 0.485417 0.474074 0.484896 0.473148 0.484896 0.472222
0 0.573958 0.511574 0.077083 0.087963 0.566667 0.467593 0.564063 0.472222 0.563542 0.472222 0.562500 0.474074 0.562500 0.475000 0.564583 0.478704 0.565104 0.478704 0.568750 0.485185 0.568750 0.488889 0.568229 0.489815 0.568229 0.490741 0.535417 0.549074 0.536979 0.551852 0.536979 0.552778 0.538542 0.555556 0.539583 0.555556 0.540104 0.554630 0.540625 0.554630 0.550521 0.537037 0.551042 0.537037 0.561458 0.518519 0.561979 0.518519 0.566146 0.511111 0.566667 0.511111 0.568750 0.507407 0.569271 0.507407 0.570833 0.504630 0.571354 0.504630 0.571875 0.503704 0.572396 0.503704 0.572917 0.502778 0.573438 0.502778 0.573958 0.501852 0.577083 0.501852 0.577604 0.502778 0.578646 0.502778 0.579688 0.504630 0.580208 0.504630 0.581250 0.506481 0.581771 0.506481 0.588021 0.517593 0.588542 0.517593 0.598958 0.536111 0.599479 0.536111 0.607292 0.550000 0.607812 0.550000 0.608854 0.551852 0.609375 0.551852 0.609896 0.552778 0.610417 0.552778 0.610938 0.551852 0.611458 0.551852 0.611979 0.550926 0.611979 0.550000 0.612500 0.549074 0.612500 0.548148 0.611979 0.547222 0.611979 0.546296 0.610938 0.544444 0.610938 0.543519 0.575000 0.479630 0.574479 0.479630 0.569792 0.471296 0.569271 0.471296 0.567187 0.467593
0 0.642448 0.525463 0.104688 0.067593 0.662500 0.491667 0.628125 0.552778 0.627604 0.552778 0.625000 0.557407 0.624479 0.557407 0.623958 0.558333 0.623437 0.558333 0.622917 0.557407 0.622396 0.557407 0.620313 0.553704 0.619792 0.553704 0.615104 0.545370 0.614583 0.545370 0.610417 0.537963 0.609896 0.537963 0.605208 0.529630 0.604688 0.529630 0.600000 0.521296 0.599479 0.521296 0.594792 0.512963 0.594271 0.512963 0.590104 0.505556 0.597917 0.519444 0.598437 0.519444 0.603646 0.528704 0.604167 0.528704 0.608854 0.537037 0.609375 0.537037 0.614583 0.546296 0.615104 0.546296 0.619792 0.554630 0.620313 0.554630 0.622917 0.559259 0.625000 0.559259 0.636979 0.537963 0.637500 0.537963 0.646354 0.522222 0.646875 0.522222 0.650521 0.515741 0.651042 0.515741 0.653125 0.512037 0.653646 0.512037 0.654687 0.510185 0.655208 0.510185 0.656250 0.508333 0.656771 0.508333 0.657292 0.507407 0.659375 0.507407 0.659896 0.508333 0.660417 0.508333 0.661458 0.510185 0.661979 0.510185 0.663021 0.512037 0.663542 0.512037 0.665625 0.515741 0.666146 0.515741 0.669271 0.521296 0.669271 0.522222 0.681250 0.543519 0.681771 0.543519 0.683333 0.546296 0.683854 0.546296 0.684896 0.548148 0.685417 0.548148 0.686458 0.550000 0.686979 0.550000 0.688021 0.551852 0.688542 0.551852 0.690104 0.554630 0.690625 0.554630 0.691146 0.555556 0.691667 0.555556 0.692187 0.556481 0.693229 0.556481 0.693750 0.555556 0.694271 0.555556 0.694271 0.554630 0.694792 0.553704 0.694792 0.550926 0.693229 0.548148 0.693229 0.547222 0.683333 0.529630 0.683333 0.528704 0.670312 0.505556 0.670312 0.504630 0.663021 0.491667
0 0.354948 0.518981 0.080729 0.084259 0.318229 0.476852 0.318229 0.477778 0.317708 0.478704 0.317708 0.479630 0.317188 0.480556 0.317188 0.481481 0.316667 0.482407 0.316667 0.483333 0.316146 0.484259 0.316146 0.485185 0.315625 0.486111 0.315625 0.487037 0.315104 0.487963 0.315104 0.489815 0.314583 0.490741 0.314583 0.493519 0.326562 0.514815 0.327083 0.514815 0.335417 0.529630 0.335938 0.529630 0.344271 0.544444 0.344792 0.544444 0.351562 0.556481 0.352083 0.556481 0.354167 0.560185 0.354687 0.560185 0.355208 0.561111 0.355729 0.561111 0.356250 0.560185 0.356771 0.560185 0.357292 0.559259 0.357812 0.559259 0.378125 0.523148 0.378646 0.523148 0.394271 0.495370 0.394271 0.494444 0.395313 0.492593 0.395313 0.477778 0.394792 0.477778 0.393750 0.479630 0.393229 0.479630 0.392188 0.481481 0.391667 0.481481 0.389583 0.485185 0.389062 0.485185 0.385937 0.490741 0.385417 0.490741 0.378125 0.503704 0.377604 0.503704 0.363021 0.529630 0.362500 0.529630 0.361979 0.530556 0.360417 0.530556 0.358333 0.526852 0.358333 0.522222 0.358854 0.521296 0.358854 0.516667 0.359375 0.515741 0.358854 0.516667 0.358333 0.516667 0.357292 0.518519 0.356771 0.518519 0.356250 0.519444 0.355729 0.519444 0.355208 0.518519 0.354687 0.518519 0.354167 0.517593 0.353646 0.518519 0.353646 0.522222 0.352083 0.525000 0.349479 0.525000 0.348958 0.524074 0.348438 0.524074 0.344792 0.517593 0.344271 0.517593 0.336458 0.503704 0.335938 0.503704 0.330729 0.494444 0.330208 0.494444 0.326042 0.487037 0.325521 0.487037 0.322917 0.482407 0.322396 0.482407 0.320833 0.479630 0.320312 0.479630 0.318750 0.476852
0 0.438281 0.514352 0.078646 0.075000 0.398958 0.476852 0.398958 0.482407 0.399479 0.483333 0.399479 0.486111 0.400000 0.487037 0.400000 0.487963 0.410938 0.507407 0.411458 0.507407 0.423438 0.528704 0.423958 0.528704 0.434896 0.548148 0.435417 0.548148 0.436979 0.550926 0.437500 0.550926 0.438021 0.551852 0.439583 0.551852 0.441667 0.548148 0.442188 0.548148 0.477083 0.486111 0.477083 0.485185 0.477604 0.484259 0.477604 0.482407 0.477083 0.481481 0.477083 0.480556 0.476562 0.479630 0.476562 0.478704 0.476042 0.478704 0.474479 0.481481 0.473958 0.481481 0.469792 0.488889 0.469271 0.488889 0.457292 0.510185 0.456771 0.510185 0.448437 0.525000 0.446354 0.525000 0.444792 0.522222 0.444792 0.521296 0.444271 0.520370 0.444271 0.518519 0.443750 0.517593 0.443750 0.515741 0.443229 0.514815 0.443229 0.512037 0.442708 0.511111 0.442708 0.509259 0.441146 0.512037 0.440625 0.512037 0.439583 0.513889 0.439063 0.513889 0.438542 0.514815 0.438021 0.513889 0.437500 0.513889 0.436979 0.512963 0.436458 0.512963 0.436979 0.513889 0.436979 0.516667 0.437500 0.517593 0.437500 0.520370 0.438021 0.521296 0.438021 0.525926 0.436458 0.528704 0.434375 0.528704 0.433854 0.527778 0.433333 0.527778 0.429688 0.521296 0.429167 0.521296 0.417187 0.500000 0.416667 0.500000 0.411458 0.490741 0.410938 0.490741 0.407813 0.485185 0.407292 0.485185 0.405208 0.481481 0.404687 0.481481 0.403646 0.479630 0.403125 0.479630 0.402083 0.477778 0.401042 0.477778 0.400521 0.476852
0 0.526302 0.512963 0.083854 0.085185 0.484375 0.470370 0.485417 0.472222 0.485417 0.473148 0.485938 0.474074 0.485938 0.475000 0.486979 0.476852 0.486979 0.477778 0.487500 0.478704 0.487500 0.479630 0.488542 0.481481 0.488542 0.482407 0.489063 0.483333 0.489063 0.484259 0.490104 0.486111 0.490104 0.487037 0.490625 0.487963 0.490625 0.488889 0.491667 0.490741 0.491667 0.491667 0.493750 0.495370 0.493750 0.496296 0.496875 0.501852 0.497396 0.501852 0.523958 0.549074 0.524479 0.549074 0.528125 0.555556 0.530729 0.555556 0.532813 0.551852 0.533333 0.551852 0.567708 0.490741 0.567708 0.489815 0.568229 0.488889 0.568229 0.485185 0.565104 0.479630 0.564583 0.479630 0.561979 0.475000 0.558854 0.480556 0.558333 0.480556 0.540625 0.512037 0.540104 0.512037 0.538542 0.514815 0.536979 0.514815 0.534896 0.511111 0.534896 0.510185 0.530729 0.517593 0.530208 0.517593 0.529687 0.518519 0.528646 0.518519 0.527604 0.516667 0.527083 0.516667 0.513021 0.491667 0.514062 0.493519 0.514062 0.494444 0.515625 0.497222 0.515625 0.498148 0.517188 0.500926 0.517188 0.501852 0.518229 0.503704 0.518229 0.504630 0.519792 0.507407 0.519792 0.508333 0.521354 0.511111 0.521354 0.512037 0.522396 0.513889 0.522396 0.514815 0.523438 0.516667 0.523438 0.520370 0.521875 0.523148 0.519792 0.523148 0.518750 0.521296 0.518229 0.521296 0.503646 0.495370 0.503125 0.495370 0.496354 0.483333 0.495833 0.483333 0.492708 0.477778 0.492188 0.477778 0.490625 0.475000 0.490104 0.475000 0.489063 0.473148 0.488542 0.473148 0.488021 0.472222 0.487500 0.472222 0.486979 0.471296 0.485938 0.471296 0.485417 0.470370
0 0.615365 0.509722 0.095312 0.095370 0.571875 0.462037 0.571354 0.462963 0.570312 0.462963 0.569271 0.464815 0.568750 0.464815 0.567708 0.466667 0.567708 0.467593 0.569271 0.470370 0.569792 0.470370 0.574479 0.478704 0.575000 0.478704 0.589583 0.504630 0.590104 0.504630 0.594271 0.512037 0.594792 0.512037 0.599479 0.520370 0.600000 0.520370 0.604688 0.528704 0.605208 0.528704 0.609896 0.537037 0.610417 0.537037 0.614583 0.544444 0.615104 0.544444 0.619792 0.552778 0.620313 0.552778 0.622396 0.556481 0.622917 0.556481 0.623437 0.557407 0.623958 0.557407 0.624479 0.556481 0.625000 0.556481 0.627604 0.551852 0.628125 0.551852 0.662500 0.490741 0.662500 0.489815 0.663021 0.488889 0.663021 0.487963 0.662500 0.487037 0.662500 0.486111 0.661458 0.484259 0.660937 0.484259 0.659896 0.482407 0.659375 0.482407 0.658854 0.481481 0.658333 0.481481 0.656771 0.484259 0.656250 0.484259 0.653125 0.489815 0.652604 0.489815 0.645833 0.501852 0.645312 0.501852 0.630208 0.528704 0.629687 0.528704 0.629167 0.529630 0.627604 0.529630 0.627083 0.528704 0.626563 0.528704 0.623958 0.524074 0.623437 0.524074 0.621354 0.520370 0.620833 0.520370 0.618750 0.516667 0.618229 0.516667 0.616146 0.512963 0.615625 0.512963 0.613021 0.508333 0.612500 0.508333 0.610417 0.504630 0.610417 0.505556 0.610938 0.506481 0.610938 0.508333 0.610417 0.509259 0.610417 0.510185 0.609896 0.511111 0.609375 0.511111 0.608854 0.512037 0.607292 0.512037 0.606771 0.511111 0.606250 0.511111 0.604167 0.507407 0.603646 0.507407 0.601042 0.502778 0.600521 0.502778 0.597396 0.497222 0.596875 0.497222 0.594271 0.492593 0.593750 0.492593 0.590625 0.487037 0.590104 0.487037 0.587500 0.482407 0.586979 0.482407 0.584375 0.477778 0.583854 0.477778 0.580729 0.472222 0.580208 0.472222 0.577604 0.467593 0.577083 0.467593 0.573958 0.462037
0 0.700260 0.517593 0.082812 0.079630 0.661458 0.477778 0.660937 0.478704 0.660417 0.478704 0.659375 0.480556 0.658854 0.480556 0.659375 0.481481 0.659896 0.481481 0.660937 0.483333 0.661458 0.483333 0.663021 0.486111 0.663021 0.487037 0.663542 0.487963 0.663542 0.488889 0.663021 0.489815 0.663021 0.490741 0.670833 0.504630 0.670833 0.505556 0.683854 0.528704 0.683854 0.529630 0.692708 0.545370 0.693229 0.545370 0.694271 0.547222 0.694792 0.547222 0.695833 0.549074 0.696354 0.549074 0.697396 0.550926 0.697917 0.550926 0.698958 0.552778 0.699479 0.552778 0.700521 0.554630 0.701042 0.554630 0.702083 0.556481 0.702604 0.556481 0.703125 0.557407 0.703646 0.557407 0.704167 0.556481 0.704688 0.556481 0.705729 0.554630 0.706250 0.554630 0.722396 0.525926 0.722917 0.525926 0.741146 0.493519 0.741146 0.492593 0.741667 0.491667 0.741667 0.487963 0.741146 0.487037 0.740625 0.487037 0.740104 0.486111 0.739583 0.486111 0.739062 0.485185 0.738542 0.485185 0.738021 0.484259 0.737500 0.484259 0.736979 0.483333 0.736458 0.483333 0.735938 0.482407 0.735417 0.482407 0.734896 0.481481 0.734375 0.481481 0.733854 0.480556 0.733333 0.480556 0.732812 0.479630 0.721875 0.499074 0.721354 0.499074 0.707292 0.524074 0.706771 0.524074 0.705729 0.525926 0.704167 0.525926 0.703646 0.525000 0.703125 0.525000 0.702083 0.523148 0.701562 0.523148 0.699479 0.526852 0.697917 0.526852 0.697396 0.525926 0.696875 0.525926 0.696354 0.525000 0.695833 0.525000 0.694792 0.523148 0.694271 0.523148 0.693750 0.522222 0.693229 0.522222 0.692187 0.520370 0.691667 0.520370 0.690625 0.518519 0.690104 0.518519 0.689583 0.517593 0.689063 0.517593 0.688021 0.515741 0.687500 0.515741 0.686458 0.513889 0.685937 0.513889 0.678125 0.500000 0.678125 0.499074 0.673438 0.490741 0.672917 0.490741 0.671875 0.488889 0.671354 0.488889 0.670312 0.487037 0.669792 0.487037 0.669271 0.486111 0.668750 0.486111 0.667708 0.484259 0.667188 0.484259 0.666667 0.483333 0.666146 0.483333 0.665104 0.481481 0.664583 0.481481 0.664062 0.480556 0.663542 0.480556 0.662500 0.478704 0.661979 0.478704
0 0.313542 0.481481 0.080208 0.090741 0.311458 0.436111 0.310937 0.437037 0.309896 0.437037 0.309375 0.437963 0.309375 0.438889 0.308854 0.439815 0.308854 0.440741 0.308333 0.441667 0.308333 0.442593 0.307292 0.444444 0.307292 0.445370 0.306771 0.446296 0.306771 0.447222 0.306250 0.448148 0.306250 0.449074 0.305208 0.450926 0.305208 0.451852 0.304688 0.452778 0.304688 0.453704 0.304167 0.454630 0.304167 0.455556 0.303646 0.456481 0.303646 0.457407 0.302604 0.459259 0.302604 0.460185 0.302083 0.461111 0.302083 0.462037 0.301563 0.462963 0.301563 0.463889 0.300521 0.465741 0.300521 0.466667 0.300000 0.467593 0.300000 0.468519 0.299479 0.469444 0.299479 0.470370 0.298438 0.472222 0.298438 0.473148 0.277604 0.510185 0.277604 0.511111 0.276042 0.513889 0.276042 0.514815 0.275000 0.516667 0.275000 0.517593 0.273958 0.519444 0.273958 0.520370 0.273438 0.521296 0.273438 0.523148 0.275521 0.526852 0.276562 0.526852 0.277083 0.525926 0.277604 0.525926 0.294271 0.496296 0.294792 0.496296 0.301563 0.484259 0.302083 0.484259 0.304688 0.479630 0.305208 0.479630 0.307292 0.475926 0.307812 0.475926 0.308333 0.475000 0.308854 0.475000 0.309375 0.474074 0.309896 0.474074 0.310417 0.473148 0.310937 0.473148 0.311458 0.472222 0.314583 0.472222 0.315104 0.473148 0.316146 0.473148 0.317188 0.475000 0.317708 0.475000 0.318229 0.475926 0.318750 0.475926 0.320312 0.478704 0.320833 0.478704 0.322396 0.481481 0.322917 0.481481 0.325521 0.486111 0.326042 0.486111 0.330208 0.493519 0.330729 0.493519 0.335938 0.502778 0.336458 0.502778 0.344271 0.516667 0.344792 0.516667 0.348438 0.523148 0.348958 0.523148 0.349479 0.524074 0.352083 0.524074 0.353125 0.522222 0.353125 0.518519 0.353646 0.517593 0.353646 0.516667 0.353125 0.516667 0.347917 0.507407 0.347396 0.507407 0.338021 0.490741 0.337500 0.490741 0.328646 0.475000 0.328125 0.475000 0.318229 0.457407 0.317708 0.457407 0.317188 0.456481 0.317188 0.455556 0.315104 0.451852 0.315104 0.450926 0.314583 0.450000 0.314583 0.449074 0.315104 0.448148 0.315104 0.447222 0.315625 0.446296 0.315625 0.445370 0.316146 0.444444 0.316146 0.443519 0.316667 0.442593 0.316667 0.441667 0.317188 0.440741 0.317188 0.439815 0.316667 0.438889 0.316146 0.438889 0.315625 0.437963 0.315104 0.437963 0.314583 0.437037 0.313021 0.437037 0.312500 0.436111
0 0.398177 0.484259 0.078646 0.090741 0.396875 0.438889 0.396354 0.439815 0.395833 0.439815 0.395833 0.450000 0.395313 0.450926 0.395313 0.451852 0.359896 0.514815 0.359896 0.515741 0.359375 0.516667 0.359375 0.521296 0.358854 0.522222 0.358854 0.526852 0.360417 0.529630 0.361979 0.529630 0.362500 0.528704 0.363021 0.528704 0.377604 0.502778 0.378125 0.502778 0.385417 0.489815 0.385937 0.489815 0.389062 0.484259 0.389583 0.484259 0.391667 0.480556 0.392188 0.480556 0.393229 0.478704 0.393750 0.478704 0.394792 0.476852 0.395313 0.476852 0.395833 0.475926 0.397396 0.475926 0.397917 0.475000 0.398438 0.475000 0.398958 0.475926 0.400521 0.475926 0.401042 0.476852 0.402083 0.476852 0.403125 0.478704 0.403646 0.478704 0.404687 0.480556 0.405208 0.480556 0.407292 0.484259 0.407813 0.484259 0.410938 0.489815 0.411458 0.489815 0.416667 0.499074 0.417187 0.499074 0.429167 0.520370 0.429688 0.520370 0.433333 0.526852 0.433854 0.526852 0.434375 0.527778 0.436458 0.527778 0.437500 0.525926 0.437500 0.521296 0.436979 0.520370 0.436979 0.517593 0.436458 0.516667 0.436458 0.513889 0.435937 0.512963 0.435937 0.512037 0.432292 0.505556 0.431771 0.505556 0.415104 0.475926 0.414583 0.475926 0.399479 0.449074 0.399479 0.448148 0.398958 0.447222 0.398958 0.446296 0.398438 0.445370 0.398438 0.438889
0 0.483073 0.477778 0.079687 0.092593 0.482292 0.431481 0.481771 0.432407 0.480729 0.432407 0.479687 0.434259 0.479167 0.434259 0.478125 0.436111 0.477604 0.436111 0.476042 0.438889 0.477083 0.440741 0.477083 0.441667 0.477604 0.442593 0.477604 0.443519 0.478125 0.444444 0.478125 0.445370 0.477604 0.446296 0.477604 0.447222 0.475521 0.450926 0.475521 0.451852 0.469792 0.462037 0.469271 0.462037 0.443229 0.508333 0.443229 0.511111 0.443750 0.512037 0.443750 0.514815 0.444271 0.515741 0.444271 0.517593 0.444792 0.518519 0.444792 0.520370 0.445312 0.521296 0.445312 0.522222 0.446354 0.524074 0.448437 0.524074 0.456771 0.509259 0.457292 0.509259 0.469271 0.487963 0.469792 0.487963 0.473958 0.480556 0.474479 0.480556 0.477083 0.475926 0.477604 0.475926 0.479167 0.473148 0.479687 0.473148 0.480208 0.472222 0.480729 0.472222 0.481250 0.471296 0.481771 0.471296 0.482292 0.470370 0.483333 0.470370 0.483854 0.469444 0.485417 0.469444 0.485938 0.470370 0.486979 0.470370 0.487500 0.471296 0.488021 0.471296 0.488542 0.472222 0.489063 0.472222 0.490104 0.474074 0.490625 0.474074 0.492188 0.476852 0.492708 0.476852 0.495833 0.482407 0.496354 0.482407 0.503125 0.494444 0.503646 0.494444 0.518229 0.520370 0.518750 0.520370 0.519792 0.522222 0.521875 0.522222 0.522917 0.520370 0.522917 0.516667 0.521875 0.514815 0.521875 0.513889 0.520833 0.512037 0.520833 0.511111 0.519271 0.508333 0.519271 0.507407 0.517708 0.504630 0.517708 0.503704 0.516667 0.501852 0.516667 0.500926 0.515104 0.498148 0.515104 0.497222 0.513542 0.494444 0.513542 0.493519 0.512500 0.491667 0.512500 0.490741 0.510417 0.487037 0.509896 0.487037 0.491667 0.454630 0.491667 0.453704 0.490625 0.451852 0.490625 0.450926 0.489063 0.448148 0.489063 0.447222 0.488021 0.445370 0.488021 0.444444 0.486979 0.442593 0.486979 0.441667 0.485938 0.439815 0.485938 0.438889 0.484375 0.436111 0.484375 0.435185 0.483333 0.433333 0.483333 0.432407 0.482812 0.431481
0 0.572917 0.475463 0.075000 0.076852 0.570833 0.437037 0.570312 0.437963 0.569792 0.437963 0.566667 0.443519 0.568750 0.447222 0.568750 0.450000 0.567187 0.452778 0.567187 0.453704 0.540625 0.500926 0.540104 0.500926 0.535417 0.509259 0.535417 0.511111 0.536979 0.513889 0.538542 0.513889 0.540104 0.511111 0.540625 0.511111 0.558333 0.479630 0.558854 0.479630 0.563542 0.471296 0.564063 0.471296 0.566667 0.466667 0.567187 0.466667 0.568750 0.463889 0.569271 0.463889 0.570312 0.462037 0.571354 0.462037 0.571875 0.461111 0.573958 0.461111 0.577083 0.466667 0.577604 0.466667 0.580208 0.471296 0.580729 0.471296 0.583854 0.476852 0.584375 0.476852 0.586979 0.481481 0.587500 0.481481 0.590104 0.486111 0.590625 0.486111 0.593750 0.491667 0.594271 0.491667 0.596875 0.496296 0.597396 0.496296 0.600521 0.501852 0.601042 0.501852 0.603646 0.506481 0.604167 0.506481 0.606250 0.510185 0.606771 0.510185 0.607292 0.511111 0.608854 0.511111 0.609375 0.510185 0.609896 0.510185 0.609896 0.509259 0.610417 0.508333 0.610417 0.506481 0.609896 0.505556 0.609896 0.504630 0.602604 0.491667 0.602604 0.490741 0.575000 0.441667 0.574479 0.441667 0.572917 0.438889 0.572396 0.438889 0.571354 0.437037
0 0.652083 0.490741 0.097917 0.075926 0.661979 0.452778 0.661979 0.453704 0.640625 0.491667 0.640104 0.491667 0.625000 0.518519 0.624479 0.518519 0.623958 0.519444 0.622396 0.519444 0.621354 0.517593 0.620833 0.517593 0.618750 0.513889 0.618229 0.513889 0.616146 0.510185 0.615625 0.510185 0.613542 0.506481 0.613021 0.506481 0.610938 0.502778 0.610417 0.502778 0.608333 0.499074 0.607812 0.499074 0.605729 0.495370 0.605208 0.495370 0.603125 0.491667 0.609896 0.503704 0.610417 0.503704 0.612500 0.507407 0.613021 0.507407 0.615625 0.512037 0.616146 0.512037 0.618229 0.515741 0.618750 0.515741 0.620833 0.519444 0.621354 0.519444 0.623437 0.523148 0.623958 0.523148 0.626563 0.527778 0.627083 0.527778 0.627604 0.528704 0.629167 0.528704 0.629687 0.527778 0.630208 0.527778 0.645312 0.500926 0.645833 0.500926 0.652604 0.488889 0.653125 0.488889 0.656250 0.483333 0.656771 0.483333 0.658854 0.479630 0.659375 0.479630 0.660417 0.477778 0.660937 0.477778 0.661458 0.476852 0.661979 0.477778 0.662500 0.477778 0.663542 0.479630 0.664062 0.479630 0.664583 0.480556 0.665104 0.480556 0.666146 0.482407 0.666667 0.482407 0.667188 0.483333 0.667708 0.483333 0.668750 0.485185 0.669271 0.485185 0.669792 0.486111 0.670312 0.486111 0.671354 0.487963 0.671875 0.487963 0.672917 0.489815 0.673438 0.489815 0.678646 0.499074 0.678646 0.500000 0.685937 0.512963 0.686458 0.512963 0.687500 0.514815 0.688021 0.514815 0.689063 0.516667 0.689583 0.516667 0.690104 0.517593 0.690625 0.517593 0.691667 0.519444 0.692187 0.519444 0.693229 0.521296 0.693750 0.521296 0.694271 0.522222 0.694792 0.522222 0.695833 0.524074 0.696354 0.524074 0.696875 0.525000 0.697396 0.525000 0.697917 0.525926 0.699479 0.525926 0.701042 0.523148 0.701042 0.521296 0.700521 0.520370 0.700521 0.519444 0.697396 0.513889 0.697396 0.512963 0.686458 0.493519 0.686458 0.492593 0.675521 0.473148 0.675521 0.472222 0.666667 0.456481 0.666146 0.456481 0.665625 0.455556 0.665104 0.455556 0.664583 0.454630 0.664062 0.454630 0.663542 0.453704 0.663021 0.453704 0.662500 0.452778
0 0.355208 0.479167 0.080208 0.078704 0.395313 0.439815 0.394792 0.440741 0.394271 0.440741 0.393229 0.442593 0.392708 0.442593 0.391146 0.445370 0.390625 0.445370 0.388021 0.450000 0.387500 0.450000 0.382292 0.459259 0.381771 0.459259 0.363542 0.491667 0.363021 0.491667 0.361979 0.493519 0.360417 0.493519 0.359896 0.492593 0.359375 0.492593 0.358333 0.490741 0.358333 0.484259 0.358854 0.483333 0.358333 0.484259 0.357812 0.484259 0.356250 0.487037 0.354167 0.487037 0.353646 0.486111 0.353125 0.486111 0.351562 0.488889 0.351042 0.488889 0.350521 0.489815 0.350000 0.488889 0.348958 0.488889 0.348438 0.487963 0.347917 0.487963 0.344271 0.481481 0.343750 0.481481 0.335938 0.467593 0.335417 0.467593 0.329688 0.457407 0.329167 0.457407 0.325521 0.450926 0.325000 0.450926 0.322396 0.446296 0.321875 0.446296 0.319792 0.442593 0.319271 0.442593 0.318229 0.440741 0.317708 0.440741 0.317188 0.441667 0.317188 0.442593 0.316667 0.443519 0.316667 0.444444 0.316146 0.445370 0.316146 0.446296 0.315625 0.447222 0.315625 0.448148 0.315104 0.449074 0.315104 0.450000 0.315625 0.450926 0.315625 0.451852 0.317708 0.455556 0.317708 0.456481 0.318229 0.456481 0.328125 0.474074 0.328646 0.474074 0.337500 0.489815 0.338021 0.489815 0.347396 0.506481 0.347917 0.506481 0.353125 0.515741 0.353646 0.515741 0.354687 0.517593 0.355208 0.517593 0.355729 0.518519 0.356250 0.518519 0.356771 0.517593 0.357292 0.517593 0.358333 0.515741 0.358854 0.515741 0.394792 0.451852 0.394792 0.450926 0.395313 0.450000
0 0.438281 0.476389 0.078646 0.075000 0.398958 0.438889 0.398958 0.445370 0.399479 0.446296 0.399479 0.447222 0.400000 0.448148 0.400000 0.449074 0.414583 0.475000 0.415104 0.475000 0.431771 0.504630 0.432292 0.504630 0.436458 0.512037 0.436979 0.512037 0.437500 0.512963 0.438021 0.512963 0.438542 0.513889 0.439063 0.512963 0.439583 0.512963 0.440625 0.511111 0.441146 0.511111 0.469271 0.461111 0.469792 0.461111 0.475000 0.451852 0.475000 0.450926 0.477083 0.447222 0.477083 0.446296 0.477604 0.445370 0.477604 0.444444 0.477083 0.443519 0.477083 0.442593 0.476562 0.441667 0.476562 0.440741 0.476042 0.439815 0.475000 0.439815 0.471875 0.445370 0.471354 0.445370 0.460417 0.464815 0.459896 0.464815 0.447917 0.486111 0.446354 0.486111 0.444271 0.482407 0.444271 0.481481 0.443750 0.480556 0.443750 0.478704 0.443229 0.477778 0.443229 0.475926 0.442708 0.475000 0.442708 0.473148 0.442188 0.472222 0.440625 0.475000 0.440104 0.475000 0.439583 0.475926 0.437500 0.475926 0.436458 0.474074 0.436458 0.475000 0.436979 0.475926 0.436979 0.478704 0.437500 0.479630 0.437500 0.481481 0.438021 0.482407 0.438021 0.485185 0.438542 0.486111 0.438542 0.487963 0.438021 0.488889 0.438021 0.489815 0.436979 0.491667 0.434375 0.491667 0.433333 0.489815 0.432812 0.489815 0.422396 0.471296 0.421875 0.471296 0.413542 0.456481 0.413021 0.456481 0.409375 0.450000 0.408854 0.450000 0.406250 0.445370 0.405729 0.445370 0.404167 0.442593 0.403646 0.442593 0.403125 0.441667 0.402604 0.441667 0.401562 0.439815 0.400521 0.439815 0.400000 0.438889
0 0.525781 0.474537 0.084896 0.086111 0.483333 0.431481 0.483854 0.432407 0.483854 0.433333 0.484896 0.435185 0.484896 0.436111 0.486458 0.438889 0.486458 0.439815 0.487500 0.441667 0.487500 0.442593 0.488542 0.444444 0.488542 0.445370 0.489583 0.447222 0.489583 0.448148 0.491146 0.450926 0.491146 0.451852 0.492188 0.453704 0.492188 0.454630 0.509896 0.486111 0.510417 0.486111 0.527083 0.515741 0.527604 0.515741 0.528646 0.517593 0.529687 0.517593 0.530208 0.516667 0.530729 0.516667 0.540104 0.500000 0.540625 0.500000 0.566667 0.453704 0.566667 0.452778 0.568229 0.450000 0.568229 0.447222 0.566146 0.443519 0.558854 0.456481 0.558333 0.456481 0.542708 0.484259 0.542188 0.484259 0.541667 0.485185 0.541146 0.485185 0.540625 0.484259 0.540104 0.484259 0.536979 0.478704 0.536979 0.477778 0.535937 0.475926 0.535417 0.475926 0.532292 0.481481 0.531771 0.481481 0.531250 0.482407 0.530729 0.482407 0.530208 0.483333 0.529687 0.482407 0.529167 0.482407 0.528125 0.480556 0.527604 0.480556 0.508854 0.447222 0.511458 0.451852 0.511458 0.452778 0.514062 0.457407 0.514062 0.458333 0.516146 0.462037 0.516146 0.462963 0.518750 0.467593 0.518750 0.468519 0.521354 0.473148 0.521354 0.474074 0.522917 0.476852 0.522917 0.480556 0.521354 0.483333 0.519271 0.483333 0.518750 0.482407 0.518229 0.482407 0.514062 0.475000 0.513542 0.475000 0.497917 0.447222 0.497396 0.447222 0.493229 0.439815 0.492708 0.439815 0.490625 0.436111 0.490104 0.436111 0.489063 0.434259 0.488542 0.434259 0.487500 0.432407 0.486458 0.432407 0.485938 0.431481
0 0.616927 0.474537 0.091146 0.087963 0.576042 0.430556 0.575521 0.431481 0.575000 0.431481 0.574479 0.432407 0.573958 0.432407 0.572917 0.434259 0.572396 0.434259 0.571354 0.436111 0.572396 0.437963 0.572917 0.437963 0.574479 0.440741 0.575000 0.440741 0.605208 0.494444 0.605729 0.494444 0.607812 0.498148 0.608333 0.498148 0.610417 0.501852 0.610938 0.501852 0.613021 0.505556 0.613542 0.505556 0.615625 0.509259 0.616146 0.509259 0.618229 0.512963 0.618750 0.512963 0.620833 0.516667 0.621354 0.516667 0.622396 0.518519 0.623958 0.518519 0.624479 0.517593 0.625000 0.517593 0.640104 0.490741 0.640625 0.490741 0.661458 0.453704 0.661458 0.452778 0.662500 0.450926 0.662500 0.449074 0.661979 0.448148 0.661979 0.447222 0.661458 0.446296 0.660937 0.446296 0.660417 0.445370 0.659896 0.445370 0.658854 0.443519 0.658333 0.443519 0.657813 0.442593 0.657292 0.442593 0.656771 0.441667 0.656250 0.441667 0.655208 0.443519 0.654687 0.443519 0.651563 0.449074 0.651042 0.449074 0.644271 0.461111 0.643750 0.461111 0.628125 0.488889 0.627604 0.488889 0.627083 0.489815 0.626042 0.489815 0.625521 0.488889 0.625000 0.488889 0.623958 0.487037 0.623437 0.487037 0.621875 0.484259 0.621354 0.484259 0.619792 0.481481 0.619271 0.481481 0.618229 0.479630 0.617708 0.479630 0.616146 0.476852 0.616146 0.478704 0.615625 0.479630 0.615625 0.480556 0.615104 0.481481 0.614583 0.481481 0.614062 0.482407 0.612500 0.482407 0.611458 0.480556 0.610938 0.480556 0.609375 0.477778 0.608854 0.477778 0.607292 0.475000 0.606771 0.475000 0.605208 0.472222 0.604688 0.472222 0.603646 0.470370 0.603125 0.470370 0.601562 0.467593 0.601042 0.467593 0.590625 0.449074 0.590104 0.449074 0.588542 0.446296 0.588021 0.446296 0.586458 0.443519 0.585938 0.443519 0.584375 0.440741 0.583854 0.440741 0.582812 0.438889 0.582292 0.438889 0.580729 0.436111 0.580208 0.436111 0.578646 0.433333 0.578125 0.433333 0.576562 0.430556
0 0.700000 0.483333 0.085417 0.083333 0.661979 0.446296 0.662500 0.447222 0.662500 0.448148 0.663021 0.449074 0.663021 0.450926 0.662500 0.451852 0.663021 0.452778 0.663542 0.452778 0.664062 0.453704 0.664583 0.453704 0.665104 0.454630 0.665625 0.454630 0.666146 0.455556 0.666667 0.455556 0.676042 0.472222 0.676042 0.473148 0.686979 0.492593 0.686979 0.493519 0.697917 0.512963 0.697917 0.513889 0.701042 0.519444 0.701042 0.520370 0.701562 0.521296 0.701562 0.522222 0.702083 0.522222 0.703125 0.524074 0.703646 0.524074 0.704167 0.525000 0.705729 0.525000 0.706771 0.523148 0.707292 0.523148 0.721354 0.498148 0.721875 0.498148 0.742188 0.462037 0.742188 0.461111 0.742708 0.460185 0.742708 0.457407 0.742188 0.456481 0.742188 0.455556 0.741667 0.455556 0.741146 0.454630 0.740104 0.454630 0.716146 0.497222 0.715625 0.497222 0.713542 0.500926 0.711458 0.500926 0.710938 0.500000 0.710417 0.500000 0.709896 0.499074 0.709375 0.499074 0.708854 0.498148 0.708333 0.498148 0.707812 0.497222 0.707292 0.497222 0.706250 0.495370 0.705729 0.495370 0.705208 0.494444 0.704688 0.494444 0.704167 0.493519 0.703646 0.493519 0.703125 0.492593 0.702604 0.492593 0.701562 0.490741 0.701042 0.490741 0.700521 0.489815 0.700000 0.489815 0.699479 0.488889 0.698958 0.488889 0.698438 0.487963 0.697917 0.487963 0.697396 0.487037 0.695312 0.487037 0.694792 0.486111 0.694271 0.486111 0.693750 0.485185 0.693229 0.485185 0.692187 0.483333 0.691667 0.483333 0.691146 0.482407 0.690625 0.482407 0.690104 0.481481 0.689583 0.481481 0.689063 0.480556 0.688542 0.480556 0.687500 0.478704 0.686979 0.478704 0.686458 0.477778 0.685937 0.477778 0.685417 0.476852 0.684896 0.476852 0.673958 0.457407 0.673438 0.457407 0.672917 0.456481 0.672396 0.456481 0.671875 0.455556 0.671354 0.455556 0.670833 0.454630 0.670312 0.454630 0.669792 0.453704 0.669271 0.453704 0.668750 0.452778 0.668229 0.452778 0.667708 0.451852 0.667188 0.451852 0.666146 0.450000 0.665625 0.450000 0.665104 0.449074 0.664583 0.449074 0.664062 0.448148 0.663542 0.448148 0.663021 0.447222 0.662500 0.447222
0 0.312500 0.443981 0.080208 0.093519 0.311458 0.397222 0.306771 0.405556 0.306771 0.406481 0.305729 0.408333 0.305729 0.409259 0.304167 0.412037 0.304167 0.412963 0.303125 0.414815 0.303125 0.415741 0.302083 0.417593 0.302083 0.418519 0.301042 0.420370 0.301042 0.421296 0.300000 0.423148 0.300000 0.424074 0.298958 0.425926 0.298958 0.426852 0.297917 0.428704 0.297917 0.429630 0.296875 0.431481 0.296875 0.432407 0.295833 0.434259 0.295833 0.435185 0.294792 0.437037 0.294792 0.437963 0.293229 0.440741 0.293229 0.441667 0.280208 0.464815 0.280208 0.465741 0.278646 0.468519 0.278646 0.469444 0.277604 0.471296 0.277604 0.472222 0.276042 0.475000 0.276042 0.475926 0.275000 0.477778 0.275000 0.478704 0.273958 0.480556 0.273958 0.481481 0.272917 0.483333 0.272917 0.484259 0.272396 0.485185 0.272396 0.487037 0.272917 0.487963 0.272917 0.488889 0.273438 0.489815 0.273958 0.489815 0.274479 0.490741 0.275521 0.490741 0.276042 0.489815 0.276562 0.489815 0.296875 0.453704 0.297396 0.453704 0.302083 0.445370 0.302604 0.445370 0.304688 0.441667 0.305208 0.441667 0.306771 0.438889 0.307292 0.438889 0.308333 0.437037 0.309375 0.437037 0.309896 0.436111 0.310937 0.436111 0.311458 0.435185 0.312500 0.435185 0.313021 0.436111 0.314583 0.436111 0.315104 0.437037 0.315625 0.437037 0.316146 0.437963 0.316667 0.437963 0.317708 0.439815 0.318229 0.439815 0.319271 0.441667 0.319792 0.441667 0.321875 0.445370 0.322396 0.445370 0.325000 0.450000 0.325521 0.450000 0.329167 0.456481 0.329688 0.456481 0.335417 0.466667 0.335938 0.466667 0.343750 0.480556 0.344271 0.480556 0.347917 0.487037 0.348438 0.487037 0.348958 0.487963 0.350000 0.487963 0.350521 0.488889 0.351042 0.487963 0.351562 0.487963 0.352604 0.486111 0.352604 0.485185 0.348958 0.478704 0.348438 0.478704 0.339583 0.462963 0.339062 0.462963 0.330208 0.447222 0.329688 0.447222 0.320312 0.430556 0.319792 0.430556 0.313542 0.419444 0.313542 0.418519 0.313021 0.417593 0.313021 0.413889 0.314063 0.412037 0.314063 0.411111 0.314583 0.410185 0.314583 0.409259 0.315625 0.407407 0.315625 0.406481 0.316667 0.404630 0.316667 0.403704 0.317188 0.402778 0.317188 0.401852 0.317708 0.400926 0.317188 0.400926 0.316146 0.399074 0.315625 0.399074 0.315104 0.398148 0.314063 0.398148 0.313542 0.397222
0 0.398438 0.444907 0.079167 0.095370 0.397917 0.397222 0.397396 0.398148 0.395833 0.398148 0.395313 0.399074 0.395313 0.409259 0.395833 0.410185 0.395833 0.415741 0.395313 0.416667 0.395313 0.417593 0.393750 0.420370 0.393750 0.421296 0.359375 0.482407 0.359375 0.483333 0.358854 0.484259 0.358854 0.490741 0.359375 0.491667 0.359896 0.491667 0.360417 0.492593 0.361979 0.492593 0.363021 0.490741 0.363542 0.490741 0.381771 0.458333 0.382292 0.458333 0.387500 0.449074 0.388021 0.449074 0.390625 0.444444 0.391146 0.444444 0.392708 0.441667 0.393229 0.441667 0.394271 0.439815 0.394792 0.439815 0.395313 0.438889 0.396354 0.438889 0.396875 0.437963 0.400000 0.437963 0.400521 0.438889 0.401562 0.438889 0.402604 0.440741 0.403125 0.440741 0.403646 0.441667 0.404167 0.441667 0.405729 0.444444 0.406250 0.444444 0.408854 0.449074 0.409375 0.449074 0.413021 0.455556 0.413542 0.455556 0.421875 0.470370 0.422396 0.470370 0.432812 0.488889 0.433333 0.488889 0.434375 0.490741 0.436979 0.490741 0.437500 0.489815 0.437500 0.488889 0.438021 0.487963 0.438021 0.486111 0.437500 0.485185 0.437500 0.482407 0.436979 0.481481 0.436979 0.479630 0.436458 0.478704 0.436458 0.475926 0.435937 0.475000 0.435937 0.473148 0.435417 0.472222 0.434896 0.472222 0.420833 0.447222 0.420312 0.447222 0.404167 0.418519 0.403646 0.418519 0.401042 0.413889 0.401042 0.412963 0.398958 0.409259 0.398958 0.406481 0.398438 0.405556 0.398438 0.397222
0 0.482552 0.439352 0.079687 0.091667 0.481250 0.393519 0.480729 0.394444 0.480208 0.394444 0.479687 0.395370 0.479167 0.395370 0.478125 0.397222 0.477604 0.397222 0.476042 0.400000 0.477083 0.401852 0.477083 0.402778 0.478125 0.404630 0.478125 0.407407 0.477604 0.408333 0.477604 0.409259 0.442708 0.471296 0.442708 0.472222 0.443229 0.473148 0.443229 0.475000 0.443750 0.475926 0.443750 0.477778 0.444271 0.478704 0.444271 0.480556 0.444792 0.481481 0.444792 0.482407 0.446354 0.485185 0.447917 0.485185 0.459896 0.463889 0.460417 0.463889 0.471354 0.444444 0.471875 0.444444 0.475000 0.438889 0.475521 0.438889 0.477604 0.435185 0.478125 0.435185 0.479167 0.433333 0.479687 0.433333 0.480729 0.431481 0.481771 0.431481 0.482292 0.430556 0.485938 0.430556 0.486458 0.431481 0.487500 0.431481 0.488542 0.433333 0.489063 0.433333 0.490104 0.435185 0.490625 0.435185 0.492708 0.438889 0.493229 0.438889 0.497396 0.446296 0.497917 0.446296 0.513542 0.474074 0.514062 0.474074 0.518229 0.481481 0.518750 0.481481 0.519271 0.482407 0.521354 0.482407 0.522396 0.480556 0.522396 0.476852 0.520833 0.474074 0.520833 0.473148 0.518229 0.468519 0.518229 0.467593 0.515625 0.462963 0.515625 0.462037 0.513542 0.458333 0.513542 0.457407 0.510938 0.452778 0.510938 0.451852 0.508333 0.447222 0.508333 0.446296 0.491146 0.415741 0.491146 0.414815 0.489063 0.411111 0.489063 0.410185 0.486979 0.406481 0.486979 0.405556 0.484896 0.401852 0.484896 0.400926 0.482812 0.397222 0.482812 0.396296
0 0.575781 0.441667 0.079687 0.085185 0.569792 0.399074 0.566146 0.405556 0.566667 0.405556 0.567708 0.407407 0.568229 0.407407 0.569792 0.410185 0.569792 0.413889 0.569271 0.414815 0.569271 0.415741 0.535937 0.475000 0.537500 0.477778 0.537500 0.478704 0.540104 0.483333 0.540625 0.483333 0.541146 0.484259 0.541667 0.484259 0.542188 0.483333 0.542708 0.483333 0.558333 0.455556 0.558854 0.455556 0.566146 0.442593 0.566667 0.442593 0.569792 0.437037 0.570312 0.437037 0.572396 0.433333 0.572917 0.433333 0.573958 0.431481 0.574479 0.431481 0.575000 0.430556 0.575521 0.430556 0.576042 0.429630 0.576562 0.429630 0.578125 0.432407 0.578646 0.432407 0.580208 0.435185 0.580729 0.435185 0.582292 0.437963 0.582812 0.437963 0.583854 0.439815 0.584375 0.439815 0.585938 0.442593 0.586458 0.442593 0.588021 0.445370 0.588542 0.445370 0.590104 0.448148 0.590625 0.448148 0.601042 0.466667 0.601562 0.466667 0.603125 0.469444 0.603646 0.469444 0.604688 0.471296 0.605208 0.471296 0.606771 0.474074 0.607292 0.474074 0.608854 0.476852 0.609375 0.476852 0.610938 0.479630 0.611458 0.479630 0.612500 0.481481 0.614062 0.481481 0.614583 0.480556 0.615104 0.480556 0.615104 0.479630 0.615625 0.478704 0.615625 0.475926 0.614583 0.474074 0.614583 0.473148 0.602604 0.451852 0.602604 0.450926 0.579688 0.410185 0.579167 0.410185 0.578125 0.408333 0.577604 0.408333 0.576562 0.406481 0.576042 0.406481 0.575000 0.404630 0.574479 0.404630 0.573438 0.402778 0.572917 0.402778 0.571875 0.400926 0.571354 0.400926 0.570312 0.399074
0 0.655990 0.451389 0.084896 0.075000 0.660417 0.413889 0.658854 0.416667 0.658854 0.417593 0.652604 0.428704 0.652083 0.428704 0.623958 0.478704 0.623437 0.478704 0.622917 0.479630 0.622396 0.479630 0.621875 0.480556 0.621354 0.480556 0.620313 0.478704 0.619792 0.478704 0.618750 0.476852 0.618229 0.476852 0.617188 0.475000 0.616667 0.475000 0.615104 0.472222 0.614583 0.472222 0.613542 0.470370 0.615104 0.473148 0.615104 0.474074 0.617708 0.478704 0.618229 0.478704 0.619271 0.480556 0.619792 0.480556 0.621354 0.483333 0.621875 0.483333 0.623437 0.486111 0.623958 0.486111 0.625000 0.487963 0.625521 0.487963 0.626042 0.488889 0.627083 0.488889 0.627604 0.487963 0.628125 0.487963 0.643750 0.460185 0.644271 0.460185 0.651042 0.448148 0.651563 0.448148 0.654687 0.442593 0.655208 0.442593 0.656250 0.440741 0.657292 0.440741 0.657813 0.441667 0.658333 0.441667 0.659375 0.443519 0.659896 0.443519 0.660417 0.444444 0.660937 0.444444 0.661458 0.445370 0.661979 0.445370 0.662500 0.446296 0.663021 0.446296 0.663542 0.447222 0.664062 0.447222 0.664583 0.448148 0.665104 0.448148 0.665625 0.449074 0.666146 0.449074 0.667188 0.450926 0.667708 0.450926 0.668229 0.451852 0.668750 0.451852 0.669271 0.452778 0.669792 0.452778 0.670312 0.453704 0.670833 0.453704 0.671354 0.454630 0.671875 0.454630 0.672396 0.455556 0.672917 0.455556 0.673438 0.456481 0.673958 0.456481 0.684896 0.475926 0.685417 0.475926 0.685937 0.476852 0.686458 0.476852 0.686979 0.477778 0.687500 0.477778 0.688542 0.479630 0.689063 0.479630 0.689583 0.480556 0.690104 0.480556 0.690625 0.481481 0.691146 0.481481 0.691667 0.482407 0.692187 0.482407 0.693229 0.484259 0.693750 0.484259 0.694271 0.485185 0.694792 0.485185 0.695312 0.486111 0.697396 0.486111 0.698438 0.484259 0.698438 0.480556 0.697396 0.478704 0.697396 0.477778 0.690625 0.465741 0.690625 0.464815 0.680729 0.447222 0.680729 0.446296 0.671354 0.429630 0.671354 0.428704 0.665104 0.417593 0.664583 0.417593 0.663542 0.415741 0.662500 0.415741 0.661979 0.414815 0.661458 0.414815 0.660937 0.413889
0 0.354427 0.442593 0.081771 0.087037 0.394792 0.399074 0.394271 0.400000 0.393750 0.400000 0.392708 0.401852 0.392188 0.401852 0.390625 0.404630 0.390104 0.404630 0.386979 0.410185 0.386458 0.410185 0.379167 0.423148 0.378646 0.423148 0.362500 0.451852 0.361979 0.451852 0.361458 0.452778 0.360938 0.452778 0.360417 0.451852 0.359896 0.451852 0.358854 0.450000 0.358854 0.449074 0.358333 0.448148 0.358333 0.444444 0.358854 0.443519 0.358854 0.440741 0.359375 0.439815 0.358854 0.439815 0.356771 0.443519 0.354687 0.443519 0.354167 0.442593 0.353646 0.442593 0.353125 0.443519 0.353125 0.445370 0.352604 0.446296 0.352604 0.447222 0.351042 0.450000 0.348958 0.450000 0.347917 0.448148 0.347396 0.448148 0.344271 0.442593 0.343750 0.442593 0.335417 0.427778 0.334896 0.427778 0.329167 0.417593 0.328646 0.417593 0.325000 0.411111 0.324479 0.411111 0.321875 0.406481 0.321354 0.406481 0.319271 0.402778 0.318750 0.402778 0.318229 0.401852 0.317708 0.401852 0.317708 0.402778 0.317188 0.403704 0.317188 0.404630 0.316146 0.406481 0.316146 0.407407 0.315104 0.409259 0.315104 0.410185 0.314583 0.411111 0.314583 0.412037 0.313542 0.413889 0.313542 0.417593 0.314063 0.418519 0.314063 0.419444 0.319792 0.429630 0.320312 0.429630 0.329688 0.446296 0.330208 0.446296 0.339062 0.462037 0.339583 0.462037 0.348438 0.477778 0.348958 0.477778 0.353125 0.485185 0.353646 0.485185 0.354167 0.486111 0.356250 0.486111 0.357812 0.483333 0.358333 0.483333 0.393229 0.421296 0.393229 0.420370 0.394792 0.417593 0.394792 0.416667 0.395313 0.415741 0.395313 0.410185 0.394792 0.409259
0 0.438281 0.436574 0.078646 0.076852 0.398958 0.398148 0.398958 0.405556 0.399479 0.406481 0.399479 0.409259 0.401562 0.412963 0.401562 0.413889 0.403646 0.417593 0.404167 0.417593 0.420312 0.446296 0.420833 0.446296 0.434896 0.471296 0.435417 0.471296 0.437500 0.475000 0.439583 0.475000 0.440104 0.474074 0.440625 0.474074 0.477083 0.409259 0.477083 0.408333 0.477604 0.407407 0.477604 0.404630 0.476562 0.402778 0.476562 0.401852 0.476042 0.400926 0.475000 0.400926 0.471875 0.406481 0.471354 0.406481 0.459896 0.426852 0.459375 0.426852 0.447917 0.447222 0.447396 0.447222 0.446875 0.448148 0.446354 0.448148 0.443750 0.443519 0.443750 0.441667 0.443229 0.440741 0.443229 0.439815 0.442708 0.438889 0.442708 0.437037 0.442188 0.436111 0.440625 0.438889 0.440104 0.438889 0.439583 0.439815 0.438542 0.439815 0.438021 0.438889 0.437500 0.438889 0.436458 0.437037 0.436458 0.437963 0.436979 0.438889 0.436979 0.440741 0.437500 0.441667 0.437500 0.443519 0.438021 0.444444 0.438021 0.446296 0.437500 0.447222 0.437500 0.448148 0.436458 0.450000 0.435937 0.450000 0.435417 0.450926 0.434896 0.450926 0.434375 0.450000 0.433854 0.450000 0.433333 0.449074 0.432812 0.449074 0.425521 0.436111 0.425000 0.436111 0.414583 0.417593 0.414062 0.417593 0.409375 0.409259 0.408854 0.409259 0.406250 0.404630 0.405729 0.404630 0.404167 0.401852 0.403646 0.401852 0.402604 0.400000 0.402083 0.400000 0.401562 0.399074 0.401042 0.399074 0.400521 0.398148
0 0.525521 0.437500 0.087500 0.089815 0.482292 0.392593 0.481771 0.393519 0.483333 0.396296 0.483333 0.397222 0.485417 0.400926 0.485417 0.401852 0.487500 0.405556 0.487500 0.406481 0.489583 0.410185 0.489583 0.411111 0.491667 0.414815 0.491667 0.415741 0.527604 0.479630 0.528125 0.479630 0.529167 0.481481 0.529687 0.481481 0.530208 0.482407 0.530729 0.481481 0.531250 0.481481 0.531771 0.480556 0.532292 0.480556 0.568750 0.415741 0.568750 0.414815 0.569271 0.413889 0.569271 0.410185 0.568229 0.408333 0.567708 0.408333 0.566667 0.406481 0.566146 0.406481 0.565625 0.405556 0.557813 0.419444 0.557292 0.419444 0.542188 0.446296 0.540104 0.446296 0.537500 0.441667 0.535417 0.445370 0.534896 0.445370 0.533333 0.448148 0.531250 0.448148 0.530729 0.447222 0.530208 0.447222 0.506771 0.405556 0.506250 0.406481 0.506250 0.407407 0.508854 0.412037 0.508854 0.412963 0.519271 0.431481 0.519271 0.432407 0.522396 0.437963 0.522396 0.438889 0.522917 0.439815 0.522917 0.442593 0.521354 0.445370 0.519271 0.445370 0.518750 0.444444 0.518229 0.444444 0.516146 0.440741 0.515625 0.440741 0.497396 0.408333 0.496875 0.408333 0.492708 0.400926 0.492188 0.400926 0.490104 0.397222 0.489583 0.397222 0.488542 0.395370 0.488021 0.395370 0.487500 0.394444 0.486979 0.394444 0.486458 0.393519 0.485938 0.393519 0.485417 0.392593
0 0.615885 0.436574 0.090104 0.086111 0.574479 0.393519 0.573958 0.394444 0.573438 0.394444 0.572396 0.396296 0.571875 0.396296 0.570833 0.398148 0.570833 0.399074 0.571354 0.400000 0.571875 0.400000 0.572917 0.401852 0.573438 0.401852 0.574479 0.403704 0.575000 0.403704 0.576042 0.405556 0.576562 0.405556 0.577604 0.407407 0.578125 0.407407 0.579167 0.409259 0.579688 0.409259 0.603125 0.450926 0.603125 0.451852 0.613021 0.469444 0.613542 0.469444 0.614583 0.471296 0.615104 0.471296 0.616667 0.474074 0.617188 0.474074 0.618229 0.475926 0.618750 0.475926 0.619792 0.477778 0.620313 0.477778 0.621354 0.479630 0.621875 0.479630 0.622396 0.478704 0.622917 0.478704 0.623437 0.477778 0.623958 0.477778 0.652083 0.427778 0.652604 0.427778 0.658333 0.417593 0.658333 0.416667 0.660417 0.412963 0.660417 0.412037 0.660937 0.411111 0.660937 0.410185 0.660417 0.409259 0.660417 0.408333 0.659375 0.406481 0.658854 0.406481 0.658333 0.405556 0.657292 0.405556 0.656771 0.404630 0.656250 0.404630 0.655729 0.403704 0.655208 0.403704 0.654687 0.402778 0.653646 0.402778 0.651042 0.407407 0.650521 0.407407 0.645833 0.415741 0.645312 0.415741 0.627604 0.447222 0.627083 0.447222 0.625521 0.450000 0.623437 0.450000 0.622396 0.448148 0.621875 0.448148 0.620833 0.446296 0.620313 0.446296 0.619792 0.445370 0.619271 0.445370 0.618229 0.443519 0.617708 0.443519 0.616667 0.441667 0.616146 0.441667 0.615625 0.440741 0.615625 0.441667 0.614062 0.444444 0.612500 0.444444 0.611979 0.443519 0.611458 0.443519 0.610417 0.441667 0.609896 0.441667 0.608854 0.439815 0.608333 0.439815 0.607812 0.438889 0.607292 0.438889 0.606250 0.437037 0.605729 0.437037 0.604688 0.435185 0.604167 0.435185 0.603125 0.433333 0.602604 0.433333 0.589063 0.409259 0.588542 0.409259 0.587500 0.407407 0.586979 0.407407 0.585938 0.405556 0.585417 0.405556 0.584896 0.404630 0.584375 0.404630 0.583333 0.402778 0.582812 0.402778 0.581771 0.400926 0.581250 0.400926 0.580729 0.400000 0.580208 0.400000 0.579167 0.398148 0.578646 0.398148 0.577604 0.396296 0.577083 0.396296 0.576562 0.395370 0.576042 0.395370 0.575000 0.393519
0 0.708594 0.441667 0.083854 0.116667 0.679167 0.383333 0.676562 0.387963 0.676042 0.387963 0.672396 0.394444 0.672396 0.395370 0.677083 0.403704 0.677083 0.404630 0.685937 0.420370 0.685937 0.421296 0.693750 0.435185 0.693750 0.436111 0.696354 0.440741 0.696354 0.442593 0.696875 0.443519 0.696354 0.444444 0.696354 0.445370 0.694792 0.448148 0.693229 0.448148 0.692708 0.447222 0.692187 0.447222 0.691667 0.446296 0.691146 0.446296 0.690625 0.445370 0.690104 0.445370 0.689583 0.444444 0.689063 0.444444 0.688542 0.443519 0.688021 0.443519 0.681771 0.432407 0.681250 0.432407 0.680729 0.431481 0.680208 0.431481 0.679688 0.430556 0.679167 0.430556 0.678646 0.429630 0.678125 0.429630 0.677604 0.428704 0.677083 0.428704 0.676562 0.427778 0.676042 0.427778 0.675521 0.426852 0.674479 0.426852 0.673958 0.425926 0.673438 0.425926 0.672917 0.425000 0.672396 0.425000 0.671875 0.424074 0.671354 0.424074 0.670833 0.423148 0.670312 0.423148 0.669792 0.422222 0.669271 0.422222 0.668750 0.421296 0.668229 0.421296 0.667708 0.420370 0.667188 0.420370 0.666667 0.419444 0.671875 0.428704 0.671875 0.429630 0.681250 0.446296 0.681250 0.447222 0.691146 0.464815 0.691146 0.465741 0.697917 0.477778 0.697917 0.478704 0.698958 0.480556 0.698958 0.484259 0.697917 0.486111 0.697917 0.487037 0.698438 0.487037 0.698958 0.487963 0.699479 0.487963 0.700000 0.488889 0.700521 0.488889 0.701042 0.489815 0.701562 0.489815 0.702604 0.491667 0.703125 0.491667 0.703646 0.492593 0.704167 0.492593 0.704688 0.493519 0.705208 0.493519 0.705729 0.494444 0.706250 0.494444 0.707292 0.496296 0.707812 0.496296 0.708333 0.497222 0.708854 0.497222 0.709375 0.498148 0.709896 0.498148 0.710417 0.499074 0.710938 0.499074 0.711458 0.500000 0.713542 0.500000 0.715625 0.496296 0.716146 0.496296 0.740104 0.453704 0.740625 0.453704 0.749479 0.437963 0.749479 0.437037 0.750521 0.435185 0.750521 0.431481 0.749479 0.429630 0.748958 0.429630 0.748437 0.428704 0.747396 0.428704 0.746875 0.427778 0.746354 0.427778 0.745833 0.426852 0.744792 0.426852 0.744271 0.425926 0.743229 0.425926 0.742708 0.425000 0.742188 0.425000 0.741667 0.424074 0.740625 0.424074 0.740104 0.423148 0.739583 0.423148 0.739062 0.422222 0.738021 0.422222 0.737500 0.421296 0.736458 0.421296 0.735938 0.420370 0.735417 0.420370 0.734896 0.419444 0.733854 0.419444 0.733333 0.418519 0.732292 0.418519 0.731771 0.417593 0.731250 0.417593 0.730729 0.416667 0.729688 0.416667 0.729167 0.415741 0.728125 0.415741 0.727604 0.414815 0.727083 0.414815 0.726562 0.413889 0.725521 0.413889 0.725000 0.412963 0.723958 0.412963 0.723437 0.412037 0.722917 0.412037 0.722396 0.411111 0.721354 0.411111 0.720833 0.410185 0.720313 0.410185 0.719792 0.409259 0.718750 0.409259 0.718229 0.408333 0.717187 0.408333 0.716667 0.407407 0.716146 0.407407 0.715625 0.406481 0.714583 0.406481 0.714063 0.405556 0.713021 0.405556 0.712500 0.404630 0.711979 0.404630 0.711458 0.403704 0.710417 0.403704 0.709896 0.402778 0.708854 0.402778 0.708333 0.401852 0.707812 0.401852 0.707292 0.400926 0.706250 0.400926 0.705729 0.400000 0.705208 0.400000 0.704688 0.399074 0.703646 0.399074 0.703125 0.398148 0.702083 0.398148 0.701562 0.397222 0.701042 0.397222 0.700521 0.396296 0.699479 0.396296 0.698958 0.395370 0.697917 0.395370 0.697396 0.394444 0.696875 0.394444 0.696354 0.393519 0.695312 0.393519 0.694792 0.392593 0.693750 0.392593 0.693229 0.391667 0.692708 0.391667 0.692187 0.390741 0.691146 0.390741 0.690625 0.389815 0.689583 0.389815 0.689063 0.388889 0.688542 0.388889 0.688021 0.387963 0.686979 0.387963 0.686458 0.387037 0.685937 0.387037 0.685417 0.386111 0.684375 0.386111 0.683854 0.385185 0.682813 0.385185 0.682292 0.384259 0.681771 0.384259 0.681250 0.383333
0 0.312760 0.395370 0.080729 0.112963 0.326562 0.338889 0.326042 0.339815 0.325521 0.339815 0.306771 0.373148 0.306771 0.374074 0.295833 0.393519 0.295833 0.394444 0.293229 0.399074 0.293229 0.400000 0.291146 0.403704 0.291146 0.404630 0.289062 0.408333 0.289062 0.409259 0.286458 0.413889 0.286458 0.414815 0.284375 0.418519 0.284375 0.419444 0.281771 0.424074 0.281771 0.425000 0.279687 0.428704 0.279687 0.429630 0.277604 0.433333 0.277604 0.434259 0.275000 0.438889 0.275000 0.439815 0.272917 0.443519 0.272917 0.444444 0.272396 0.445370 0.272396 0.448148 0.273958 0.450926 0.274479 0.450926 0.275000 0.451852 0.275521 0.450926 0.276042 0.450926 0.294792 0.417593 0.295312 0.417593 0.301563 0.406481 0.302083 0.406481 0.304688 0.401852 0.305208 0.401852 0.306250 0.400000 0.306771 0.400000 0.307812 0.398148 0.308333 0.398148 0.308854 0.397222 0.309375 0.397222 0.309896 0.396296 0.313542 0.396296 0.314063 0.397222 0.315104 0.397222 0.315625 0.398148 0.316146 0.398148 0.317188 0.400000 0.317708 0.400000 0.318750 0.401852 0.319271 0.401852 0.321354 0.405556 0.321875 0.405556 0.324479 0.410185 0.325000 0.410185 0.328646 0.416667 0.329167 0.416667 0.334896 0.426852 0.335417 0.426852 0.343750 0.441667 0.344271 0.441667 0.347396 0.447222 0.347917 0.447222 0.348958 0.449074 0.351042 0.449074 0.352083 0.447222 0.352083 0.446296 0.352604 0.445370 0.352604 0.443519 0.353125 0.442593 0.353125 0.441667 0.350000 0.436111 0.349479 0.436111 0.340104 0.419444 0.339583 0.419444 0.330208 0.402778 0.329688 0.402778 0.319792 0.385185 0.319271 0.385185 0.315104 0.377778 0.315104 0.376852 0.314063 0.375000 0.314063 0.371296 0.315104 0.369444 0.315104 0.368519 0.316667 0.365741 0.316667 0.364815 0.318229 0.362037 0.318229 0.361111 0.320312 0.357407 0.320312 0.356481 0.321875 0.353704 0.321875 0.352778 0.323437 0.350000 0.323437 0.349074 0.325000 0.346296 0.325000 0.345370 0.327083 0.341667 0.327083 0.340741 0.327604 0.339815 0.327083 0.338889
0 0.398177 0.396296 0.078646 0.111111 0.395833 0.340741 0.394792 0.342593 0.394792 0.355556 0.395313 0.356481 0.395313 0.374074 0.394792 0.375000 0.394792 0.375926 0.370833 0.418519 0.370833 0.419444 0.359896 0.438889 0.359896 0.439815 0.359375 0.440741 0.359375 0.443519 0.358854 0.444444 0.358854 0.448148 0.359375 0.449074 0.359375 0.450000 0.359896 0.450926 0.360417 0.450926 0.360938 0.451852 0.361458 0.451852 0.361979 0.450926 0.362500 0.450926 0.378646 0.422222 0.379167 0.422222 0.386458 0.409259 0.386979 0.409259 0.390104 0.403704 0.390625 0.403704 0.392188 0.400926 0.392708 0.400926 0.393750 0.399074 0.394271 0.399074 0.394792 0.398148 0.395313 0.398148 0.395833 0.397222 0.397396 0.397222 0.397917 0.396296 0.398438 0.396296 0.398958 0.397222 0.400521 0.397222 0.401042 0.398148 0.401562 0.398148 0.402083 0.399074 0.402604 0.399074 0.403646 0.400926 0.404167 0.400926 0.405729 0.403704 0.406250 0.403704 0.408854 0.408333 0.409375 0.408333 0.414062 0.416667 0.414583 0.416667 0.425000 0.435185 0.425521 0.435185 0.432812 0.448148 0.433333 0.448148 0.433854 0.449074 0.434375 0.449074 0.434896 0.450000 0.435417 0.450000 0.435937 0.449074 0.436458 0.449074 0.436979 0.448148 0.436979 0.447222 0.437500 0.446296 0.437500 0.444444 0.436979 0.443519 0.436979 0.441667 0.436458 0.440741 0.436458 0.438889 0.435937 0.437963 0.435937 0.436111 0.435417 0.436111 0.419792 0.408333 0.419271 0.408333 0.398958 0.372222 0.398958 0.370370 0.398438 0.369444 0.398438 0.360185 0.397917 0.359259 0.397917 0.349074 0.397396 0.348148 0.397396 0.341667 0.396875 0.340741
0 0.482552 0.391667 0.079687 0.111111 0.465104 0.336111 0.464583 0.337037 0.464062 0.337037 0.464062 0.337963 0.465104 0.339815 0.465104 0.340741 0.469271 0.348148 0.469271 0.349074 0.473958 0.357407 0.473958 0.358333 0.478125 0.365741 0.478125 0.366667 0.478646 0.367593 0.478646 0.370370 0.478125 0.371296 0.478125 0.372222 0.442708 0.435185 0.442708 0.436111 0.443229 0.437037 0.443229 0.438889 0.443750 0.439815 0.443750 0.440741 0.444271 0.441667 0.444271 0.443519 0.446354 0.447222 0.446875 0.447222 0.447396 0.446296 0.447917 0.446296 0.459375 0.425926 0.459896 0.425926 0.471354 0.405556 0.471875 0.405556 0.475000 0.400000 0.475521 0.400000 0.477604 0.396296 0.478125 0.396296 0.479167 0.394444 0.479687 0.394444 0.480208 0.393519 0.480729 0.393519 0.481250 0.392593 0.481771 0.392593 0.482292 0.391667 0.485417 0.391667 0.485938 0.392593 0.486458 0.392593 0.486979 0.393519 0.487500 0.393519 0.488021 0.394444 0.488542 0.394444 0.489583 0.396296 0.490104 0.396296 0.492188 0.400000 0.492708 0.400000 0.496875 0.407407 0.497396 0.407407 0.515625 0.439815 0.516146 0.439815 0.518229 0.443519 0.518750 0.443519 0.519271 0.444444 0.521354 0.444444 0.522396 0.442593 0.522396 0.439815 0.521875 0.438889 0.521875 0.437963 0.518750 0.432407 0.518750 0.431481 0.508333 0.412963 0.508333 0.412037 0.497396 0.392593 0.497396 0.391667 0.467187 0.337963 0.466667 0.337963 0.465625 0.336111
0 0.576562 0.390278 0.078125 0.110185 0.540104 0.335185 0.539062 0.337037 0.538542 0.337037 0.537500 0.338889 0.538021 0.338889 0.538542 0.339815 0.539062 0.339815 0.540104 0.341667 0.540625 0.341667 0.541146 0.342593 0.541667 0.342593 0.542188 0.343519 0.542708 0.343519 0.543229 0.344444 0.543750 0.344444 0.544792 0.346296 0.545312 0.346296 0.545833 0.347222 0.546354 0.347222 0.546875 0.348148 0.547396 0.348148 0.548438 0.350000 0.548958 0.350000 0.549479 0.350926 0.550000 0.350926 0.550521 0.351852 0.551042 0.351852 0.552083 0.353704 0.552604 0.353704 0.553125 0.354630 0.553646 0.354630 0.554167 0.355556 0.554688 0.355556 0.555729 0.357407 0.556250 0.357407 0.556771 0.358333 0.557292 0.358333 0.557813 0.359259 0.558333 0.359259 0.558854 0.360185 0.559375 0.360185 0.560417 0.362037 0.560937 0.362037 0.561458 0.362963 0.561979 0.362963 0.562500 0.363889 0.563021 0.363889 0.564063 0.365741 0.564583 0.365741 0.565104 0.366667 0.565625 0.366667 0.566146 0.367593 0.566667 0.367593 0.567708 0.369444 0.568229 0.369444 0.568750 0.370370 0.569271 0.370370 0.569792 0.371296 0.570312 0.371296 0.572396 0.375000 0.572396 0.378704 0.571354 0.380556 0.571354 0.381481 0.538021 0.440741 0.538021 0.441667 0.540104 0.445370 0.542188 0.445370 0.557292 0.418519 0.557813 0.418519 0.565625 0.404630 0.566146 0.404630 0.569792 0.398148 0.570312 0.398148 0.571875 0.395370 0.572396 0.395370 0.573438 0.393519 0.573958 0.393519 0.574479 0.392593 0.575000 0.392593 0.576042 0.394444 0.576562 0.394444 0.577083 0.395370 0.577604 0.395370 0.578646 0.397222 0.579167 0.397222 0.580208 0.399074 0.580729 0.399074 0.581250 0.400000 0.581771 0.400000 0.582812 0.401852 0.583333 0.401852 0.584375 0.403704 0.584896 0.403704 0.585417 0.404630 0.585938 0.404630 0.586979 0.406481 0.587500 0.406481 0.588542 0.408333 0.589063 0.408333 0.602604 0.432407 0.603125 0.432407 0.604167 0.434259 0.604688 0.434259 0.605729 0.436111 0.606250 0.436111 0.607292 0.437963 0.607812 0.437963 0.608333 0.438889 0.608854 0.438889 0.609896 0.440741 0.610417 0.440741 0.611458 0.442593 0.611979 0.442593 0.612500 0.443519 0.614062 0.443519 0.615104 0.441667 0.615104 0.440741 0.615625 0.439815 0.615104 0.438889 0.615104 0.437037 0.613021 0.433333 0.613021 0.432407 0.598437 0.406481 0.598437 0.405556 0.579167 0.371296 0.578646 0.371296 0.578125 0.370370 0.577604 0.370370 0.577083 0.369444 0.576562 0.369444 0.576042 0.368519 0.575521 0.368519 0.575000 0.367593 0.574479 0.367593 0.573438 0.365741 0.572917 0.365741 0.572396 0.364815 0.571875 0.364815 0.571354 0.363889 0.570833 0.363889 0.570312 0.362963 0.569792 0.362963 0.569271 0.362037 0.568750 0.362037 0.567708 0.360185 0.567187 0.360185 0.566667 0.359259 0.566146 0.359259 0.565625 0.358333 0.565104 0.358333 0.564583 0.357407 0.564063 0.357407 0.563542 0.356481 0.563021 0.356481 0.561979 0.354630 0.561458 0.354630 0.560937 0.353704 0.560417 0.353704 0.559896 0.352778 0.559375 0.352778 0.558854 0.351852 0.558333 0.351852 0.557813 0.350926 0.557292 0.350926 0.556250 0.349074 0.555729 0.349074 0.555208 0.348148 0.554688 0.348148 0.554167 0.347222 0.553646 0.347222 0.553125 0.346296 0.552604 0.346296 0.552083 0.345370 0.551562 0.345370 0.550521 0.343519 0.550000 0.343519 0.549479 0.342593 0.548958 0.342593 0.548438 0.341667 0.547917 0.341667 0.547396 0.340741 0.546875 0.340741 0.546354 0.339815 0.545833 0.339815 0.544792 0.337963 0.544271 0.337963 0.543750 0.337037 0.543229 0.337037 0.542708 0.336111 0.542188 0.336111 0.541667 0.335185
0 0.655469 0.412963 0.081771 0.072222 0.660417 0.376852 0.625521 0.438889 0.625000 0.438889 0.622917 0.442593 0.620833 0.442593 0.619792 0.440741 0.619271 0.440741 0.618750 0.439815 0.618229 0.439815 0.617188 0.437963 0.616667 0.437963 0.615625 0.436111 0.615104 0.436111 0.614583 0.435185 0.615625 0.437037 0.615625 0.438889 0.616146 0.439815 0.616146 0.440741 0.616667 0.440741 0.617708 0.442593 0.618229 0.442593 0.619271 0.444444 0.619792 0.444444 0.620313 0.445370 0.620833 0.445370 0.621875 0.447222 0.622396 0.447222 0.623437 0.449074 0.625521 0.449074 0.627083 0.446296 0.627604 0.446296 0.645312 0.414815 0.645833 0.414815 0.650521 0.406481 0.651042 0.406481 0.653646 0.401852 0.654687 0.401852 0.655208 0.402778 0.655729 0.402778 0.656250 0.403704 0.656771 0.403704 0.657292 0.404630 0.658333 0.404630 0.658854 0.405556 0.659375 0.405556 0.660937 0.408333 0.660937 0.409259 0.661458 0.410185 0.661458 0.411111 0.660937 0.412037 0.660937 0.412963 0.661458 0.413889 0.661979 0.413889 0.662500 0.414815 0.663542 0.414815 0.664583 0.416667 0.665104 0.416667 0.666146 0.418519 0.666667 0.418519 0.667188 0.419444 0.667708 0.419444 0.668229 0.420370 0.668750 0.420370 0.669271 0.421296 0.669792 0.421296 0.670312 0.422222 0.670833 0.422222 0.671354 0.423148 0.671875 0.423148 0.672396 0.424074 0.672917 0.424074 0.673438 0.425000 0.673958 0.425000 0.674479 0.425926 0.675521 0.425926 0.676042 0.426852 0.676562 0.426852 0.677083 0.427778 0.677604 0.427778 0.678125 0.428704 0.678646 0.428704 0.679167 0.429630 0.679688 0.429630 0.680208 0.430556 0.680729 0.430556 0.681250 0.431481 0.681771 0.431481 0.688021 0.442593 0.688542 0.442593 0.689063 0.443519 0.689583 0.443519 0.690104 0.444444 0.690625 0.444444 0.691146 0.445370 0.691667 0.445370 0.692187 0.446296 0.692708 0.446296 0.693229 0.447222 0.694792 0.447222 0.695833 0.445370 0.695833 0.444444 0.696354 0.443519 0.695833 0.442593 0.695833 0.440741 0.693229 0.436111 0.693229 0.435185 0.685417 0.421296 0.685417 0.420370 0.676562 0.404630 0.676562 0.403704 0.668229 0.388889 0.668229 0.387963 0.663021 0.378704 0.662500 0.378704 0.661458 0.376852