0 0.271615 0.562963 0.081771 0.085185 0.310417 0.520370 0.309896 0.521296 0.309375 0.521296 0.308854 0.522222 0.308333 0.522222 0.307292 0.524074 0.306771 0.524074 0.305729 0.525926 0.305208 0.525926 0.303125 0.529630 0.302604 0.529630 0.299479 0.535185 0.298958 0.535185 0.288021 0.554630 0.287500 0.554630 0.275521 0.575926 0.273958 0.575926 0.271875 0.572222 0.271875 0.569444 0.272396 0.568519 0.272396 0.567593 0.272917 0.566667 0.272917 0.564815 0.273438 0.563889 0.273438 0.562037 0.273958 0.561111 0.273958 0.559259 0.274479 0.558333 0.274479 0.555556 0.266146 0.570370 0.263542 0.570370 0.261979 0.567593 0.261458 0.567593 0.257812 0.561111 0.257292 0.561111 0.252604 0.552778 0.252083 0.552778 0.247396 0.544444 0.246875 0.544444 0.242708 0.537037 0.242188 0.537037 0.237500 0.528704 0.236979 0.528704 0.234375 0.524074 0.233854 0.525000 0.233854 0.525926 0.233333 0.526852 0.233333 0.527778 0.232813 0.528704 0.232813 0.530556 0.232292 0.531481 0.232292 0.533333 0.231771 0.534259 0.231771 0.535185 0.231250 0.536111 0.231250 0.537963 0.230729 0.538889 0.230729 0.544444 0.231771 0.546296 0.232292 0.546296 0.234896 0.550926 0.234896 0.551852 0.235417 0.551852 0.239583 0.559259 0.240104 0.559259 0.243229 0.564815 0.243750 0.564815 0.247396 0.571296 0.247917 0.571296 0.251563 0.577778 0.252083 0.577778 0.255208 0.583333 0.255729 0.583333 0.259375 0.589815 0.259896 0.589815 0.263542 0.596296 0.264062 0.596296 0.267188 0.601852 0.267708 0.601852 0.269792 0.605556 0.276042 0.605556 0.276562 0.604630 0.277083 0.604630 0.284375 0.591667 0.284375 0.590741 0.304688 0.554630 0.304688 0.553704 0.311979 0.540741 0.311979 0.539815 0.312500 0.538889 0.312500 0.523148 0.311979 0.522222 0.311979 0.520370
0 0.264844 0.525000 0.084896 0.090741 0.307292 0.479630 0.305729 0.482407 0.305208 0.482407 0.303125 0.486111 0.302604 0.486111 0.297396 0.495370 0.296875 0.495370 0.277604 0.529630 0.277083 0.529630 0.276562 0.530556 0.276042 0.530556 0.275521 0.531481 0.275000 0.530556 0.274479 0.530556 0.272917 0.527778 0.272917 0.526852 0.272396 0.525926 0.272917 0.525000 0.272917 0.523148 0.273438 0.522222 0.260937 0.544444 0.260417 0.544444 0.259896 0.545370 0.258333 0.545370 0.257812 0.544444 0.257292 0.544444 0.256250 0.542593 0.255729 0.542593 0.252604 0.537037 0.252083 0.537037 0.247396 0.528704 0.246875 0.528704 0.242188 0.520370 0.241667 0.520370 0.237500 0.512963 0.236979 0.512963 0.232292 0.504630 0.231771 0.504630 0.227083 0.496296 0.226562 0.496296 0.225000 0.493519 0.224479 0.494444 0.224479 0.495370 0.223438 0.497222 0.223438 0.498148 0.222396 0.500000 0.222396 0.503704 0.222917 0.504630 0.222917 0.505556 0.226042 0.511111 0.226562 0.511111 0.231250 0.519444 0.231771 0.519444 0.236458 0.527778 0.236979 0.527778 0.241667 0.536111 0.242188 0.536111 0.246354 0.543519 0.246875 0.543519 0.251563 0.551852 0.252083 0.551852 0.256771 0.560185 0.257292 0.560185 0.260937 0.566667 0.261458 0.566667 0.263021 0.569444 0.263542 0.569444 0.264062 0.570370 0.265625 0.570370 0.266146 0.569444 0.266667 0.569444 0.303646 0.503704 0.303646 0.502778 0.304688 0.500926 0.304688 0.497222 0.305208 0.496296 0.305208 0.493519 0.305729 0.492593 0.305729 0.489815 0.306250 0.488889 0.306250 0.485185 0.306771 0.484259 0.306771 0.481481 0.307292 0.480556
0 0.259635 0.495833 0.088021 0.097222 0.303646 0.447222 0.303125 0.448148 0.302604 0.448148 0.297917 0.456481 0.297396 0.456481 0.276562 0.493519 0.276042 0.493519 0.275521 0.494444 0.273958 0.494444 0.273438 0.493519 0.272917 0.493519 0.272396 0.492593 0.272396 0.491667 0.271875 0.490741 0.271875 0.487037 0.272396 0.486111 0.272396 0.485185 0.272917 0.484259 0.272917 0.482407 0.273438 0.481481 0.273438 0.480556 0.273958 0.479630 0.255729 0.512037 0.253125 0.512037 0.252604 0.511111 0.252083 0.511111 0.249479 0.506481 0.248958 0.506481 0.244792 0.499074 0.244271 0.499074 0.239583 0.490741 0.239063 0.490741 0.234896 0.483333 0.234375 0.483333 0.229687 0.475000 0.229167 0.475000 0.225000 0.467593 0.224479 0.467593 0.220833 0.461111 0.220833 0.462037 0.218750 0.465741 0.218750 0.466667 0.216146 0.471296 0.216146 0.472222 0.215625 0.473148 0.215625 0.476852 0.221875 0.487963 0.222396 0.487963 0.226562 0.495370 0.227083 0.495370 0.231771 0.503704 0.232292 0.503704 0.236979 0.512037 0.237500 0.512037 0.241667 0.519444 0.242188 0.519444 0.246875 0.527778 0.247396 0.527778 0.252083 0.536111 0.252604 0.536111 0.255729 0.541667 0.256250 0.541667 0.257292 0.543519 0.257812 0.543519 0.258333 0.544444 0.259896 0.544444 0.260417 0.543519 0.260937 0.543519 0.298438 0.476852 0.298438 0.475926 0.299479 0.474074 0.299479 0.472222 0.300000 0.471296 0.300000 0.468519 0.300521 0.467593 0.300521 0.465741 0.301042 0.464815 0.301042 0.462037 0.301563 0.461111 0.301563 0.458333 0.302083 0.457407 0.302083 0.455556 0.302604 0.454630 0.302604 0.451852 0.303125 0.450926 0.303125 0.449074 0.303646 0.448148
0 0.255208 0.462037 0.088542 0.098148 0.299479 0.412963 0.276562 0.453704 0.276042 0.453704 0.275000 0.455556 0.273958 0.455556 0.273438 0.454630 0.272917 0.454630 0.271875 0.452778 0.271875 0.451852 0.271354 0.450926 0.271354 0.448148 0.271875 0.447222 0.271875 0.446296 0.272396 0.445370 0.272396 0.444444 0.272917 0.443519 0.272917 0.442593 0.273438 0.441667 0.263542 0.459259 0.263542 0.460185 0.249479 0.485185 0.248958 0.485185 0.248438 0.486111 0.246875 0.486111 0.246354 0.485185 0.245833 0.485185 0.244271 0.482407 0.243750 0.482407 0.240625 0.476852 0.240104 0.476852 0.235937 0.469444 0.235417 0.469444 0.231250 0.462037 0.230729 0.462037 0.227083 0.455556 0.226562 0.455556 0.222396 0.448148 0.221875 0.448148 0.217708 0.440741 0.217188 0.440741 0.214062 0.435185 0.213542 0.435185 0.211458 0.438889 0.211458 0.439815 0.210938 0.440741 0.210938 0.443519 0.211979 0.445370 0.211979 0.446296 0.214062 0.450000 0.214583 0.450000 0.219271 0.458333 0.219792 0.458333 0.224479 0.466667 0.225000 0.466667 0.229167 0.474074 0.229687 0.474074 0.234375 0.482407 0.234896 0.482407 0.239063 0.489815 0.239583 0.489815 0.244271 0.498148 0.244792 0.498148 0.248958 0.505556 0.249479 0.505556 0.252083 0.510185 0.252604 0.510185 0.253125 0.511111 0.255729 0.511111 0.287500 0.454630 0.287500 0.453704 0.293750 0.442593 0.293750 0.441667 0.294271 0.440741 0.294271 0.438889 0.294792 0.437963 0.294792 0.436111 0.295312 0.435185 0.295312 0.433333 0.295833 0.432407 0.295833 0.431481 0.296354 0.430556 0.296354 0.428704 0.296875 0.427778 0.296875 0.425926 0.297396 0.425000 0.297396 0.423148 0.297917 0.422222 0.297917 0.421296 0.298438 0.420370 0.298438 0.418519 0.298958 0.417593 0.298958 0.415741 0.299479 0.414815
0 0.251042 0.425000 0.095833 0.120370 0.296354 0.364815 0.277083 0.399074 0.276562 0.399074 0.272917 0.405556 0.272396 0.405556 0.270833 0.408333 0.270313 0.408333 0.269792 0.409259 0.269271 0.409259 0.268750 0.410185 0.267708 0.410185 0.267188 0.411111 0.265625 0.411111 0.265104 0.410185 0.264062 0.410185 0.263542 0.409259 0.263021 0.409259 0.262500 0.408333 0.261979 0.408333 0.260417 0.405556 0.259896 0.405556 0.258333 0.402778 0.257812 0.402778 0.255729 0.399074 0.255208 0.399074 0.252604 0.394444 0.252083 0.394444 0.247917 0.387037 0.247396 0.387037 0.243229 0.379630 0.242708 0.379630 0.238021 0.371296 0.237500 0.371296 0.235937 0.368519 0.235417 0.368519 0.234896 0.367593 0.232813 0.367593 0.230729 0.371296 0.230208 0.371296 0.227083 0.376852 0.226562 0.376852 0.222917 0.383333 0.222396 0.383333 0.219271 0.388889 0.218750 0.388889 0.215104 0.395370 0.214583 0.395370 0.211458 0.400926 0.210938 0.400926 0.207292 0.407407 0.206771 0.407407 0.203646 0.412963 0.203646 0.413889 0.203125 0.414815 0.203125 0.415741 0.203646 0.416667 0.203646 0.417593 0.207813 0.425000 0.208333 0.425000 0.212500 0.432407 0.213021 0.432407 0.217188 0.439815 0.217708 0.439815 0.221875 0.447222 0.222396 0.447222 0.226562 0.454630 0.227083 0.454630 0.230729 0.461111 0.231250 0.461111 0.235417 0.468519 0.235937 0.468519 0.240104 0.475926 0.240625 0.475926 0.243750 0.481481 0.244271 0.481481 0.245833 0.484259 0.246354 0.484259 0.246875 0.485185 0.248438 0.485185 0.248958 0.484259 0.249479 0.484259 0.263021 0.460185 0.263021 0.459259 0.280208 0.428704 0.280208 0.427778 0.286979 0.415741 0.286979 0.414815 0.287500 0.413889 0.287500 0.412963 0.288021 0.412037 0.288021 0.411111 0.288542 0.410185 0.288542 0.409259 0.289062 0.408333 0.289062 0.407407 0.289583 0.406481 0.289583 0.404630 0.290104 0.403704 0.290104 0.402778 0.290625 0.401852 0.290625 0.400926 0.291146 0.400000 0.291146 0.399074 0.291667 0.398148 0.291667 0.397222 0.292187 0.396296 0.292187 0.394444 0.292708 0.393519 0.292708 0.392593 0.293229 0.391667 0.293229 0.390741 0.293750 0.389815 0.293750 0.388889 0.294271 0.387963 0.294271 0.387037 0.294792 0.386111 0.294792 0.385185 0.295312 0.384259 0.295312 0.382407 0.295833 0.381481 0.295833 0.380556 0.296354 0.379630 0.296354 0.378704 0.296875 0.377778 0.296875 0.376852 0.297396 0.375926 0.297396 0.375000 0.297917 0.374074 0.297917 0.373148 0.298438 0.372222 0.298438 0.370370 0.298958 0.369444 0.298958 0.367593 0.297396 0.364815
0 0.354948 0.389815 0.080729 0.109259 0.383333 0.335185 0.368750 0.361111 0.368229 0.361111 0.361979 0.372222 0.361458 0.372222 0.359375 0.375926 0.358854 0.375926 0.357812 0.377778 0.357292 0.377778 0.356771 0.378704 0.356250 0.378704 0.355729 0.379630 0.354687 0.379630 0.354167 0.380556 0.353646 0.379630 0.352083 0.379630 0.351562 0.378704 0.351042 0.378704 0.350521 0.377778 0.350000 0.377778 0.348958 0.375926 0.348438 0.375926 0.346354 0.372222 0.345833 0.372222 0.342708 0.366667 0.342187 0.366667 0.336979 0.357407 0.336458 0.357407 0.327604 0.341667 0.327083 0.341667 0.324479 0.337037 0.321875 0.337037 0.321354 0.337963 0.321354 0.339815 0.320833 0.340741 0.320833 0.342593 0.320312 0.343519 0.320312 0.345370 0.319792 0.346296 0.319792 0.348148 0.319271 0.349074 0.319271 0.350926 0.318750 0.351852 0.318750 0.353704 0.318229 0.354630 0.318229 0.356481 0.317708 0.357407 0.317708 0.359259 0.317188 0.360185 0.317188 0.362037 0.316667 0.362963 0.316667 0.364815 0.316146 0.365741 0.316146 0.367593 0.315625 0.368519 0.315625 0.370370 0.315104 0.371296 0.315104 0.373148 0.314583 0.374074 0.314583 0.376852 0.316146 0.379630 0.316146 0.380556 0.319271 0.386111 0.319792 0.386111 0.328646 0.401852 0.329167 0.401852 0.337500 0.416667 0.338021 0.416667 0.346875 0.432407 0.347396 0.432407 0.353125 0.442593 0.353646 0.442593 0.354687 0.444444 0.357292 0.444444 0.392188 0.382407 0.392188 0.381481 0.394792 0.376852 0.394792 0.375926 0.395313 0.375000 0.395313 0.373148 0.394792 0.372222 0.394792 0.371296 0.394271 0.370370 0.394271 0.369444 0.393750 0.368519 0.393750 0.367593 0.393229 0.366667 0.393229 0.365741 0.392708 0.364815 0.392708 0.363889 0.392188 0.362963 0.392188 0.362037 0.391667 0.361111 0.391667 0.360185 0.391146 0.359259 0.391146 0.358333 0.390625 0.357407 0.390625 0.355556 0.390104 0.354630 0.390104 0.353704 0.389583 0.352778 0.389583 0.351852 0.389062 0.350926 0.389062 0.350000 0.388542 0.349074 0.388542 0.348148 0.388021 0.347222 0.388021 0.346296 0.387500 0.345370 0.387500 0.344444 0.386979 0.343519 0.386979 0.342593 0.386458 0.341667 0.386458 0.340741 0.385937 0.339815 0.385937 0.338889 0.385417 0.337963 0.385417 0.337037 0.384375 0.335185
0 0.433594 0.386111 0.089063 0.107407 0.450000 0.332407 0.449479 0.333333 0.448958 0.333333 0.429688 0.367593 0.429167 0.367593 0.426563 0.372222 0.426042 0.372222 0.425000 0.374074 0.424479 0.374074 0.423438 0.375926 0.422396 0.375926 0.421875 0.376852 0.419792 0.376852 0.419271 0.375926 0.418750 0.375926 0.418229 0.375000 0.417708 0.375000 0.416667 0.373148 0.416146 0.373148 0.414583 0.370370 0.414062 0.370370 0.411458 0.365741 0.410938 0.365741 0.404167 0.353704 0.403646 0.353704 0.393229 0.335185 0.392708 0.335185 0.392188 0.334259 0.391667 0.334259 0.391146 0.333333 0.390625 0.333333 0.390104 0.334259 0.389583 0.334259 0.389583 0.335185 0.389062 0.336111 0.389062 0.337037 0.389583 0.337963 0.389583 0.338889 0.390104 0.339815 0.390104 0.340741 0.390625 0.341667 0.390625 0.342593 0.391146 0.343519 0.391146 0.344444 0.391667 0.345370 0.391667 0.346296 0.392188 0.347222 0.392188 0.348148 0.393229 0.350000 0.393229 0.350926 0.393750 0.351852 0.393750 0.352778 0.394271 0.353704 0.394271 0.354630 0.394792 0.355556 0.394792 0.356481 0.395313 0.357407 0.395313 0.358333 0.395833 0.359259 0.395833 0.360185 0.396354 0.361111 0.396354 0.362037 0.396875 0.362963 0.396875 0.363889 0.397917 0.365741 0.397917 0.366667 0.398438 0.367593 0.398438 0.368519 0.398958 0.369444 0.398958 0.370370 0.399479 0.371296 0.399479 0.372222 0.400000 0.373148 0.400000 0.374074 0.416146 0.402778 0.416667 0.402778 0.433333 0.432407 0.433854 0.432407 0.437500 0.438889 0.438021 0.438889 0.438542 0.439815 0.440104 0.439815 0.441146 0.437963 0.441667 0.437963 0.458854 0.407407 0.458854 0.406481 0.477083 0.374074 0.477083 0.373148 0.478125 0.371296 0.478125 0.368519 0.476042 0.364815 0.475521 0.364815 0.473958 0.362037 0.473438 0.362037 0.471875 0.359259 0.471354 0.359259 0.469792 0.356481 0.469271 0.356481 0.468229 0.354630 0.467708 0.354630 0.466146 0.351852 0.465625 0.351852 0.464062 0.349074 0.463542 0.349074 0.461979 0.346296 0.461458 0.346296 0.460417 0.344444 0.459896 0.344444 0.458333 0.341667 0.457813 0.341667 0.456250 0.338889 0.455729 0.338889 0.454167 0.336111 0.453646 0.336111 0.452604 0.334259 0.452083 0.334259 0.451042 0.332407
0 0.517708 0.392130 0.107292 0.110185 0.524479 0.337037 0.507812 0.366667 0.507292 0.366667 0.502604 0.375000 0.502083 0.375000 0.500000 0.378704 0.499479 0.377778 0.498958 0.377778 0.497396 0.375000 0.496875 0.375000 0.495833 0.373148 0.495312 0.373148 0.494271 0.371296 0.493750 0.371296 0.492708 0.369444 0.492188 0.369444 0.491146 0.367593 0.490625 0.367593 0.489583 0.365741 0.489063 0.365741 0.488021 0.363889 0.487500 0.363889 0.486458 0.362037 0.485938 0.362037 0.484896 0.360185 0.484375 0.360185 0.483333 0.358333 0.482812 0.358333 0.481771 0.356481 0.481250 0.356481 0.480208 0.354630 0.479687 0.354630 0.478646 0.352778 0.478125 0.352778 0.477083 0.350926 0.476562 0.350926 0.475000 0.348148 0.474479 0.348148 0.473438 0.346296 0.472917 0.346296 0.471875 0.344444 0.471354 0.344444 0.470313 0.342593 0.469792 0.342593 0.468750 0.340741 0.468229 0.340741 0.467187 0.338889 0.465104 0.338889 0.464062 0.340741 0.464062 0.342593 0.465104 0.344444 0.465104 0.345370 0.469271 0.352778 0.469792 0.352778 0.470833 0.354630 0.471354 0.354630 0.472917 0.357407 0.473438 0.357407 0.474479 0.359259 0.475000 0.359259 0.476562 0.362037 0.477083 0.362037 0.478125 0.363889 0.478646 0.363889 0.480208 0.366667 0.480729 0.366667 0.482292 0.369444 0.482812 0.369444 0.483854 0.371296 0.484375 0.371296 0.485938 0.374074 0.486458 0.374074 0.516146 0.426852 0.516667 0.426852 0.518229 0.429630 0.518750 0.429630 0.520312 0.432407 0.520833 0.432407 0.522917 0.436111 0.523438 0.436111 0.525000 0.438889 0.525521 0.438889 0.527083 0.441667 0.527604 0.441667 0.529687 0.445370 0.530208 0.445370 0.531250 0.447222 0.533333 0.447222 0.534375 0.445370 0.534896 0.445370 0.550000 0.418519 0.550000 0.417593 0.570312 0.381481 0.570312 0.380556 0.571354 0.378704 0.571354 0.375000 0.570312 0.373148 0.569792 0.373148 0.569271 0.372222 0.568750 0.372222 0.568229 0.371296 0.567708 0.371296 0.567187 0.370370 0.566667 0.370370 0.566146 0.369444 0.565104 0.369444 0.564583 0.368519 0.564063 0.368519 0.563542 0.367593 0.563021 0.367593 0.562500 0.366667 0.561979 0.366667 0.561458 0.365741 0.560937 0.365741 0.560417 0.364815 0.559375 0.364815 0.558854 0.363889 0.558333 0.363889 0.557813 0.362963 0.557292 0.362963 0.556771 0.362037 0.556250 0.362037 0.555729 0.361111 0.554688 0.361111 0.554167 0.360185 0.553646 0.360185 0.553125 0.359259 0.552604 0.359259 0.552083 0.358333 0.551562 0.358333 0.551042 0.357407 0.550521 0.357407 0.550000 0.356481 0.548958 0.356481 0.548438 0.355556 0.547917 0.355556 0.547396 0.354630 0.546875 0.354630 0.546354 0.353704 0.545833 0.353704 0.545312 0.352778 0.544271 0.352778 0.543750 0.351852 0.543229 0.351852 0.542708 0.350926 0.542188 0.350926 0.541667 0.350000 0.541146 0.350000 0.540625 0.349074 0.539583 0.349074 0.539062 0.348148 0.538542 0.348148 0.538021 0.347222 0.537500 0.347222 0.536979 0.346296 0.536458 0.346296 0.535937 0.345370 0.535417 0.345370 0.534896 0.344444 0.533854 0.344444 0.533333 0.343519 0.532813 0.343519 0.532292 0.342593 0.531771 0.342593 0.531250 0.341667 0.530729 0.341667 0.530208 0.340741 0.529167 0.340741 0.528646 0.339815 0.528125 0.339815 0.527604 0.338889 0.527083 0.338889 0.526563 0.337963 0.526042 0.337963 0.525521 0.337037
0 0.597396 0.387500 0.119792 0.106481 0.595313 0.334259 0.579688 0.362037 0.579167 0.362037 0.578125 0.363889 0.577083 0.363889 0.576562 0.362963 0.576042 0.362963 0.575521 0.362037 0.574479 0.362037 0.573958 0.361111 0.573438 0.361111 0.572917 0.360185 0.571875 0.360185 0.571354 0.359259 0.570833 0.359259 0.570312 0.358333 0.569792 0.358333 0.569271 0.357407 0.568229 0.357407 0.567708 0.356481 0.567187 0.356481 0.566667 0.355556 0.565625 0.355556 0.565104 0.354630 0.564583 0.354630 0.564063 0.353704 0.563542 0.353704 0.563021 0.352778 0.561979 0.352778 0.561458 0.351852 0.560937 0.351852 0.560417 0.350926 0.559896 0.350926 0.559375 0.350000 0.558333 0.350000 0.557813 0.349074 0.557292 0.349074 0.556771 0.348148 0.555729 0.348148 0.555208 0.347222 0.554688 0.347222 0.554167 0.346296 0.553646 0.346296 0.553125 0.345370 0.552083 0.345370 0.551562 0.344444 0.551042 0.344444 0.550521 0.343519 0.549479 0.343519 0.548958 0.342593 0.548438 0.342593 0.547917 0.341667 0.547396 0.341667 0.546875 0.340741 0.545833 0.340741 0.545312 0.339815 0.544792 0.339815 0.544271 0.338889 0.543229 0.338889 0.542708 0.337963 0.542188 0.337963 0.541667 0.337037 0.541146 0.337037 0.540625 0.336111 0.538021 0.336111 0.537500 0.337037 0.537500 0.339815 0.538542 0.339815 0.539062 0.340741 0.539583 0.340741 0.540104 0.341667 0.540625 0.341667 0.541146 0.342593 0.541667 0.342593 0.542188 0.343519 0.543229 0.343519 0.543750 0.344444 0.544271 0.344444 0.544792 0.345370 0.545312 0.345370 0.545833 0.346296 0.546875 0.346296 0.547396 0.347222 0.547917 0.347222 0.548438 0.348148 0.548958 0.348148 0.549479 0.349074 0.550000 0.349074 0.550521 0.350000 0.551562 0.350000 0.552083 0.350926 0.552604 0.350926 0.553125 0.351852 0.553646 0.351852 0.554167 0.352778 0.555208 0.352778 0.555729 0.353704 0.556250 0.353704 0.556771 0.354630 0.557292 0.354630 0.557813 0.355556 0.558854 0.355556 0.559375 0.356481 0.559896 0.356481 0.560417 0.357407 0.560937 0.357407 0.561458 0.358333 0.561979 0.358333 0.562500 0.359259 0.563542 0.359259 0.564063 0.360185 0.564583 0.360185 0.565104 0.361111 0.565625 0.361111 0.566146 0.362037 0.567187 0.362037 0.567708 0.362963 0.568229 0.362963 0.568750 0.363889 0.569271 0.363889 0.569792 0.364815 0.570312 0.364815 0.570833 0.365741 0.571875 0.365741 0.572396 0.366667 0.572917 0.366667 0.573438 0.367593 0.573958 0.367593 0.574479 0.368519 0.575521 0.368519 0.576042 0.369444 0.576562 0.369444 0.577083 0.370370 0.577604 0.370370 0.578125 0.371296 0.578646 0.371296 0.591146 0.393519 0.591146 0.394444 0.604688 0.418519 0.604688 0.419444 0.613021 0.434259 0.613021 0.435185 0.613542 0.436111 0.614062 0.436111 0.614583 0.437037 0.615104 0.437037 0.615625 0.437963 0.616146 0.437963 0.616667 0.438889 0.617188 0.438889 0.617708 0.439815 0.618229 0.439815 0.618750 0.440741 0.620313 0.440741 0.621354 0.438889 0.621875 0.438889 0.644792 0.398148 0.644792 0.397222 0.656771 0.375926 0.656771 0.375000 0.657292 0.374074 0.657292 0.370370 0.656250 0.368519 0.655208 0.368519 0.654687 0.367593 0.653646 0.367593 0.653125 0.366667 0.652083 0.366667 0.651563 0.365741 0.650521 0.365741 0.650000 0.364815 0.648958 0.364815 0.648438 0.363889 0.647396 0.363889 0.646875 0.362963 0.645833 0.362963 0.645312 0.362037 0.643750 0.362037 0.643229 0.361111 0.642188 0.361111 0.641667 0.360185 0.640625 0.360185 0.640104 0.359259 0.639062 0.359259 0.638542 0.358333 0.637500 0.358333 0.636979 0.357407 0.635938 0.357407 0.635417 0.356481 0.634375 0.356481 0.633854 0.355556 0.632812 0.355556 0.632292 0.354630 0.631250 0.354630 0.630729 0.353704 0.629167 0.353704 0.628646 0.352778 0.627604 0.352778 0.627083 0.351852 0.626042 0.351852 0.625521 0.350926 0.624479 0.350926 0.623958 0.350000 0.622917 0.350000 0.622396 0.349074 0.621354 0.349074 0.620833 0.348148 0.619792 0.348148 0.619271 0.347222 0.618229 0.347222 0.617708 0.346296 0.616667 0.346296 0.616146 0.345370 0.614583 0.345370 0.614062 0.344444 0.613021 0.344444 0.612500 0.343519 0.611458 0.343519 0.610938 0.342593 0.609896 0.342593 0.609375 0.341667 0.608333 0.341667 0.607812 0.340741 0.606771 0.340741 0.606250 0.339815 0.605208 0.339815 0.604688 0.338889 0.603646 0.338889 0.603125 0.337963 0.602083 0.337963 0.601562 0.337037 0.600000 0.337037 0.599479 0.336111 0.598437 0.336111 0.597917 0.335185 0.596875 0.335185 0.596354 0.334259
0 0.351562 0.560185 0.078125 0.079630 0.313021 0.520370 0.313021 0.521296 0.312500 0.522222 0.312500 0.525000 0.313021 0.525926 0.313021 0.526852 0.313542 0.527778 0.313542 0.528704 0.314583 0.530556 0.314583 0.531481 0.315625 0.533333 0.315625 0.534259 0.316667 0.536111 0.316667 0.537037 0.318229 0.539815 0.318229 0.540741 0.319271 0.542593 0.319271 0.543519 0.320833 0.546296 0.320833 0.547222 0.321875 0.549074 0.321875 0.550000 0.323437 0.552778 0.323437 0.553704 0.324479 0.555556 0.324479 0.556481 0.326042 0.559259 0.326042 0.560185 0.327083 0.562037 0.327083 0.562963 0.328646 0.565741 0.328646 0.566667 0.329688 0.568519 0.329688 0.569444 0.331250 0.572222 0.331250 0.573148 0.332292 0.575000 0.332292 0.575926 0.333854 0.578704 0.333854 0.579630 0.334896 0.581481 0.334896 0.582407 0.336458 0.585185 0.336458 0.586111 0.337500 0.587963 0.337500 0.588889 0.339062 0.591667 0.339062 0.592593 0.340104 0.594444 0.340104 0.595370 0.342187 0.599074 0.342187 0.600000 0.345313 0.600000 0.345833 0.599074 0.348958 0.599074 0.349479 0.598148 0.350000 0.598148 0.351042 0.596296 0.351562 0.596296 0.352604 0.594444 0.353125 0.594444 0.354167 0.592593 0.354687 0.592593 0.355729 0.590741 0.356250 0.590741 0.356771 0.589815 0.357292 0.589815 0.358333 0.587963 0.358854 0.587963 0.359896 0.586111 0.360417 0.586111 0.361458 0.584259 0.361979 0.584259 0.363021 0.582407 0.363542 0.582407 0.364583 0.580556 0.365104 0.580556 0.366146 0.578704 0.366667 0.578704 0.367708 0.576852 0.368229 0.576852 0.369271 0.575000 0.369792 0.575000 0.370833 0.573148 0.371354 0.573148 0.372396 0.571296 0.372917 0.571296 0.373958 0.569444 0.374479 0.569444 0.375521 0.567593 0.376042 0.567593 0.377083 0.565741 0.377604 0.565741 0.378646 0.563889 0.379167 0.563889 0.380208 0.562037 0.380729 0.562037 0.381771 0.560185 0.382292 0.560185 0.383333 0.558333 0.383854 0.558333 0.384896 0.556481 0.385417 0.556481 0.386458 0.554630 0.386979 0.554630 0.388021 0.552778 0.388542 0.552778 0.390104 0.550000 0.390104 0.549074 0.390625 0.548148 0.390104 0.547222 0.390104 0.541667 0.389583 0.540741 0.389583 0.536111 0.389062 0.535185 0.389062 0.530556 0.388542 0.529630 0.388542 0.525000 0.386979 0.527778 0.386458 0.527778 0.383854 0.532407 0.383333 0.532407 0.379688 0.538889 0.379167 0.538889 0.373437 0.549074 0.372917 0.549074 0.366146 0.561111 0.365625 0.561111 0.362500 0.566667 0.361979 0.566667 0.361458 0.567593 0.359896 0.567593 0.357812 0.563889 0.357812 0.562963 0.357292 0.563889 0.356250 0.563889 0.355729 0.562963 0.355208 0.562963 0.354687 0.562037 0.354167 0.562037 0.353646 0.561111 0.353646 0.563889 0.354167 0.564815 0.354167 0.568519 0.353646 0.569444 0.353646 0.570370 0.352604 0.572222 0.352083 0.572222 0.351562 0.573148 0.350521 0.573148 0.350000 0.572222 0.349479 0.572222 0.348438 0.570370 0.347917 0.570370 0.343750 0.562963 0.343229 0.562963 0.336979 0.551852 0.336458 0.551852 0.331771 0.543519 0.331250 0.543519 0.327604 0.537037 0.327083 0.537037 0.324479 0.532407 0.323958 0.532407 0.321875 0.528704 0.321354 0.528704 0.319792 0.525926 0.319271 0.525926 0.318229 0.524074 0.317708 0.524074 0.317188 0.523148 0.316667 0.523148 0.316146 0.522222 0.315625 0.522222 0.315104 0.521296 0.314583 0.521296 0.314063 0.520370
0 0.432812 0.560185 0.082292 0.088889 0.396875 0.515741 0.396354 0.516667 0.395313 0.516667 0.394792 0.517593 0.394271 0.517593 0.393229 0.519444 0.392708 0.519444 0.391667 0.521296 0.391667 0.523148 0.392188 0.524074 0.392188 0.525926 0.392708 0.526852 0.392708 0.529630 0.393229 0.530556 0.393229 0.532407 0.393750 0.533333 0.393750 0.536111 0.394271 0.537037 0.394271 0.539815 0.394792 0.540741 0.394792 0.542593 0.395313 0.543519 0.395313 0.544444 0.404167 0.560185 0.404687 0.560185 0.410417 0.570370 0.410938 0.570370 0.416667 0.580556 0.417187 0.580556 0.422917 0.590741 0.423438 0.590741 0.429167 0.600926 0.429688 0.600926 0.431771 0.604630 0.438542 0.604630 0.450000 0.584259 0.450000 0.583333 0.466146 0.554630 0.466146 0.553704 0.473438 0.540741 0.473438 0.539815 0.473958 0.538889 0.473958 0.536111 0.473438 0.535185 0.473438 0.534259 0.472396 0.532407 0.472396 0.531481 0.470833 0.528704 0.470833 0.527778 0.469792 0.525926 0.469792 0.525000 0.468229 0.522222 0.468229 0.521296 0.465104 0.526852 0.464583 0.526852 0.447917 0.556481 0.447396 0.556481 0.446875 0.557407 0.445833 0.557407 0.445312 0.556481 0.444792 0.556481 0.444271 0.555556 0.444271 0.554630 0.443229 0.552778 0.443229 0.551852 0.442708 0.550926 0.442708 0.549074 0.441146 0.551852 0.440625 0.551852 0.439583 0.553704 0.438542 0.553704 0.438021 0.552778 0.437500 0.552778 0.436458 0.550926 0.435937 0.550926 0.430729 0.541667 0.431250 0.542593 0.431250 0.543519 0.431771 0.544444 0.431771 0.546296 0.432292 0.547222 0.432292 0.548148 0.432812 0.549074 0.432812 0.550000 0.433333 0.550926 0.433333 0.551852 0.433854 0.552778 0.433854 0.554630 0.434375 0.555556 0.434375 0.556481 0.434896 0.557407 0.434896 0.558333 0.435417 0.559259 0.435417 0.561111 0.435937 0.562037 0.435937 0.562963 0.436458 0.563889 0.436458 0.564815 0.435937 0.565741 0.435937 0.566667 0.435417 0.567593 0.434896 0.567593 0.434375 0.568519 0.432292 0.568519 0.431250 0.566667 0.430729 0.566667 0.422396 0.551852 0.422396 0.550926 0.413542 0.535185 0.413021 0.535185 0.406771 0.524074 0.406250 0.524074 0.404167 0.520370 0.403646 0.520370 0.402604 0.518519 0.402083 0.518519 0.401562 0.517593 0.401042 0.517593 0.400521 0.516667 0.400000 0.516667 0.399479 0.515741
0 0.523177 0.546759 0.084896 0.086111 0.480729 0.503704 0.480729 0.504630 0.482292 0.507407 0.482292 0.508333 0.483854 0.511111 0.483854 0.512037 0.485417 0.514815 0.485417 0.515741 0.486979 0.518519 0.486979 0.519444 0.488542 0.522222 0.488542 0.523148 0.490625 0.526852 0.490625 0.527778 0.515625 0.572222 0.516146 0.572222 0.525521 0.588889 0.526042 0.588889 0.526563 0.589815 0.528125 0.589815 0.528646 0.588889 0.529167 0.588889 0.565104 0.525000 0.565104 0.524074 0.565625 0.523148 0.565625 0.522222 0.565104 0.521296 0.565104 0.520370 0.562500 0.515741 0.560417 0.519444 0.559896 0.519444 0.540104 0.554630 0.539583 0.554630 0.539062 0.555556 0.538021 0.555556 0.534375 0.549074 0.531250 0.554630 0.530729 0.554630 0.529687 0.556481 0.529167 0.556481 0.528646 0.555556 0.528125 0.555556 0.527604 0.554630 0.527083 0.554630 0.514583 0.532407 0.514062 0.532407 0.502604 0.512037 0.506250 0.518519 0.506250 0.519444 0.509896 0.525926 0.509896 0.526852 0.513542 0.533333 0.513542 0.534259 0.517188 0.540741 0.517188 0.541667 0.519792 0.546296 0.519792 0.547222 0.520312 0.548148 0.520312 0.550926 0.518750 0.553704 0.516667 0.553704 0.516146 0.552778 0.515625 0.552778 0.511458 0.545370 0.510938 0.545370 0.495833 0.518519 0.495312 0.518519 0.491667 0.512037 0.491146 0.512037 0.489063 0.508333 0.488542 0.508333 0.487500 0.506481 0.486979 0.506481 0.485938 0.504630 0.484896 0.504630 0.484375 0.503704
0 0.609375 0.542593 0.087500 0.081481 0.572917 0.501852 0.572396 0.502778 0.571354 0.502778 0.570312 0.504630 0.569792 0.504630 0.568750 0.506481 0.568229 0.506481 0.566146 0.510185 0.565625 0.510185 0.566667 0.512037 0.567187 0.512037 0.569792 0.516667 0.570312 0.516667 0.572917 0.521296 0.573438 0.521296 0.576042 0.525926 0.576562 0.525926 0.579167 0.530556 0.579688 0.530556 0.582292 0.535185 0.582812 0.535185 0.585417 0.539815 0.585938 0.539815 0.588542 0.544444 0.589063 0.544444 0.591667 0.549074 0.592187 0.549074 0.594792 0.553704 0.595313 0.553704 0.597917 0.558333 0.598437 0.558333 0.601042 0.562963 0.601562 0.562963 0.604167 0.567593 0.604688 0.567593 0.607292 0.572222 0.607812 0.572222 0.610417 0.576852 0.610938 0.576852 0.613542 0.581481 0.614062 0.581481 0.615104 0.583333 0.616667 0.583333 0.617708 0.581481 0.618229 0.581481 0.647917 0.528704 0.647917 0.527778 0.653125 0.518519 0.653125 0.515741 0.652604 0.514815 0.652604 0.513889 0.652083 0.512963 0.651563 0.512963 0.651042 0.512037 0.650521 0.512037 0.650000 0.511111 0.649479 0.511111 0.646354 0.516667 0.645833 0.516667 0.636979 0.532407 0.636458 0.532407 0.621875 0.558333 0.620833 0.558333 0.619792 0.556481 0.619271 0.556481 0.617708 0.553704 0.617188 0.553704 0.615625 0.550926 0.615104 0.550926 0.613542 0.548148 0.613021 0.548148 0.611458 0.545370 0.610938 0.545370 0.610417 0.544444 0.610938 0.545370 0.610938 0.547222 0.610417 0.548148 0.610417 0.549074 0.609375 0.550926 0.607292 0.550926 0.606771 0.550000 0.606250 0.550000 0.604688 0.547222 0.604167 0.547222 0.602083 0.543519 0.601562 0.543519 0.600000 0.540741 0.599479 0.540741 0.597396 0.537037 0.596875 0.537037 0.594792 0.533333 0.594271 0.533333 0.592708 0.530556 0.592187 0.530556 0.584896 0.517593 0.584375 0.517593 0.582812 0.514815 0.582292 0.514815 0.580208 0.511111 0.579688 0.511111 0.578125 0.508333 0.577604 0.508333 0.575521 0.504630 0.575000 0.504630 0.573438 0.501852
0 0.687500 0.540741 0.078125 0.070370 0.654687 0.505556 0.654167 0.506481 0.653646 0.506481 0.653125 0.507407 0.652604 0.507407 0.652083 0.508333 0.651563 0.508333 0.650521 0.510185 0.650521 0.511111 0.651042 0.511111 0.651563 0.512037 0.652083 0.512037 0.653125 0.513889 0.653125 0.514815 0.653646 0.515741 0.653646 0.518519 0.648438 0.527778 0.648438 0.529630 0.648958 0.530556 0.649479 0.530556 0.650000 0.531481 0.650521 0.531481 0.651563 0.533333 0.652083 0.533333 0.653125 0.535185 0.653646 0.535185 0.654687 0.537037 0.655208 0.537037 0.655729 0.537963 0.656250 0.537963 0.657292 0.539815 0.657813 0.539815 0.658854 0.541667 0.659375 0.541667 0.660417 0.543519 0.660937 0.543519 0.661458 0.544444 0.661979 0.544444 0.663021 0.546296 0.663542 0.546296 0.664583 0.548148 0.665104 0.548148 0.666146 0.550000 0.666667 0.550000 0.667708 0.551852 0.668229 0.551852 0.668750 0.552778 0.669271 0.552778 0.670312 0.554630 0.670833 0.554630 0.671875 0.556481 0.672396 0.556481 0.673438 0.558333 0.673958 0.558333 0.674479 0.559259 0.675000 0.559259 0.676042 0.561111 0.676562 0.561111 0.677604 0.562963 0.678125 0.562963 0.679167 0.564815 0.679688 0.564815 0.680208 0.565741 0.680729 0.565741 0.681771 0.567593 0.682292 0.567593 0.683333 0.569444 0.683854 0.569444 0.684896 0.571296 0.685417 0.571296 0.685937 0.572222 0.686458 0.572222 0.687500 0.574074 0.688021 0.574074 0.689063 0.575926 0.691146 0.575926 0.726042 0.513889 0.726042 0.512963 0.726562 0.512037 0.726562 0.509259 0.726042 0.508333 0.701042 0.552778 0.700521 0.552778 0.699479 0.554630 0.698438 0.554630 0.697917 0.553704 0.697396 0.553704 0.696354 0.551852 0.695833 0.551852 0.695312 0.550926 0.694792 0.550926 0.693750 0.549074 0.693229 0.549074 0.692708 0.548148 0.692187 0.548148 0.691667 0.547222 0.691146 0.547222 0.690104 0.545370 0.689583 0.545370 0.690625 0.547222 0.690625 0.550926 0.689063 0.553704 0.687500 0.553704 0.686979 0.552778 0.686458 0.552778 0.685937 0.551852 0.685417 0.551852 0.684375 0.550000 0.683854 0.550000 0.683333 0.549074 0.682813 0.549074 0.681771 0.547222 0.681250 0.547222 0.680729 0.546296 0.680208 0.546296 0.679167 0.544444 0.678646 0.544444 0.669271 0.527778 0.669271 0.526852 0.660937 0.512037 0.660417 0.512037 0.659375 0.510185 0.658854 0.510185 0.658333 0.509259 0.657813 0.509259 0.656771 0.507407 0.656250 0.507407 0.655729 0.506481 0.655208 0.506481
0 0.312760 0.525926 0.081771 0.100000 0.310937 0.475926 0.310417 0.476852 0.309896 0.476852 0.309375 0.477778 0.308854 0.477778 0.307812 0.479630 0.307812 0.480556 0.307292 0.481481 0.307292 0.484259 0.306771 0.485185 0.306771 0.488889 0.306250 0.489815 0.306250 0.492593 0.305729 0.493519 0.305729 0.496296 0.305208 0.497222 0.305208 0.500926 0.304167 0.502778 0.304167 0.503704 0.275000 0.555556 0.275000 0.556481 0.274479 0.557407 0.274479 0.559259 0.273958 0.560185 0.273958 0.562037 0.273438 0.562963 0.273438 0.564815 0.272917 0.565741 0.272917 0.567593 0.272396 0.568519 0.272396 0.569444 0.271875 0.570370 0.271875 0.571296 0.272396 0.572222 0.272396 0.573148 0.273958 0.575926 0.275000 0.575926 0.275521 0.575000 0.276042 0.575000 0.288021 0.553704 0.288542 0.553704 0.299479 0.534259 0.300000 0.534259 0.303125 0.528704 0.303646 0.528704 0.305729 0.525000 0.306250 0.525000 0.307292 0.523148 0.307812 0.523148 0.308854 0.521296 0.309375 0.521296 0.309896 0.520370 0.311458 0.520370 0.311979 0.519444 0.314063 0.519444 0.314583 0.520370 0.315104 0.520370 0.315625 0.521296 0.316146 0.521296 0.316667 0.522222 0.317188 0.522222 0.317708 0.523148 0.318229 0.523148 0.319271 0.525000 0.319792 0.525000 0.321354 0.527778 0.321875 0.527778 0.323958 0.531481 0.324479 0.531481 0.327083 0.536111 0.327604 0.536111 0.331250 0.542593 0.331771 0.542593 0.336458 0.550926 0.336979 0.550926 0.343229 0.562037 0.343750 0.562037 0.347917 0.569444 0.348438 0.569444 0.349479 0.571296 0.350000 0.571296 0.350521 0.572222 0.351562 0.572222 0.352083 0.571296 0.352604 0.571296 0.353125 0.570370 0.353125 0.569444 0.353646 0.568519 0.353646 0.564815 0.353125 0.563889 0.353125 0.560185 0.349479 0.553704 0.348958 0.553704 0.342187 0.541667 0.341667 0.541667 0.334375 0.528704 0.333854 0.528704 0.326562 0.515741 0.326042 0.515741 0.315104 0.496296 0.315104 0.490741 0.315625 0.489815 0.315625 0.486111 0.316146 0.485185 0.316146 0.481481 0.316667 0.480556 0.316667 0.477778 0.316146 0.476852 0.315104 0.476852 0.314583 0.475926
0 0.397135 0.522685 0.077604 0.089815 0.397396 0.477778 0.396875 0.478704 0.396354 0.478704 0.395833 0.479630 0.395313 0.479630 0.394792 0.480556 0.395313 0.481481 0.395313 0.483333 0.395833 0.484259 0.395833 0.487037 0.396354 0.487963 0.396354 0.489815 0.396875 0.490741 0.396875 0.493519 0.396354 0.494444 0.396354 0.495370 0.358333 0.562963 0.358333 0.563889 0.359896 0.566667 0.361458 0.566667 0.361979 0.565741 0.362500 0.565741 0.365625 0.560185 0.366146 0.560185 0.372917 0.548148 0.373437 0.548148 0.379167 0.537963 0.379688 0.537963 0.383333 0.531481 0.383854 0.531481 0.386458 0.526852 0.386979 0.526852 0.389062 0.523148 0.389583 0.523148 0.391146 0.520370 0.391667 0.520370 0.392708 0.518519 0.393229 0.518519 0.394271 0.516667 0.394792 0.516667 0.395313 0.515741 0.396354 0.515741 0.396875 0.514815 0.399479 0.514815 0.400000 0.515741 0.400521 0.515741 0.401042 0.516667 0.401562 0.516667 0.402083 0.517593 0.402604 0.517593 0.403646 0.519444 0.404167 0.519444 0.406250 0.523148 0.406771 0.523148 0.413021 0.534259 0.413542 0.534259 0.422917 0.550926 0.422917 0.551852 0.430729 0.565741 0.431250 0.565741 0.432292 0.567593 0.434375 0.567593 0.434896 0.566667 0.435417 0.566667 0.435417 0.565741 0.435937 0.564815 0.435937 0.563889 0.435417 0.562963 0.435417 0.562037 0.434896 0.561111 0.434896 0.559259 0.434375 0.558333 0.434375 0.557407 0.433854 0.556481 0.433854 0.555556 0.433333 0.554630 0.433333 0.552778 0.432812 0.551852 0.432812 0.550926 0.432292 0.550000 0.432292 0.549074 0.431771 0.548148 0.431771 0.547222 0.431250 0.546296 0.431250 0.544444 0.430729 0.543519 0.430729 0.542593 0.430208 0.541667 0.430208 0.540741 0.427604 0.536111 0.427083 0.536111 0.416146 0.516667 0.415625 0.516667 0.404687 0.497222 0.404167 0.497222 0.401042 0.491667 0.401042 0.490741 0.399479 0.487963 0.399479 0.487037 0.398958 0.486111 0.398958 0.483333 0.398438 0.482407 0.398438 0.480556 0.397917 0.479630 0.397917 0.477778
0 0.481510 0.514352 0.076563 0.084259 0.481771 0.472222 0.480729 0.474074 0.480208 0.474074 0.479167 0.475926 0.478646 0.475926 0.477083 0.478704 0.477083 0.480556 0.478125 0.482407 0.478125 0.485185 0.476562 0.487963 0.476562 0.488889 0.443229 0.548148 0.443229 0.550926 0.443750 0.551852 0.443750 0.552778 0.444792 0.554630 0.444792 0.555556 0.445312 0.555556 0.445833 0.556481 0.446875 0.556481 0.447396 0.555556 0.447917 0.555556 0.464583 0.525926 0.465104 0.525926 0.471354 0.514815 0.471875 0.514815 0.475000 0.509259 0.475521 0.509259 0.477083 0.506481 0.477604 0.506481 0.478646 0.504630 0.479167 0.504630 0.479687 0.503704 0.480208 0.503704 0.480729 0.502778 0.484375 0.502778 0.484896 0.503704 0.485938 0.503704 0.486979 0.505556 0.487500 0.505556 0.488542 0.507407 0.489063 0.507407 0.491146 0.511111 0.491667 0.511111 0.495312 0.517593 0.495833 0.517593 0.510938 0.544444 0.511458 0.544444 0.515625 0.551852 0.516146 0.551852 0.516667 0.552778 0.518750 0.552778 0.519792 0.550926 0.519792 0.548148 0.519271 0.547222 0.519271 0.546296 0.516667 0.541667 0.516667 0.540741 0.513021 0.534259 0.513021 0.533333 0.509375 0.526852 0.509375 0.525926 0.505729 0.519444 0.505729 0.518519 0.502083 0.512037 0.502083 0.511111 0.490625 0.490741 0.490625 0.489815 0.487500 0.484259 0.487500 0.483333 0.483854 0.476852 0.483854 0.475926
0 0.572656 0.511574 0.075521 0.086111 0.564063 0.468519 0.560937 0.474074 0.560937 0.475000 0.561458 0.475926 0.561979 0.475926 0.563542 0.478704 0.564063 0.478704 0.565625 0.481481 0.566146 0.481481 0.567708 0.484259 0.567708 0.485185 0.568229 0.486111 0.568229 0.487037 0.567708 0.487963 0.567708 0.488889 0.565104 0.493519 0.565104 0.494444 0.534896 0.548148 0.534896 0.549074 0.538021 0.554630 0.539062 0.554630 0.539583 0.553704 0.540104 0.553704 0.559896 0.518519 0.560417 0.518519 0.565625 0.509259 0.566146 0.509259 0.568229 0.505556 0.568750 0.505556 0.569792 0.503704 0.570312 0.503704 0.571354 0.501852 0.572396 0.501852 0.572917 0.500926 0.573438 0.500926 0.575000 0.503704 0.575521 0.503704 0.577604 0.507407 0.578125 0.507407 0.579688 0.510185 0.580208 0.510185 0.582292 0.513889 0.582812 0.513889 0.584375 0.516667 0.584896 0.516667 0.592187 0.529630 0.592708 0.529630 0.594271 0.532407 0.594792 0.532407 0.596875 0.536111 0.597396 0.536111 0.599479 0.539815 0.600000 0.539815 0.601562 0.542593 0.602083 0.542593 0.604167 0.546296 0.604688 0.546296 0.606250 0.549074 0.606771 0.549074 0.607292 0.550000 0.609375 0.550000 0.609896 0.549074 0.609896 0.548148 0.610417 0.547222 0.610417 0.545370 0.609896 0.544444 0.609896 0.543519 0.598958 0.524074 0.598958 0.523148 0.576562 0.483333 0.576042 0.483333 0.574479 0.480556 0.573958 0.480556 0.572396 0.477778 0.571875 0.477778 0.570833 0.475926 0.570312 0.475926 0.568750 0.473148 0.568229 0.473148 0.567187 0.471296 0.566667 0.471296 0.565104 0.468519
0 0.647135 0.524074 0.085938 0.066667 0.659375 0.490741 0.623437 0.554630 0.622917 0.554630 0.622396 0.555556 0.621354 0.555556 0.620833 0.554630 0.620313 0.554630 0.618750 0.551852 0.618229 0.551852 0.616667 0.549074 0.616146 0.549074 0.614583 0.546296 0.614062 0.546296 0.612500 0.543519 0.611979 0.543519 0.610417 0.540741 0.609896 0.540741 0.608333 0.537963 0.607812 0.537963 0.606250 0.535185 0.605729 0.535185 0.604167 0.532407 0.610938 0.544444 0.611458 0.544444 0.613021 0.547222 0.613542 0.547222 0.615104 0.550000 0.615625 0.550000 0.617188 0.552778 0.617708 0.552778 0.619271 0.555556 0.619792 0.555556 0.620833 0.557407 0.621875 0.557407 0.636458 0.531481 0.636979 0.531481 0.645833 0.515741 0.646354 0.515741 0.649479 0.510185 0.650000 0.510185 0.651563 0.507407 0.652083 0.507407 0.652604 0.506481 0.653125 0.506481 0.653646 0.505556 0.654167 0.505556 0.654687 0.504630 0.655208 0.505556 0.655729 0.505556 0.656250 0.506481 0.656771 0.506481 0.657813 0.508333 0.658333 0.508333 0.658854 0.509259 0.659375 0.509259 0.660417 0.511111 0.660937 0.511111 0.669792 0.526852 0.669792 0.527778 0.678646 0.543519 0.679167 0.543519 0.680208 0.545370 0.680729 0.545370 0.681250 0.546296 0.681771 0.546296 0.682813 0.548148 0.683333 0.548148 0.683854 0.549074 0.684375 0.549074 0.685417 0.550926 0.685937 0.550926 0.686458 0.551852 0.686979 0.551852 0.687500 0.552778 0.689063 0.552778 0.690104 0.550926 0.690104 0.547222 0.689063 0.545370 0.689063 0.544444 0.681771 0.531481 0.681771 0.530556 0.670833 0.511111 0.670833 0.510185 0.659896 0.490741
0 0.355990 0.520370 0.080729 0.085185 0.317188 0.477778 0.317188 0.480556 0.316667 0.481481 0.316667 0.485185 0.316146 0.486111 0.316146 0.489815 0.315625 0.490741 0.315625 0.496296 0.326042 0.514815 0.326562 0.514815 0.333854 0.527778 0.334375 0.527778 0.341667 0.540741 0.342187 0.540741 0.348958 0.552778 0.349479 0.552778 0.354167 0.561111 0.354687 0.561111 0.355208 0.562037 0.355729 0.562037 0.356250 0.562963 0.357292 0.562963 0.357812 0.562037 0.358333 0.562037 0.395833 0.495370 0.395833 0.494444 0.396354 0.493519 0.396354 0.490741 0.395833 0.489815 0.395833 0.487963 0.395313 0.487037 0.395313 0.484259 0.394792 0.483333 0.394792 0.481481 0.394271 0.480556 0.393229 0.482407 0.392708 0.482407 0.390625 0.486111 0.390104 0.486111 0.386458 0.492593 0.385937 0.492593 0.376042 0.510185 0.375521 0.510185 0.363021 0.532407 0.360938 0.532407 0.358854 0.528704 0.358854 0.518519 0.357292 0.521296 0.355729 0.521296 0.355208 0.520370 0.354687 0.520370 0.353646 0.518519 0.353646 0.524074 0.353125 0.525000 0.353125 0.525926 0.352604 0.526852 0.352083 0.526852 0.351562 0.527778 0.350000 0.527778 0.349479 0.526852 0.348958 0.526852 0.346875 0.523148 0.346354 0.523148 0.340625 0.512963 0.340104 0.512963 0.333854 0.501852 0.333333 0.501852 0.329167 0.494444 0.328646 0.494444 0.325521 0.488889 0.325000 0.488889 0.322396 0.484259 0.321875 0.484259 0.320312 0.481481 0.319792 0.481481 0.318750 0.479630 0.318229 0.479630
0 0.438021 0.515278 0.079167 0.075000 0.398438 0.477778 0.398438 0.479630 0.398958 0.480556 0.398958 0.482407 0.399479 0.483333 0.399479 0.486111 0.400000 0.487037 0.400000 0.487963 0.401562 0.490741 0.401562 0.491667 0.404167 0.496296 0.404687 0.496296 0.415625 0.515741 0.416146 0.515741 0.427083 0.535185 0.427604 0.535185 0.435937 0.550000 0.436458 0.550000 0.437500 0.551852 0.438021 0.551852 0.438542 0.552778 0.439583 0.552778 0.440625 0.550926 0.441146 0.550926 0.476042 0.488889 0.476042 0.487963 0.477604 0.485185 0.477604 0.482407 0.476562 0.480556 0.476562 0.479630 0.476042 0.479630 0.471875 0.487037 0.471354 0.487037 0.451042 0.523148 0.450521 0.523148 0.448958 0.525926 0.447396 0.525926 0.445312 0.522222 0.445312 0.521296 0.444792 0.520370 0.444792 0.519444 0.444271 0.518519 0.444271 0.517593 0.443750 0.516667 0.443750 0.515741 0.443229 0.514815 0.443229 0.513889 0.442188 0.512037 0.442188 0.511111 0.440625 0.513889 0.440104 0.513889 0.439583 0.514815 0.437500 0.514815 0.436458 0.512963 0.435937 0.512963 0.434896 0.511111 0.435417 0.512037 0.435417 0.512963 0.435937 0.513889 0.435937 0.514815 0.436458 0.515741 0.436458 0.516667 0.436979 0.517593 0.436979 0.518519 0.437500 0.519444 0.437500 0.520370 0.438021 0.521296 0.438021 0.522222 0.438542 0.523148 0.438542 0.526852 0.436979 0.529630 0.434896 0.529630 0.434375 0.528704 0.433854 0.528704 0.431250 0.524074 0.430729 0.524074 0.419271 0.503704 0.418750 0.503704 0.413021 0.493519 0.412500 0.493519 0.409375 0.487963 0.408854 0.487963 0.406771 0.484259 0.406250 0.484259 0.404687 0.481481 0.404167 0.481481 0.403125 0.479630 0.402604 0.479630 0.402083 0.478704 0.401042 0.478704 0.400521 0.477778
0 0.525000 0.511111 0.085417 0.088889 0.497917 0.466667 0.497396 0.467593 0.496875 0.467593 0.519271 0.507407 0.519271 0.508333 0.523438 0.515741 0.523438 0.519444 0.521875 0.522222 0.519792 0.522222 0.519271 0.521296 0.518750 0.521296 0.515104 0.514815 0.514583 0.514815 0.498437 0.486111 0.497917 0.486111 0.494271 0.479630 0.493750 0.479630 0.491667 0.475926 0.491146 0.475926 0.490104 0.474074 0.489583 0.474074 0.488542 0.472222 0.487500 0.472222 0.486979 0.471296 0.483333 0.471296 0.482812 0.472222 0.482292 0.472222 0.484375 0.475926 0.484375 0.476852 0.488021 0.483333 0.488021 0.484259 0.491146 0.489815 0.491146 0.490741 0.514062 0.531481 0.514583 0.531481 0.527083 0.553704 0.527604 0.553704 0.528125 0.554630 0.528646 0.554630 0.529167 0.555556 0.529687 0.555556 0.530729 0.553704 0.531250 0.553704 0.564583 0.494444 0.564583 0.493519 0.567187 0.488889 0.567187 0.487963 0.567708 0.487037 0.567708 0.486111 0.567187 0.485185 0.567187 0.484259 0.566146 0.482407 0.565625 0.482407 0.564063 0.479630 0.563542 0.479630 0.561979 0.476852 0.561458 0.476852 0.560417 0.475000 0.559896 0.475000 0.538542 0.512963 0.538021 0.512963 0.537500 0.513889 0.535937 0.513889 0.534896 0.512037 0.534375 0.512037 0.533854 0.511111 0.531250 0.515741 0.530729 0.515741 0.529687 0.517593 0.528125 0.517593 0.527604 0.516667 0.527083 0.516667 0.521875 0.507407 0.521354 0.507407 0.498437 0.466667
0 0.612240 0.508333 0.095312 0.092593 0.569271 0.462037 0.568750 0.462963 0.568229 0.462963 0.567187 0.464815 0.566667 0.464815 0.565104 0.467593 0.564583 0.467593 0.565104 0.467593 0.566667 0.470370 0.567187 0.470370 0.568229 0.472222 0.568750 0.472222 0.570312 0.475000 0.570833 0.475000 0.571875 0.476852 0.572396 0.476852 0.573958 0.479630 0.574479 0.479630 0.576042 0.482407 0.576562 0.482407 0.599479 0.523148 0.599479 0.524074 0.603646 0.531481 0.604167 0.531481 0.605729 0.534259 0.606250 0.534259 0.607812 0.537037 0.608333 0.537037 0.609896 0.539815 0.610417 0.539815 0.611979 0.542593 0.612500 0.542593 0.614062 0.545370 0.614583 0.545370 0.616146 0.548148 0.616667 0.548148 0.618229 0.550926 0.618750 0.550926 0.620313 0.553704 0.620833 0.553704 0.621354 0.554630 0.622396 0.554630 0.622917 0.553704 0.623437 0.553704 0.659375 0.489815 0.659375 0.488889 0.659896 0.487963 0.659896 0.484259 0.658854 0.482407 0.658333 0.482407 0.657813 0.481481 0.657292 0.481481 0.656250 0.479630 0.655729 0.479630 0.655208 0.480556 0.654687 0.480556 0.651042 0.487037 0.650521 0.487037 0.629167 0.525000 0.628646 0.525000 0.627083 0.527778 0.626042 0.527778 0.625521 0.526852 0.625000 0.526852 0.623958 0.525000 0.623437 0.525000 0.622396 0.523148 0.621875 0.523148 0.620833 0.521296 0.620313 0.521296 0.619271 0.519444 0.618750 0.519444 0.617708 0.517593 0.617188 0.517593 0.616146 0.515741 0.615625 0.515741 0.614583 0.513889 0.614062 0.513889 0.613021 0.512037 0.612500 0.512037 0.610938 0.509259 0.610417 0.509259 0.609375 0.507407 0.608854 0.507407 0.608333 0.506481 0.608333 0.507407 0.606771 0.510185 0.604688 0.510185 0.604167 0.509259 0.603646 0.509259 0.602604 0.507407 0.602083 0.507407 0.591667 0.488889 0.591146 0.488889 0.589583 0.486111 0.589063 0.486111 0.587500 0.483333 0.586979 0.483333 0.585938 0.481481 0.585417 0.481481 0.584375 0.479630 0.583854 0.479630 0.582812 0.477778 0.582292 0.477778 0.581250 0.475926 0.580729 0.475926 0.579688 0.474074 0.579167 0.474074 0.577604 0.471296 0.577083 0.471296 0.576042 0.469444 0.575521 0.469444 0.574479 0.467593 0.573958 0.467593 0.572917 0.465741 0.572396 0.465741 0.571354 0.463889 0.570833 0.463889 0.569792 0.462037
0 0.696094 0.515278 0.079687 0.076852 0.657813 0.476852 0.657292 0.477778 0.656771 0.477778 0.656250 0.478704 0.657292 0.480556 0.657813 0.480556 0.658333 0.481481 0.658854 0.481481 0.660417 0.484259 0.660417 0.487963 0.659896 0.488889 0.659896 0.489815 0.671354 0.510185 0.671354 0.511111 0.682292 0.530556 0.682292 0.531481 0.689583 0.544444 0.690104 0.544444 0.691146 0.546296 0.691667 0.546296 0.692187 0.547222 0.692708 0.547222 0.693229 0.548148 0.693750 0.548148 0.694792 0.550000 0.695312 0.550000 0.695833 0.550926 0.696354 0.550926 0.697396 0.552778 0.697917 0.552778 0.698438 0.553704 0.699479 0.553704 0.700521 0.551852 0.701042 0.551852 0.734375 0.492593 0.734375 0.491667 0.735938 0.488889 0.735938 0.485185 0.734896 0.483333 0.734375 0.483333 0.733854 0.482407 0.733333 0.482407 0.732812 0.481481 0.731771 0.481481 0.731250 0.480556 0.730729 0.480556 0.730208 0.479630 0.729688 0.479630 0.729167 0.478704 0.728125 0.478704 0.727604 0.477778 0.727083 0.477778 0.726562 0.476852 0.707812 0.510185 0.707812 0.511111 0.704688 0.516667 0.704167 0.516667 0.701042 0.522222 0.700521 0.522222 0.700000 0.523148 0.699479 0.523148 0.698958 0.522222 0.698438 0.522222 0.697917 0.521296 0.696875 0.521296 0.695833 0.523148 0.695312 0.523148 0.694792 0.524074 0.694271 0.524074 0.693750 0.523148 0.693229 0.523148 0.692708 0.522222 0.692187 0.522222 0.691667 0.521296 0.691146 0.521296 0.690104 0.519444 0.689583 0.519444 0.689063 0.518519 0.688542 0.518519 0.688021 0.517593 0.687500 0.517593 0.686979 0.516667 0.686458 0.516667 0.685937 0.515741 0.685417 0.515741 0.684896 0.514815 0.684375 0.514815 0.683333 0.512963 0.682813 0.512963 0.680729 0.509259 0.680729 0.508333 0.668750 0.487037 0.668229 0.487037 0.667708 0.486111 0.667188 0.486111 0.666667 0.485185 0.666146 0.485185 0.665625 0.484259 0.665104 0.484259 0.664583 0.483333 0.664062 0.483333 0.663542 0.482407 0.663021 0.482407 0.662500 0.481481 0.661979 0.481481 0.661458 0.480556 0.660937 0.480556 0.660417 0.479630 0.659896 0.479630 0.658854 0.477778 0.658333 0.477778
0 0.313021 0.484722 0.080208 0.091667 0.310937 0.438889 0.310417 0.439815 0.309375 0.439815 0.308854 0.440741 0.308333 0.440741 0.307292 0.442593 0.306771 0.442593 0.305729 0.444444 0.305208 0.444444 0.304167 0.446296 0.304167 0.448148 0.303646 0.449074 0.303646 0.450926 0.303125 0.451852 0.303125 0.454630 0.302604 0.455556 0.302604 0.457407 0.302083 0.458333 0.302083 0.461111 0.301563 0.462037 0.301563 0.464815 0.301042 0.465741 0.301042 0.467593 0.300521 0.468519 0.300521 0.471296 0.300000 0.472222 0.300000 0.474074 0.298958 0.475926 0.298958 0.476852 0.273958 0.521296 0.273958 0.522222 0.273438 0.523148 0.273438 0.525000 0.272917 0.525926 0.273438 0.526852 0.273438 0.527778 0.274479 0.529630 0.275000 0.529630 0.275521 0.530556 0.276042 0.529630 0.276562 0.529630 0.277083 0.528704 0.277604 0.528704 0.296875 0.494444 0.297396 0.494444 0.302604 0.485185 0.303125 0.485185 0.305208 0.481481 0.305729 0.481481 0.307292 0.478704 0.307812 0.478704 0.308854 0.476852 0.309375 0.476852 0.309896 0.475926 0.310417 0.475926 0.310937 0.475000 0.314583 0.475000 0.315104 0.475926 0.316146 0.475926 0.316667 0.476852 0.317188 0.476852 0.318229 0.478704 0.318750 0.478704 0.319792 0.480556 0.320312 0.480556 0.321875 0.483333 0.322396 0.483333 0.325000 0.487963 0.325521 0.487963 0.328646 0.493519 0.329167 0.493519 0.333333 0.500926 0.333854 0.500926 0.340104 0.512037 0.340625 0.512037 0.346354 0.522222 0.346875 0.522222 0.348958 0.525926 0.349479 0.525926 0.350000 0.526852 0.351562 0.526852 0.352083 0.525926 0.352604 0.525926 0.352604 0.525000 0.353125 0.524074 0.353125 0.517593 0.352604 0.517593 0.345833 0.505556 0.345313 0.505556 0.337500 0.491667 0.336979 0.491667 0.329167 0.477778 0.328646 0.477778 0.320833 0.463889 0.320312 0.463889 0.316146 0.456481 0.316146 0.455556 0.315104 0.453704 0.315104 0.450000 0.315625 0.449074 0.315625 0.445370 0.316146 0.444444 0.316146 0.440741 0.315625 0.440741 0.315104 0.439815 0.314063 0.439815 0.313542 0.438889
0 0.398698 0.486111 0.078646 0.090741 0.396875 0.440741 0.396354 0.441667 0.395833 0.441667 0.395313 0.442593 0.394792 0.442593 0.394792 0.444444 0.395313 0.445370 0.395313 0.447222 0.395833 0.448148 0.395833 0.452778 0.393750 0.456481 0.393750 0.457407 0.359375 0.518519 0.359375 0.528704 0.360938 0.531481 0.363021 0.531481 0.375521 0.509259 0.376042 0.509259 0.385937 0.491667 0.386458 0.491667 0.390104 0.485185 0.390625 0.485185 0.392708 0.481481 0.393229 0.481481 0.394271 0.479630 0.394792 0.479630 0.395313 0.478704 0.395833 0.478704 0.396354 0.477778 0.396875 0.477778 0.397396 0.476852 0.400521 0.476852 0.401042 0.477778 0.402083 0.477778 0.402604 0.478704 0.403125 0.478704 0.404167 0.480556 0.404687 0.480556 0.406250 0.483333 0.406771 0.483333 0.408854 0.487037 0.409375 0.487037 0.412500 0.492593 0.413021 0.492593 0.418750 0.502778 0.419271 0.502778 0.430729 0.523148 0.431250 0.523148 0.433854 0.527778 0.434375 0.527778 0.434896 0.528704 0.436979 0.528704 0.438021 0.526852 0.438021 0.523148 0.437500 0.522222 0.437500 0.521296 0.436979 0.520370 0.436979 0.519444 0.436458 0.518519 0.436458 0.517593 0.435937 0.516667 0.435937 0.515741 0.435417 0.514815 0.435417 0.513889 0.434896 0.512963 0.434896 0.512037 0.434375 0.511111 0.434375 0.510185 0.427604 0.498148 0.427083 0.498148 0.413021 0.473148 0.412500 0.473148 0.399479 0.450000 0.399479 0.449074 0.398958 0.448148 0.398958 0.446296 0.398438 0.445370 0.398438 0.443519 0.397917 0.442593 0.397917 0.441667 0.397396 0.440741
0 0.482812 0.480556 0.080208 0.088889 0.478646 0.436111 0.477604 0.437963 0.477083 0.437963 0.476042 0.439815 0.476042 0.440741 0.477604 0.443519 0.477604 0.447222 0.477083 0.448148 0.477083 0.449074 0.442708 0.510185 0.442708 0.512037 0.443750 0.513889 0.443750 0.514815 0.444271 0.515741 0.444271 0.516667 0.444792 0.517593 0.444792 0.518519 0.445312 0.519444 0.445312 0.520370 0.445833 0.521296 0.445833 0.522222 0.447396 0.525000 0.448958 0.525000 0.450521 0.522222 0.451042 0.522222 0.471354 0.486111 0.471875 0.486111 0.476042 0.478704 0.476562 0.478704 0.478646 0.475000 0.479167 0.475000 0.480208 0.473148 0.480729 0.473148 0.481771 0.471296 0.482812 0.471296 0.483333 0.470370 0.486979 0.470370 0.487500 0.471296 0.488542 0.471296 0.489583 0.473148 0.490104 0.473148 0.491146 0.475000 0.491667 0.475000 0.493750 0.478704 0.494271 0.478704 0.497917 0.485185 0.498437 0.485185 0.514583 0.513889 0.515104 0.513889 0.518750 0.520370 0.519271 0.520370 0.519792 0.521296 0.521875 0.521296 0.522917 0.519444 0.522917 0.515741 0.518750 0.508333 0.518750 0.507407 0.491667 0.459259 0.491667 0.458333 0.479167 0.436111
0 0.571094 0.475463 0.073438 0.075000 0.568750 0.437963 0.565625 0.443519 0.566146 0.443519 0.566667 0.444444 0.566667 0.445370 0.567708 0.447222 0.567708 0.449074 0.566667 0.450926 0.566667 0.451852 0.546354 0.487963 0.546354 0.488889 0.534375 0.510185 0.534375 0.511111 0.534896 0.511111 0.535937 0.512963 0.537500 0.512963 0.538021 0.512037 0.538542 0.512037 0.559896 0.474074 0.560417 0.474074 0.564583 0.466667 0.565104 0.466667 0.566667 0.463889 0.567187 0.463889 0.568229 0.462037 0.568750 0.462037 0.569271 0.461111 0.569792 0.461111 0.570833 0.462963 0.571354 0.462963 0.572396 0.464815 0.572917 0.464815 0.573958 0.466667 0.574479 0.466667 0.575521 0.468519 0.576042 0.468519 0.577083 0.470370 0.577604 0.470370 0.579167 0.473148 0.579688 0.473148 0.580729 0.475000 0.581250 0.475000 0.582292 0.476852 0.582812 0.476852 0.583854 0.478704 0.584375 0.478704 0.585417 0.480556 0.585938 0.480556 0.586979 0.482407 0.587500 0.482407 0.589063 0.485185 0.589583 0.485185 0.591146 0.487963 0.591667 0.487963 0.602083 0.506481 0.602604 0.506481 0.603646 0.508333 0.604167 0.508333 0.604688 0.509259 0.606771 0.509259 0.607812 0.507407 0.607812 0.504630 0.607292 0.503704 0.607292 0.502778 0.598958 0.487963 0.598958 0.487037 0.573438 0.441667 0.572917 0.441667 0.571875 0.439815 0.571354 0.439815 0.570833 0.438889 0.570312 0.438889 0.569792 0.437963
0 0.651563 0.489352 0.090625 0.075000 0.658854 0.451852 0.657813 0.453704 0.657813 0.454630 0.622917 0.516667 0.622396 0.516667 0.621875 0.517593 0.620833 0.517593 0.620313 0.516667 0.619792 0.516667 0.618750 0.514815 0.618229 0.514815 0.617188 0.512963 0.616667 0.512963 0.615625 0.511111 0.615104 0.511111 0.614062 0.509259 0.613542 0.509259 0.612500 0.507407 0.611979 0.507407 0.610938 0.505556 0.610417 0.505556 0.609375 0.503704 0.608854 0.503704 0.607812 0.501852 0.607292 0.501852 0.606250 0.500000 0.607812 0.502778 0.607812 0.503704 0.608333 0.504630 0.608333 0.505556 0.608854 0.506481 0.609375 0.506481 0.610417 0.508333 0.610938 0.508333 0.612500 0.511111 0.613021 0.511111 0.614062 0.512963 0.614583 0.512963 0.615625 0.514815 0.616146 0.514815 0.617188 0.516667 0.617708 0.516667 0.618750 0.518519 0.619271 0.518519 0.620313 0.520370 0.620833 0.520370 0.621875 0.522222 0.622396 0.522222 0.623437 0.524074 0.623958 0.524074 0.625000 0.525926 0.625521 0.525926 0.626042 0.526852 0.627083 0.526852 0.628646 0.524074 0.629167 0.524074 0.650521 0.486111 0.651042 0.486111 0.654687 0.479630 0.655208 0.479630 0.656771 0.476852 0.657292 0.476852 0.657813 0.475926 0.658333 0.476852 0.658854 0.476852 0.659896 0.478704 0.660417 0.478704 0.660937 0.479630 0.661458 0.479630 0.661979 0.480556 0.662500 0.480556 0.663021 0.481481 0.663542 0.481481 0.664062 0.482407 0.664583 0.482407 0.665104 0.483333 0.665625 0.483333 0.666146 0.484259 0.666667 0.484259 0.667188 0.485185 0.667708 0.485185 0.668229 0.486111 0.668750 0.486111 0.681250 0.508333 0.681250 0.509259 0.682813 0.512037 0.683333 0.512037 0.684375 0.513889 0.684896 0.513889 0.685417 0.514815 0.685937 0.514815 0.686458 0.515741 0.686979 0.515741 0.687500 0.516667 0.688021 0.516667 0.688542 0.517593 0.689063 0.517593 0.689583 0.518519 0.690104 0.518519 0.691146 0.520370 0.691667 0.520370 0.692187 0.521296 0.692708 0.521296 0.693229 0.522222 0.693750 0.522222 0.694271 0.523148 0.694792 0.523148 0.695312 0.522222 0.695833 0.522222 0.696875 0.520370 0.696875 0.517593 0.696354 0.516667 0.696354 0.515741 0.692187 0.508333 0.692187 0.507407 0.682813 0.490741 0.682813 0.489815 0.673958 0.474074 0.673958 0.473148 0.663542 0.454630 0.663021 0.454630 0.662500 0.453704 0.661979 0.453704 0.661458 0.452778 0.660937 0.452778 0.660417 0.451852
0 0.355469 0.481019 0.079687 0.078704 0.316667 0.441667 0.316667 0.444444 0.316146 0.445370 0.316146 0.449074 0.315625 0.450000 0.315625 0.453704 0.316667 0.455556 0.316667 0.456481 0.320312 0.462963 0.320833 0.462963 0.328646 0.476852 0.329167 0.476852 0.336979 0.490741 0.337500 0.490741 0.345313 0.504630 0.345833 0.504630 0.352604 0.516667 0.353125 0.516667 0.354687 0.519444 0.355208 0.519444 0.355729 0.520370 0.357292 0.520370 0.358854 0.517593 0.359375 0.517593 0.393229 0.457407 0.393229 0.456481 0.395313 0.452778 0.395313 0.448148 0.394792 0.447222 0.394792 0.445370 0.394271 0.444444 0.394271 0.443519 0.393750 0.444444 0.393229 0.444444 0.391667 0.447222 0.391146 0.447222 0.388021 0.452778 0.387500 0.452778 0.380208 0.465741 0.379688 0.465741 0.363021 0.495370 0.360938 0.495370 0.358854 0.491667 0.358854 0.487037 0.358333 0.487963 0.357812 0.487963 0.357292 0.488889 0.355208 0.488889 0.354167 0.487037 0.353646 0.487037 0.353125 0.486111 0.353125 0.488889 0.352083 0.490741 0.351562 0.490741 0.351042 0.491667 0.350000 0.491667 0.349479 0.490741 0.348958 0.490741 0.348438 0.489815 0.347917 0.489815 0.344792 0.484259 0.344271 0.484259 0.336979 0.471296 0.336458 0.471296 0.331250 0.462037 0.330729 0.462037 0.326562 0.454630 0.326042 0.454630 0.323437 0.450000 0.322917 0.450000 0.320833 0.446296 0.320312 0.446296 0.318750 0.443519 0.318229 0.443519 0.317188 0.441667
0 0.437500 0.476852 0.079167 0.074074 0.398958 0.439815 0.398438 0.440741 0.397917 0.440741 0.398438 0.441667 0.398438 0.442593 0.398958 0.443519 0.398958 0.445370 0.399479 0.446296 0.399479 0.448148 0.400000 0.449074 0.400000 0.450000 0.412500 0.472222 0.413021 0.472222 0.427083 0.497222 0.427604 0.497222 0.435937 0.512037 0.436458 0.512037 0.437500 0.513889 0.439583 0.513889 0.440104 0.512963 0.440625 0.512963 0.476562 0.449074 0.476562 0.448148 0.477083 0.447222 0.477083 0.443519 0.475521 0.440741 0.474479 0.442593 0.473958 0.442593 0.467708 0.453704 0.467187 0.453704 0.448437 0.487037 0.446875 0.487037 0.444792 0.483333 0.444792 0.482407 0.443750 0.480556 0.443750 0.479630 0.443229 0.478704 0.443229 0.477778 0.442188 0.475926 0.442188 0.475000 0.441667 0.474074 0.440104 0.476852 0.437500 0.476852 0.434896 0.472222 0.434375 0.472222 0.433854 0.471296 0.434375 0.472222 0.434375 0.473148 0.435417 0.475000 0.435417 0.475926 0.435937 0.476852 0.435937 0.477778 0.436458 0.478704 0.436458 0.479630 0.436979 0.480556 0.436979 0.481481 0.438021 0.483333 0.438021 0.484259 0.438542 0.485185 0.438542 0.486111 0.439063 0.487037 0.439063 0.488889 0.438542 0.489815 0.438542 0.490741 0.437500 0.492593 0.434896 0.492593 0.433854 0.490741 0.433333 0.490741 0.423958 0.474074 0.423438 0.474074 0.415104 0.459259 0.414583 0.459259 0.410417 0.451852 0.409896 0.451852 0.407292 0.447222 0.406771 0.447222 0.405208 0.444444 0.404687 0.444444 0.403646 0.442593 0.403125 0.442593 0.402604 0.441667 0.402083 0.441667 0.401562 0.440741 0.399479 0.440741
0 0.523958 0.474074 0.086458 0.085185 0.483854 0.431481 0.483333 0.432407 0.481771 0.432407 0.481250 0.433333 0.480729 0.433333 0.480729 0.434259 0.521354 0.506481 0.521875 0.506481 0.527083 0.515741 0.527604 0.515741 0.528125 0.516667 0.529687 0.516667 0.530729 0.514815 0.531250 0.514815 0.545833 0.488889 0.545833 0.487963 0.566146 0.451852 0.566146 0.450926 0.567187 0.449074 0.567187 0.447222 0.566146 0.445370 0.566146 0.444444 0.565104 0.444444 0.564583 0.445370 0.564063 0.445370 0.542708 0.483333 0.542188 0.483333 0.541667 0.484259 0.540104 0.484259 0.537500 0.479630 0.536979 0.479630 0.534896 0.475926 0.531771 0.481481 0.531250 0.481481 0.530729 0.482407 0.529167 0.482407 0.528646 0.481481 0.528125 0.481481 0.524479 0.475000 0.523958 0.475000 0.520312 0.468519 0.519792 0.468519 0.515625 0.461111 0.515104 0.461111 0.510938 0.453704 0.510417 0.453704 0.506771 0.447222 0.506250 0.447222 0.502083 0.439815 0.522396 0.475926 0.522396 0.476852 0.522917 0.477778 0.522917 0.480556 0.521354 0.483333 0.519271 0.483333 0.518750 0.482407 0.518229 0.482407 0.516146 0.478704 0.515625 0.478704 0.507292 0.463889 0.506771 0.463889 0.498958 0.450000 0.498437 0.450000 0.492188 0.438889 0.491667 0.438889 0.491146 0.437963 0.490625 0.437963 0.490104 0.437037 0.489583 0.437037 0.488542 0.435185 0.488021 0.435185 0.486458 0.432407 0.485938 0.432407 0.485417 0.431481
0 0.614583 0.474537 0.089583 0.084259 0.572917 0.432407 0.571875 0.434259 0.571354 0.434259 0.569792 0.437037 0.570312 0.437963 0.570833 0.437963 0.571354 0.438889 0.571875 0.438889 0.572917 0.440741 0.573438 0.440741 0.599479 0.487037 0.599479 0.487963 0.605729 0.499074 0.606250 0.499074 0.607292 0.500926 0.607812 0.500926 0.608854 0.502778 0.609375 0.502778 0.610417 0.504630 0.610938 0.504630 0.611979 0.506481 0.612500 0.506481 0.613542 0.508333 0.614062 0.508333 0.615104 0.510185 0.615625 0.510185 0.616667 0.512037 0.617188 0.512037 0.618229 0.513889 0.618750 0.513889 0.619792 0.515741 0.620313 0.515741 0.620833 0.516667 0.621875 0.516667 0.622396 0.515741 0.622917 0.515741 0.657292 0.454630 0.657292 0.453704 0.659375 0.450000 0.659375 0.446296 0.658333 0.444444 0.657813 0.444444 0.657292 0.443519 0.656771 0.443519 0.656250 0.442593 0.655729 0.442593 0.655208 0.441667 0.654687 0.441667 0.654167 0.440741 0.652604 0.440741 0.650000 0.445370 0.649479 0.445370 0.641667 0.459259 0.641146 0.459259 0.625000 0.487963 0.623437 0.487963 0.622917 0.487037 0.622396 0.487037 0.621354 0.485185 0.620833 0.485185 0.620313 0.484259 0.619792 0.484259 0.618750 0.482407 0.618229 0.482407 0.617708 0.481481 0.617188 0.481481 0.616146 0.479630 0.615625 0.479630 0.615104 0.478704 0.614583 0.478704 0.614062 0.477778 0.614062 0.478704 0.613021 0.480556 0.610417 0.480556 0.609375 0.478704 0.608854 0.478704 0.608333 0.477778 0.607812 0.477778 0.606771 0.475926 0.606250 0.475926 0.605729 0.475000 0.605208 0.475000 0.604167 0.473148 0.603646 0.473148 0.590104 0.449074 0.589583 0.449074 0.588542 0.447222 0.588021 0.447222 0.586979 0.445370 0.586458 0.445370 0.585938 0.444444 0.585417 0.444444 0.584375 0.442593 0.583854 0.442593 0.583333 0.441667 0.582812 0.441667 0.582292 0.440741 0.581771 0.440741 0.580729 0.438889 0.580208 0.438889 0.579688 0.437963 0.579167 0.437963 0.578125 0.436111 0.577604 0.436111 0.577083 0.435185 0.576562 0.435185 0.575521 0.433333 0.575000 0.433333 0.574479 0.432407
0 0.697917 0.485185 0.077083 0.074074 0.659896 0.448148 0.659896 0.450000 0.659375 0.450926 0.660417 0.450926 0.660937 0.451852 0.661458 0.451852 0.661979 0.452778 0.662500 0.452778 0.663021 0.453704 0.663542 0.453704 0.674479 0.473148 0.674479 0.474074 0.683333 0.489815 0.683333 0.490741 0.692708 0.507407 0.692708 0.508333 0.696875 0.515741 0.696875 0.516667 0.697396 0.517593 0.697396 0.520370 0.697917 0.520370 0.698438 0.521296 0.698958 0.521296 0.699479 0.522222 0.700000 0.522222 0.700521 0.521296 0.701042 0.521296 0.704167 0.515741 0.704688 0.515741 0.707292 0.511111 0.707292 0.510185 0.735938 0.459259 0.735938 0.458333 0.736458 0.457407 0.736458 0.454630 0.735417 0.452778 0.734896 0.452778 0.734375 0.451852 0.708333 0.498148 0.706250 0.498148 0.705729 0.497222 0.705208 0.497222 0.704688 0.496296 0.704167 0.496296 0.703646 0.495370 0.703125 0.495370 0.702604 0.494444 0.702083 0.494444 0.701562 0.493519 0.701042 0.493519 0.700521 0.492593 0.700000 0.492593 0.699479 0.491667 0.698958 0.491667 0.698438 0.490741 0.697917 0.490741 0.697396 0.489815 0.696354 0.489815 0.695833 0.488889 0.695312 0.488889 0.694792 0.487963 0.694271 0.487963 0.693750 0.487037 0.693229 0.487037 0.692708 0.486111 0.692187 0.486111 0.691667 0.485185 0.691146 0.485185 0.690625 0.484259 0.690104 0.484259 0.689583 0.483333 0.689063 0.483333 0.688542 0.482407 0.688021 0.482407 0.687500 0.481481 0.686979 0.481481 0.686458 0.480556 0.685937 0.480556 0.685417 0.479630 0.684375 0.479630 0.683854 0.478704 0.683333 0.478704 0.682813 0.477778 0.682292 0.477778 0.681771 0.476852 0.681250 0.476852 0.678646 0.472222 0.678646 0.471296 0.670312 0.456481 0.669792 0.456481 0.669271 0.455556 0.668750 0.455556 0.668229 0.454630 0.667708 0.454630 0.667188 0.453704 0.666667 0.453704 0.666146 0.452778 0.665625 0.452778 0.665104 0.451852 0.664583 0.451852 0.664062 0.450926 0.663021 0.450926 0.662500 0.450000 0.661979 0.450000 0.661458 0.449074 0.660937 0.449074 0.660417 0.448148
0 0.312500 0.446296 0.080208 0.094444 0.311458 0.399074 0.310937 0.400000 0.309375 0.400000 0.308854 0.400926 0.308333 0.400926 0.307812 0.401852 0.307292 0.401852 0.306250 0.403704 0.305729 0.403704 0.304167 0.406481 0.303646 0.406481 0.300000 0.412963 0.300000 0.414815 0.299479 0.415741 0.299479 0.417593 0.298958 0.418519 0.298958 0.420370 0.298438 0.421296 0.298438 0.422222 0.297917 0.423148 0.297917 0.425000 0.297396 0.425926 0.297396 0.427778 0.296875 0.428704 0.296875 0.430556 0.296354 0.431481 0.296354 0.432407 0.295833 0.433333 0.295833 0.435185 0.295312 0.436111 0.295312 0.437963 0.294792 0.438889 0.294792 0.440741 0.294271 0.441667 0.294271 0.442593 0.288021 0.453704 0.288021 0.454630 0.274479 0.478704 0.274479 0.479630 0.273958 0.480556 0.273958 0.481481 0.273438 0.482407 0.273438 0.484259 0.272917 0.485185 0.272917 0.486111 0.272396 0.487037 0.272396 0.490741 0.272917 0.491667 0.272917 0.492593 0.273438 0.492593 0.273958 0.493519 0.275521 0.493519 0.276042 0.492593 0.276562 0.492593 0.297396 0.455556 0.297917 0.455556 0.302604 0.447222 0.303125 0.447222 0.305208 0.443519 0.305729 0.443519 0.306771 0.441667 0.307292 0.441667 0.308333 0.439815 0.308854 0.439815 0.309375 0.438889 0.310417 0.438889 0.310937 0.437963 0.313542 0.437963 0.314063 0.438889 0.315104 0.438889 0.315625 0.439815 0.316146 0.439815 0.316667 0.440741 0.317188 0.440741 0.318229 0.442593 0.318750 0.442593 0.320312 0.445370 0.320833 0.445370 0.322917 0.449074 0.323437 0.449074 0.326042 0.453704 0.326562 0.453704 0.330729 0.461111 0.331250 0.461111 0.336458 0.470370 0.336979 0.470370 0.344271 0.483333 0.344792 0.483333 0.347917 0.488889 0.348438 0.488889 0.348958 0.489815 0.349479 0.489815 0.350000 0.490741 0.351042 0.490741 0.351562 0.489815 0.352083 0.489815 0.352604 0.488889 0.352604 0.485185 0.350000 0.480556 0.349479 0.480556 0.341146 0.465741 0.340625 0.465741 0.332813 0.451852 0.332292 0.451852 0.324479 0.437963 0.323958 0.437963 0.314583 0.421296 0.314583 0.420370 0.314063 0.419444 0.314063 0.415741 0.314583 0.414815 0.314583 0.412037 0.315104 0.411111 0.315104 0.409259 0.315625 0.408333 0.315625 0.405556 0.316146 0.404630 0.316146 0.401852 0.315625 0.401852 0.315104 0.400926 0.314583 0.400926 0.314063 0.400000 0.312500 0.400000 0.311979 0.399074
0 0.398958 0.447222 0.079167 0.094444 0.395833 0.400000 0.395313 0.400926 0.394792 0.400926 0.394271 0.401852 0.393750 0.401852 0.393750 0.402778 0.394271 0.403704 0.394271 0.405556 0.394792 0.406481 0.394792 0.407407 0.395313 0.408333 0.395313 0.410185 0.395833 0.411111 0.395833 0.412037 0.396354 0.412963 0.396354 0.414815 0.396875 0.415741 0.396875 0.418519 0.394792 0.422222 0.394792 0.423148 0.359375 0.486111 0.359375 0.491667 0.360938 0.494444 0.363021 0.494444 0.379688 0.464815 0.380208 0.464815 0.387500 0.451852 0.388021 0.451852 0.391146 0.446296 0.391667 0.446296 0.393229 0.443519 0.393750 0.443519 0.394792 0.441667 0.395313 0.441667 0.395833 0.440741 0.396354 0.440741 0.396875 0.439815 0.398438 0.439815 0.398958 0.438889 0.399479 0.439815 0.401562 0.439815 0.402083 0.440741 0.402604 0.440741 0.403125 0.441667 0.403646 0.441667 0.404687 0.443519 0.405208 0.443519 0.406771 0.446296 0.407292 0.446296 0.409896 0.450926 0.410417 0.450926 0.414583 0.458333 0.415104 0.458333 0.423438 0.473148 0.423958 0.473148 0.433333 0.489815 0.433854 0.489815 0.434896 0.491667 0.437500 0.491667 0.438021 0.490741 0.438021 0.489815 0.438542 0.488889 0.438542 0.487037 0.438021 0.486111 0.438021 0.485185 0.437500 0.484259 0.437500 0.483333 0.436458 0.481481 0.436458 0.480556 0.435937 0.479630 0.435937 0.478704 0.435417 0.477778 0.435417 0.476852 0.434896 0.475926 0.434896 0.475000 0.433854 0.473148 0.433854 0.472222 0.433333 0.471296 0.433333 0.470370 0.421354 0.449074 0.420833 0.449074 0.406771 0.424074 0.406250 0.424074 0.400521 0.413889 0.400521 0.412963 0.398958 0.410185 0.398958 0.408333 0.398438 0.407407 0.398438 0.406481 0.397917 0.405556 0.397917 0.404630 0.397396 0.403704 0.397396 0.401852 0.396875 0.400926 0.396875 0.400000
0 0.482292 0.442593 0.080208 0.087037 0.477083 0.399074 0.476042 0.400926 0.476042 0.401852 0.477604 0.404630 0.477604 0.405556 0.478125 0.406481 0.478125 0.407407 0.477604 0.408333 0.477604 0.409259 0.475521 0.412963 0.475521 0.413889 0.442188 0.473148 0.442188 0.474074 0.442708 0.475000 0.442708 0.475926 0.443750 0.477778 0.443750 0.478704 0.444271 0.479630 0.444271 0.480556 0.445312 0.482407 0.445312 0.483333 0.446875 0.486111 0.448437 0.486111 0.467187 0.452778 0.467708 0.452778 0.473958 0.441667 0.474479 0.441667 0.477083 0.437037 0.477604 0.437037 0.479167 0.434259 0.479687 0.434259 0.480729 0.432407 0.481250 0.432407 0.481771 0.431481 0.483333 0.431481 0.483854 0.430556 0.485417 0.430556 0.485938 0.431481 0.486979 0.431481 0.487500 0.432407 0.488021 0.432407 0.488542 0.433333 0.489063 0.433333 0.490625 0.436111 0.491146 0.436111 0.498437 0.449074 0.498958 0.449074 0.506771 0.462963 0.507292 0.462963 0.515625 0.477778 0.516146 0.477778 0.518229 0.481481 0.518750 0.481481 0.519271 0.482407 0.521354 0.482407 0.522396 0.480556 0.522396 0.477778 0.521875 0.476852 0.521875 0.475926 0.485938 0.412037 0.485417 0.412037 0.481771 0.405556 0.481250 0.405556 0.477604 0.399074
0 0.574740 0.441667 0.078646 0.083333 0.568229 0.400000 0.565104 0.405556 0.565625 0.405556 0.566667 0.407407 0.567187 0.407407 0.568750 0.410185 0.568750 0.411111 0.569271 0.412037 0.568750 0.412963 0.568750 0.413889 0.568229 0.414815 0.568229 0.415741 0.557292 0.435185 0.557292 0.436111 0.535417 0.475000 0.535417 0.475926 0.536979 0.478704 0.537500 0.478704 0.540104 0.483333 0.541667 0.483333 0.542188 0.482407 0.542708 0.482407 0.564063 0.444444 0.564583 0.444444 0.568750 0.437037 0.569271 0.437037 0.571354 0.433333 0.571875 0.433333 0.572917 0.431481 0.574479 0.431481 0.575000 0.432407 0.575521 0.432407 0.576562 0.434259 0.577083 0.434259 0.577604 0.435185 0.578125 0.435185 0.579167 0.437037 0.579688 0.437037 0.580208 0.437963 0.580729 0.437963 0.581771 0.439815 0.582292 0.439815 0.582812 0.440741 0.583333 0.440741 0.583854 0.441667 0.584375 0.441667 0.585417 0.443519 0.585938 0.443519 0.586458 0.444444 0.586979 0.444444 0.588021 0.446296 0.588542 0.446296 0.589583 0.448148 0.590104 0.448148 0.603646 0.472222 0.604167 0.472222 0.605208 0.474074 0.605729 0.474074 0.606250 0.475000 0.606771 0.475000 0.607812 0.476852 0.608333 0.476852 0.608854 0.477778 0.609375 0.477778 0.610417 0.479630 0.613021 0.479630 0.613542 0.478704 0.613542 0.477778 0.614062 0.476852 0.614062 0.475926 0.613542 0.475000 0.613542 0.474074 0.613021 0.473148 0.613021 0.472222 0.605729 0.459259 0.605729 0.458333 0.588542 0.427778 0.588542 0.426852 0.579688 0.411111 0.579167 0.411111 0.578125 0.409259 0.577604 0.409259 0.577083 0.408333 0.576562 0.408333 0.576042 0.407407 0.575521 0.407407 0.575000 0.406481 0.574479 0.406481 0.573958 0.405556 0.573438 0.405556 0.572917 0.404630 0.572396 0.404630 0.571354 0.402778 0.570833 0.402778 0.570312 0.401852 0.569792 0.401852 0.569271 0.400926 0.568750 0.400926
0 0.653906 0.450000 0.080729 0.074074 0.657292 0.412963 0.646354 0.432407 0.646354 0.433333 0.621875 0.476852 0.621354 0.476852 0.620313 0.478704 0.618750 0.478704 0.617708 0.476852 0.617188 0.476852 0.616667 0.475926 0.616146 0.475926 0.615625 0.475000 0.615104 0.475000 0.614062 0.473148 0.613542 0.473148 0.614062 0.474074 0.614062 0.475000 0.614583 0.475926 0.614583 0.477778 0.615104 0.477778 0.615625 0.478704 0.616146 0.478704 0.617188 0.480556 0.617708 0.480556 0.618229 0.481481 0.618750 0.481481 0.619792 0.483333 0.620313 0.483333 0.620833 0.484259 0.621354 0.484259 0.622396 0.486111 0.622917 0.486111 0.623437 0.487037 0.625000 0.487037 0.641146 0.458333 0.641667 0.458333 0.649479 0.444444 0.650000 0.444444 0.652604 0.439815 0.654167 0.439815 0.654687 0.440741 0.655208 0.440741 0.655729 0.441667 0.656250 0.441667 0.656771 0.442593 0.657292 0.442593 0.657813 0.443519 0.658333 0.443519 0.659896 0.446296 0.659896 0.447222 0.660417 0.447222 0.660937 0.448148 0.661458 0.448148 0.661979 0.449074 0.662500 0.449074 0.663021 0.450000 0.664062 0.450000 0.664583 0.450926 0.665104 0.450926 0.665625 0.451852 0.666146 0.451852 0.666667 0.452778 0.667188 0.452778 0.667708 0.453704 0.668229 0.453704 0.668750 0.454630 0.669271 0.454630 0.669792 0.455556 0.670312 0.455556 0.679167 0.471296 0.679167 0.472222 0.680729 0.475000 0.681771 0.475000 0.682292 0.475926 0.682813 0.475926 0.683333 0.476852 0.683854 0.476852 0.684375 0.477778 0.684896 0.477778 0.685417 0.478704 0.685937 0.478704 0.686458 0.479630 0.686979 0.479630 0.687500 0.480556 0.688021 0.480556 0.688542 0.481481 0.689063 0.481481 0.689583 0.482407 0.690104 0.482407 0.690625 0.483333 0.693229 0.483333 0.693750 0.482407 0.693750 0.481481 0.694271 0.480556 0.694271 0.478704 0.693229 0.476852 0.693229 0.475926 0.689583 0.469444 0.689583 0.468519 0.681771 0.454630 0.681771 0.453704 0.673438 0.438889 0.673438 0.437963 0.665625 0.424074 0.665625 0.423148 0.661979 0.416667 0.661458 0.416667 0.660417 0.414815 0.659375 0.414815 0.658854 0.413889 0.658333 0.413889 0.657813 0.412963
0 0.355469 0.445370 0.081771 0.085185 0.316667 0.402778 0.316667 0.404630 0.316146 0.405556 0.316146 0.408333 0.315625 0.409259 0.315625 0.411111 0.315104 0.412037 0.315104 0.414815 0.314583 0.415741 0.314583 0.419444 0.315104 0.420370 0.315104 0.421296 0.323958 0.437037 0.324479 0.437037 0.332292 0.450926 0.332813 0.450926 0.340625 0.464815 0.341146 0.464815 0.349479 0.479630 0.350000 0.479630 0.353646 0.486111 0.354167 0.486111 0.355208 0.487963 0.357292 0.487963 0.357812 0.487037 0.358333 0.487037 0.394271 0.423148 0.394271 0.422222 0.396354 0.418519 0.396354 0.415741 0.395833 0.414815 0.395833 0.412963 0.395313 0.412037 0.395313 0.411111 0.394792 0.410185 0.394792 0.408333 0.394271 0.407407 0.394271 0.406481 0.393750 0.405556 0.393750 0.403704 0.393229 0.402778 0.392708 0.403704 0.392188 0.403704 0.390625 0.406481 0.390104 0.406481 0.386458 0.412963 0.385937 0.412963 0.363542 0.452778 0.363021 0.452778 0.361979 0.454630 0.360938 0.454630 0.358333 0.450000 0.358333 0.443519 0.357292 0.445370 0.354687 0.445370 0.353646 0.443519 0.353125 0.443519 0.352604 0.442593 0.352604 0.446296 0.353125 0.447222 0.352604 0.448148 0.352604 0.450000 0.351562 0.451852 0.350521 0.451852 0.350000 0.452778 0.349479 0.451852 0.348958 0.451852 0.348438 0.450926 0.347917 0.450926 0.346354 0.448148 0.345833 0.448148 0.339583 0.437037 0.339062 0.437037 0.332292 0.425000 0.331771 0.425000 0.327083 0.416667 0.326562 0.416667 0.323958 0.412037 0.323437 0.412037 0.320833 0.407407 0.320312 0.407407 0.318750 0.404630 0.318229 0.404630 0.317188 0.402778
0 0.437500 0.437500 0.080208 0.076852 0.397396 0.399074 0.397396 0.400926 0.397917 0.401852 0.397917 0.403704 0.398438 0.404630 0.398438 0.405556 0.398958 0.406481 0.398958 0.407407 0.399479 0.408333 0.399479 0.410185 0.401042 0.412963 0.401042 0.413889 0.406250 0.423148 0.406771 0.423148 0.420833 0.448148 0.421354 0.448148 0.434375 0.471296 0.434896 0.471296 0.437500 0.475926 0.440104 0.475926 0.475000 0.413889 0.475000 0.412963 0.477083 0.409259 0.477083 0.408333 0.477604 0.407407 0.477604 0.406481 0.477083 0.405556 0.477083 0.404630 0.475521 0.401852 0.474479 0.403704 0.473958 0.403704 0.468750 0.412963 0.468229 0.412963 0.448437 0.448148 0.447917 0.448148 0.447396 0.449074 0.446875 0.449074 0.445833 0.447222 0.445312 0.447222 0.444792 0.446296 0.444792 0.445370 0.443750 0.443519 0.443750 0.442593 0.442708 0.440741 0.442708 0.439815 0.442188 0.438889 0.441146 0.438889 0.440104 0.440741 0.438542 0.440741 0.438021 0.439815 0.437500 0.439815 0.433854 0.433333 0.433333 0.433333 0.432812 0.432407 0.433854 0.434259 0.433854 0.435185 0.434896 0.437037 0.434896 0.437963 0.435937 0.439815 0.435937 0.440741 0.436458 0.441667 0.436458 0.442593 0.437500 0.444444 0.437500 0.445370 0.438021 0.446296 0.438021 0.447222 0.437500 0.448148 0.437500 0.449074 0.436458 0.450926 0.435937 0.450926 0.435417 0.451852 0.434896 0.451852 0.434375 0.450926 0.433854 0.450926 0.433333 0.450000 0.432812 0.450000 0.430208 0.445370 0.429688 0.445370 0.417187 0.423148 0.416667 0.423148 0.410938 0.412963 0.410417 0.412963 0.407813 0.408333 0.407292 0.408333 0.405208 0.404630 0.404687 0.404630 0.403125 0.401852 0.402604 0.401852 0.402083 0.400926 0.401562 0.400926 0.401042 0.400000 0.400000 0.400000 0.399479 0.399074
0 0.523438 0.437500 0.090625 0.087963 0.482292 0.393519 0.481771 0.394444 0.481250 0.394444 0.480729 0.395370 0.480208 0.395370 0.479687 0.396296 0.479167 0.396296 0.478125 0.398148 0.478125 0.399074 0.481250 0.404630 0.481771 0.404630 0.485417 0.411111 0.485938 0.411111 0.501563 0.438889 0.502083 0.438889 0.506250 0.446296 0.506771 0.446296 0.510417 0.452778 0.510938 0.452778 0.515104 0.460185 0.515625 0.460185 0.519792 0.467593 0.520312 0.467593 0.523958 0.474074 0.524479 0.474074 0.528125 0.480556 0.528646 0.480556 0.529167 0.481481 0.530729 0.481481 0.531250 0.480556 0.531771 0.480556 0.556771 0.436111 0.556771 0.435185 0.567708 0.415741 0.567708 0.414815 0.568229 0.413889 0.568229 0.412963 0.568750 0.412037 0.568229 0.411111 0.568229 0.410185 0.567187 0.408333 0.566667 0.408333 0.565625 0.406481 0.564583 0.406481 0.563542 0.408333 0.563021 0.408333 0.542188 0.445370 0.541667 0.445370 0.541146 0.446296 0.540104 0.446296 0.539583 0.445370 0.539062 0.445370 0.537500 0.442593 0.536979 0.442593 0.534896 0.446296 0.534375 0.446296 0.533333 0.448148 0.531250 0.448148 0.530208 0.446296 0.529687 0.446296 0.527604 0.442593 0.527083 0.442593 0.525521 0.439815 0.525000 0.439815 0.523438 0.437037 0.522917 0.437037 0.520833 0.433333 0.520312 0.433333 0.518750 0.430556 0.518229 0.430556 0.516667 0.427778 0.520833 0.435185 0.520833 0.436111 0.522396 0.438889 0.522396 0.442593 0.520833 0.445370 0.518750 0.445370 0.518229 0.444444 0.517708 0.444444 0.515625 0.440741 0.515104 0.440741 0.512500 0.436111 0.511979 0.436111 0.509896 0.432407 0.509375 0.432407 0.507292 0.428704 0.506771 0.428704 0.504167 0.424074 0.503646 0.424074 0.498437 0.414815 0.497917 0.414815 0.495312 0.410185 0.494792 0.410185 0.492188 0.405556 0.491667 0.405556 0.489583 0.401852 0.489063 0.401852 0.486979 0.398148 0.486458 0.398148 0.483854 0.393519
0 0.613021 0.436574 0.088542 0.082407 0.571875 0.395370 0.571354 0.396296 0.570833 0.396296 0.568750 0.400000 0.569271 0.400000 0.569792 0.400926 0.570312 0.400926 0.570833 0.401852 0.571354 0.401852 0.572396 0.403704 0.572917 0.403704 0.573438 0.404630 0.573958 0.404630 0.574479 0.405556 0.575000 0.405556 0.575521 0.406481 0.576042 0.406481 0.576562 0.407407 0.577083 0.407407 0.577604 0.408333 0.578125 0.408333 0.579167 0.410185 0.579688 0.410185 0.589063 0.426852 0.589063 0.427778 0.606250 0.458333 0.606250 0.459259 0.613542 0.472222 0.614062 0.472222 0.615104 0.474074 0.615625 0.474074 0.616146 0.475000 0.616667 0.475000 0.617188 0.475926 0.617708 0.475926 0.618750 0.477778 0.620313 0.477778 0.621354 0.475926 0.621875 0.475926 0.645833 0.433333 0.645833 0.432407 0.656771 0.412963 0.656771 0.412037 0.657292 0.411111 0.657292 0.407407 0.656250 0.405556 0.655208 0.405556 0.654687 0.404630 0.654167 0.404630 0.653646 0.403704 0.652604 0.403704 0.652083 0.402778 0.651563 0.402778 0.651042 0.401852 0.650521 0.401852 0.649479 0.403704 0.648958 0.403704 0.644792 0.411111 0.644271 0.411111 0.623437 0.448148 0.622917 0.448148 0.622396 0.449074 0.620833 0.449074 0.620313 0.448148 0.619792 0.448148 0.618750 0.446296 0.618229 0.446296 0.617708 0.445370 0.617188 0.445370 0.616667 0.444444 0.616146 0.444444 0.615625 0.443519 0.615104 0.443519 0.614583 0.442593 0.614062 0.442593 0.613542 0.441667 0.613021 0.441667 0.611979 0.443519 0.610938 0.443519 0.610417 0.442593 0.609896 0.442593 0.609375 0.441667 0.608854 0.441667 0.608333 0.440741 0.607812 0.440741 0.607292 0.439815 0.606771 0.439815 0.606250 0.438889 0.605729 0.438889 0.605208 0.437963 0.604688 0.437963 0.604167 0.437037 0.603646 0.437037 0.602604 0.435185 0.602083 0.435185 0.597917 0.427778 0.597917 0.426852 0.588021 0.409259 0.587500 0.409259 0.586979 0.408333 0.586458 0.408333 0.585938 0.407407 0.585417 0.407407 0.584896 0.406481 0.584375 0.406481 0.583854 0.405556 0.583333 0.405556 0.582812 0.404630 0.582292 0.404630 0.581771 0.403704 0.581250 0.403704 0.580729 0.402778 0.580208 0.402778 0.579688 0.401852 0.579167 0.401852 0.578646 0.400926 0.578125 0.400926 0.577604 0.400000 0.577083 0.400000 0.576562 0.399074 0.576042 0.399074 0.575521 0.398148 0.575000 0.398148 0.574479 0.397222 0.573958 0.397222 0.573438 0.396296 0.572917 0.396296 0.572396 0.395370
0 0.704427 0.439815 0.079687 0.114815 0.681250 0.475926 0.681771 0.475926 0.682292 0.476852 0.682813 0.476852 0.683333 0.477778 0.683854 0.477778 0.684375 0.478704 0.684896 0.478704 0.684375 0.478704 0.683854 0.477778 0.683333 0.477778 0.682813 0.476852 0.682292 0.476852 0.681771 0.475926
0 0.312240 0.398148 0.080729 0.112963 0.317708 0.341667 0.317188 0.342593 0.316667 0.342593 0.298958 0.374074 0.298958 0.375000 0.296875 0.378704 0.296875 0.379630 0.296354 0.380556 0.296354 0.381481 0.295833 0.382407 0.295833 0.384259 0.295312 0.385185 0.295312 0.386111 0.294792 0.387037 0.294792 0.387963 0.294271 0.388889 0.294271 0.389815 0.293750 0.390741 0.293750 0.391667 0.293229 0.392593 0.293229 0.393519 0.292708 0.394444 0.292708 0.396296 0.292187 0.397222 0.292187 0.398148 0.291667 0.399074 0.291667 0.400000 0.291146 0.400926 0.291146 0.401852 0.290625 0.402778 0.290625 0.403704 0.290104 0.404630 0.290104 0.406481 0.289583 0.407407 0.289583 0.408333 0.289062 0.409259 0.289062 0.410185 0.288542 0.411111 0.288542 0.412037 0.288021 0.412963 0.288021 0.413889 0.287500 0.414815 0.287500 0.415741 0.280729 0.427778 0.280729 0.428704 0.273958 0.440741 0.273958 0.441667 0.273438 0.442593 0.273438 0.443519 0.272917 0.444444 0.272917 0.445370 0.272396 0.446296 0.272396 0.447222 0.271875 0.448148 0.271875 0.450926 0.272396 0.451852 0.272396 0.452778 0.272917 0.453704 0.273438 0.453704 0.273958 0.454630 0.275000 0.454630 0.276042 0.452778 0.276562 0.452778 0.299479 0.412037 0.300000 0.412037 0.303646 0.405556 0.304167 0.405556 0.305729 0.402778 0.306250 0.402778 0.307292 0.400926 0.307812 0.400926 0.308333 0.400000 0.308854 0.400000 0.309375 0.399074 0.310937 0.399074 0.311458 0.398148 0.311979 0.398148 0.312500 0.399074 0.314063 0.399074 0.314583 0.400000 0.315104 0.400000 0.315625 0.400926 0.316146 0.400926 0.316667 0.401852 0.317188 0.401852 0.318229 0.403704 0.318750 0.403704 0.320312 0.406481 0.320833 0.406481 0.323437 0.411111 0.323958 0.411111 0.326562 0.415741 0.327083 0.415741 0.331771 0.424074 0.332292 0.424074 0.339062 0.436111 0.339583 0.436111 0.345833 0.447222 0.346354 0.447222 0.347917 0.450000 0.348438 0.450000 0.348958 0.450926 0.349479 0.450926 0.350000 0.451852 0.350521 0.450926 0.351562 0.450926 0.352083 0.450000 0.352083 0.448148 0.352604 0.447222 0.352083 0.446296 0.352083 0.441667 0.347396 0.433333 0.346875 0.433333 0.338021 0.417593 0.337500 0.417593 0.329167 0.402778 0.328646 0.402778 0.319792 0.387037 0.319271 0.387037 0.315625 0.380556 0.315625 0.379630 0.314063 0.376852 0.314063 0.374074 0.314583 0.373148 0.314583 0.371296 0.315104 0.370370 0.315104 0.368519 0.315625 0.367593 0.315625 0.365741 0.316146 0.364815 0.316146 0.362963 0.316667 0.362037 0.316667 0.360185 0.317188 0.359259 0.317188 0.357407 0.317708 0.356481 0.317708 0.354630 0.318229 0.353704 0.318229 0.351852 0.318750 0.350926 0.318750 0.349074 0.319271 0.348148 0.319271 0.346296 0.319792 0.345370 0.319792 0.343519 0.318750 0.341667
0 0.398177 0.398611 0.078646 0.110185 0.387500 0.343519 0.388021 0.344444 0.388021 0.345370 0.388542 0.346296 0.388542 0.347222 0.389062 0.348148 0.389062 0.349074 0.389583 0.350000 0.389583 0.350926 0.390104 0.351852 0.390104 0.352778 0.390625 0.353704 0.390625 0.354630 0.391146 0.355556 0.391146 0.357407 0.391667 0.358333 0.391667 0.359259 0.392188 0.360185 0.392188 0.361111 0.392708 0.362037 0.392708 0.362963 0.393229 0.363889 0.393229 0.364815 0.393750 0.365741 0.393750 0.366667 0.394271 0.367593 0.394271 0.368519 0.394792 0.369444 0.394792 0.370370 0.395313 0.371296 0.395313 0.372222 0.395833 0.373148 0.395833 0.375000 0.395313 0.375926 0.395313 0.376852 0.392708 0.381481 0.392708 0.382407 0.358854 0.442593 0.358854 0.450000 0.360938 0.453704 0.361979 0.453704 0.363021 0.451852 0.363542 0.451852 0.385937 0.412037 0.386458 0.412037 0.390104 0.405556 0.390625 0.405556 0.392188 0.402778 0.392708 0.402778 0.393750 0.400926 0.394271 0.400926 0.394792 0.400000 0.395313 0.400000 0.395833 0.399074 0.396875 0.399074 0.397396 0.398148 0.399479 0.398148 0.400000 0.399074 0.401042 0.399074 0.401562 0.400000 0.402083 0.400000 0.402604 0.400926 0.403125 0.400926 0.404687 0.403704 0.405208 0.403704 0.407292 0.407407 0.407813 0.407407 0.410417 0.412037 0.410938 0.412037 0.416667 0.422222 0.417187 0.422222 0.429688 0.444444 0.430208 0.444444 0.432812 0.449074 0.433333 0.449074 0.433854 0.450000 0.434375 0.450000 0.434896 0.450926 0.435417 0.450926 0.435937 0.450000 0.436458 0.450000 0.436979 0.449074 0.436979 0.448148 0.437500 0.447222 0.437500 0.446296 0.436979 0.445370 0.436979 0.444444 0.435937 0.442593 0.435937 0.441667 0.435417 0.440741 0.435417 0.439815 0.434375 0.437963 0.434375 0.437037 0.433333 0.435185 0.433333 0.434259 0.432292 0.432407 0.432292 0.431481 0.416667 0.403704 0.416146 0.403704 0.399479 0.374074 0.399479 0.373148 0.398958 0.372222 0.398958 0.371296 0.398438 0.370370 0.398438 0.369444 0.397917 0.368519 0.397917 0.367593 0.397396 0.366667 0.397396 0.365741 0.396354 0.363889 0.396354 0.362963 0.395833 0.362037 0.395833 0.361111 0.395313 0.360185 0.395313 0.359259 0.394792 0.358333 0.394792 0.357407 0.394271 0.356481 0.394271 0.355556 0.393750 0.354630 0.393750 0.353704 0.393229 0.352778 0.393229 0.351852 0.392708 0.350926 0.392708 0.350000 0.391667 0.348148 0.391667 0.347222 0.390625 0.345370 0.390104 0.345370 0.389062 0.343519
0 0.482031 0.393056 0.079687 0.110185 0.456771 0.337963 0.456771 0.338889 0.457813 0.340741 0.458333 0.340741 0.459896 0.343519 0.460417 0.343519 0.461458 0.345370 0.461979 0.345370 0.463542 0.348148 0.464062 0.348148 0.465625 0.350926 0.466146 0.350926 0.467708 0.353704 0.468229 0.353704 0.469271 0.355556 0.469792 0.355556 0.471354 0.358333 0.471875 0.358333 0.473438 0.361111 0.473958 0.361111 0.475521 0.363889 0.476042 0.363889 0.478646 0.368519 0.478646 0.371296 0.477604 0.373148 0.477604 0.374074 0.459375 0.406481 0.459375 0.407407 0.442188 0.437963 0.443229 0.439815 0.443229 0.440741 0.444271 0.442593 0.444271 0.443519 0.445312 0.445370 0.445312 0.446296 0.445833 0.446296 0.446875 0.448148 0.447396 0.448148 0.447917 0.447222 0.448437 0.447222 0.468229 0.412037 0.468750 0.412037 0.473958 0.402778 0.474479 0.402778 0.477083 0.398148 0.477604 0.398148 0.479167 0.395370 0.479687 0.395370 0.480208 0.394444 0.480729 0.394444 0.481250 0.393519 0.481771 0.393519 0.482292 0.392593 0.483854 0.392593 0.486458 0.397222 0.486979 0.397222 0.489063 0.400926 0.489583 0.400926 0.491667 0.404630 0.492188 0.404630 0.494792 0.409259 0.495312 0.409259 0.497917 0.413889 0.498437 0.413889 0.503646 0.423148 0.504167 0.423148 0.506771 0.427778 0.507292 0.427778 0.509375 0.431481 0.509896 0.431481 0.511979 0.435185 0.512500 0.435185 0.515104 0.439815 0.515625 0.439815 0.517708 0.443519 0.518229 0.443519 0.518750 0.444444 0.520833 0.444444 0.521875 0.442593 0.521875 0.438889 0.520312 0.436111 0.520312 0.435185 0.486458 0.375000 0.485938 0.375000 0.484375 0.372222 0.483854 0.372222 0.482812 0.370370 0.482292 0.370370 0.480729 0.367593 0.480208 0.367593 0.478646 0.364815 0.478125 0.364815 0.477083 0.362963 0.476562 0.362963 0.475000 0.360185 0.474479 0.360185 0.473438 0.358333 0.472917 0.358333 0.471354 0.355556 0.470833 0.355556 0.469792 0.353704 0.469271 0.353704 0.467708 0.350926 0.467187 0.350926 0.465625 0.348148 0.465104 0.348148 0.464062 0.346296 0.463542 0.346296 0.461979 0.343519 0.461458 0.343519 0.460417 0.341667 0.459896 0.341667 0.458333 0.338889 0.457813 0.338889 0.457292 0.337963
0 0.571354 0.390741 0.084375 0.109259 0.531771 0.336111 0.531250 0.337037 0.530729 0.337037 0.529167 0.339815 0.530208 0.339815 0.530729 0.340741 0.531250 0.340741 0.531771 0.341667 0.532292 0.341667 0.532813 0.342593 0.533333 0.342593 0.533854 0.343519 0.534896 0.343519 0.535417 0.344444 0.535937 0.344444 0.536458 0.345370 0.536979 0.345370 0.537500 0.346296 0.538021 0.346296 0.538542 0.347222 0.539062 0.347222 0.539583 0.348148 0.540625 0.348148 0.541146 0.349074 0.541667 0.349074 0.542188 0.350000 0.542708 0.350000 0.543229 0.350926 0.543750 0.350926 0.544271 0.351852 0.545312 0.351852 0.545833 0.352778 0.546354 0.352778 0.546875 0.353704 0.547396 0.353704 0.547917 0.354630 0.548438 0.354630 0.548958 0.355556 0.550000 0.355556 0.550521 0.356481 0.551042 0.356481 0.551562 0.357407 0.552083 0.357407 0.552604 0.358333 0.553125 0.358333 0.553646 0.359259 0.554167 0.359259 0.554688 0.360185 0.555729 0.360185 0.556250 0.361111 0.556771 0.361111 0.557292 0.362037 0.557813 0.362037 0.558333 0.362963 0.558854 0.362963 0.559375 0.363889 0.560417 0.363889 0.560937 0.364815 0.561458 0.364815 0.561979 0.365741 0.562500 0.365741 0.563021 0.366667 0.563542 0.366667 0.564063 0.367593 0.564583 0.367593 0.565104 0.368519 0.566146 0.368519 0.566667 0.369444 0.567187 0.369444 0.567708 0.370370 0.568229 0.370370 0.568750 0.371296 0.569271 0.371296 0.569792 0.372222 0.570312 0.372222 0.571875 0.375000 0.571875 0.378704 0.570833 0.380556 0.570833 0.381481 0.550521 0.417593 0.550521 0.418519 0.537500 0.441667 0.539062 0.444444 0.539583 0.444444 0.540104 0.445370 0.541146 0.445370 0.541667 0.444444 0.542188 0.444444 0.563021 0.407407 0.563542 0.407407 0.568229 0.399074 0.568750 0.399074 0.570833 0.395370 0.571354 0.395370 0.571875 0.394444 0.572396 0.394444 0.572917 0.395370 0.573438 0.395370 0.573958 0.396296 0.574479 0.396296 0.575000 0.397222 0.575521 0.397222 0.576042 0.398148 0.576562 0.398148 0.577083 0.399074 0.577604 0.399074 0.578125 0.400000 0.578646 0.400000 0.579167 0.400926 0.579688 0.400926 0.580208 0.401852 0.580729 0.401852 0.581250 0.402778 0.581771 0.402778 0.582292 0.403704 0.582812 0.403704 0.583333 0.404630 0.583854 0.404630 0.584375 0.405556 0.584896 0.405556 0.585417 0.406481 0.585938 0.406481 0.586458 0.407407 0.586979 0.407407 0.587500 0.408333 0.588021 0.408333 0.598437 0.426852 0.598437 0.427778 0.602083 0.434259 0.602604 0.434259 0.603646 0.436111 0.604167 0.436111 0.604688 0.437037 0.605208 0.437037 0.605729 0.437963 0.606250 0.437963 0.606771 0.438889 0.607292 0.438889 0.607812 0.439815 0.608333 0.439815 0.608854 0.440741 0.609375 0.440741 0.609896 0.441667 0.610417 0.441667 0.610938 0.442593 0.611979 0.442593 0.613542 0.439815 0.613542 0.437037 0.612500 0.435185 0.612500 0.434259 0.604167 0.419444 0.604167 0.418519 0.590625 0.394444 0.590625 0.393519 0.578646 0.372222 0.578125 0.372222 0.577604 0.371296 0.577083 0.371296 0.576562 0.370370 0.576042 0.370370 0.575521 0.369444 0.574479 0.369444 0.573958 0.368519 0.573438 0.368519 0.572917 0.367593 0.572396 0.367593 0.571875 0.366667 0.570833 0.366667 0.570312 0.365741 0.569792 0.365741 0.569271 0.364815 0.568750 0.364815 0.568229 0.363889 0.567708 0.363889 0.567187 0.362963 0.566146 0.362963 0.565625 0.362037 0.565104 0.362037 0.564583 0.361111 0.564063 0.361111 0.563542 0.360185 0.562500 0.360185 0.561979 0.359259 0.561458 0.359259 0.560937 0.358333 0.560417 0.358333 0.559896 0.357407 0.559375 0.357407 0.558854 0.356481 0.557813 0.356481 0.557292 0.355556 0.556771 0.355556 0.556250 0.354630 0.555729 0.354630 0.555208 0.353704 0.554167 0.353704 0.553646 0.352778 0.553125 0.352778 0.552604 0.351852 0.552083 0.351852 0.551562 0.350926 0.550521 0.350926 0.550000 0.350000 0.549479 0.350000 0.548958 0.349074 0.548438 0.349074 0.547917 0.348148 0.547396 0.348148 0.546875 0.347222 0.545833 0.347222 0.545312 0.346296 0.544792 0.346296 0.544271 0.345370 0.543750 0.345370 0.543229 0.344444 0.542188 0.344444 0.541667 0.343519 0.541146 0.343519 0.540625 0.342593 0.540104 0.342593 0.539583 0.341667 0.539062 0.341667 0.538542 0.340741 0.537500 0.340741 0.536979 0.339815 0.536458 0.339815 0.535937 0.338889 0.535417 0.338889 0.534896 0.337963 0.533854 0.337963 0.533333 0.337037 0.532813 0.337037 0.532292 0.336111
0 0.652344 0.412500 0.077604 0.071296 0.656771 0.376852 0.645312 0.397222 0.645312 0.398148 0.621875 0.439815 0.621354 0.439815 0.620313 0.441667 0.618750 0.441667 0.618229 0.440741 0.617708 0.440741 0.617188 0.439815 0.616667 0.439815 0.616146 0.438889 0.615625 0.438889 0.615104 0.437963 0.614583 0.437963 0.614062 0.437037 0.614062 0.439815 0.613542 0.440741 0.614062 0.441667 0.614583 0.441667 0.615104 0.442593 0.615625 0.442593 0.616146 0.443519 0.616667 0.443519 0.617188 0.444444 0.617708 0.444444 0.618229 0.445370 0.618750 0.445370 0.619792 0.447222 0.620313 0.447222 0.620833 0.448148 0.622396 0.448148 0.622917 0.447222 0.623437 0.447222 0.644271 0.410185 0.644792 0.410185 0.648958 0.402778 0.649479 0.402778 0.650521 0.400926 0.651042 0.400926 0.651563 0.401852 0.652083 0.401852 0.652604 0.402778 0.653646 0.402778 0.654167 0.403704 0.654687 0.403704 0.655208 0.404630 0.656250 0.404630 0.657813 0.407407 0.657813 0.411111 0.657292 0.412037 0.657813 0.412037 0.658333 0.412963 0.658854 0.412963 0.659375 0.413889 0.660417 0.413889 0.661458 0.415741 0.661979 0.415741 0.665104 0.421296 0.666146 0.421296 0.666667 0.422222 0.667188 0.422222 0.667708 0.423148 0.668750 0.423148 0.669271 0.424074 0.669792 0.424074 0.670312 0.425000 0.671354 0.425000 0.671875 0.425926 0.672396 0.425926 0.672917 0.426852 0.673438 0.426852 0.673958 0.427778 0.675000 0.427778 0.675521 0.428704 0.676042 0.428704 0.676562 0.429630 0.677083 0.429630 0.678125 0.431481 0.678646 0.431481 0.681771 0.437037 0.681771 0.437963 0.683854 0.441667 0.684375 0.441667 0.684896 0.442593 0.685417 0.442593 0.685937 0.443519 0.686979 0.443519 0.687500 0.444444 0.688021 0.444444 0.688542 0.445370 0.690104 0.445370 0.691146 0.443519 0.691146 0.439815 0.690625 0.438889 0.690625 0.437963 0.688021 0.433333 0.688021 0.432407 0.681250 0.420370 0.681250 0.419444 0.673958 0.406481 0.673958 0.405556 0.666667 0.392593 0.666667 0.391667 0.658333 0.376852