0 0.289583 0.543056 0.079167 0.073148 0.256250 0.506481 0.254688 0.509259 0.254167 0.509259 0.253646 0.510185 0.253125 0.510185 0.252604 0.511111 0.252083 0.511111 0.251042 0.512963 0.250521 0.512963 0.250000 0.513889 0.250000 0.518519 0.250521 0.519444 0.250521 0.520370 0.266146 0.548148 0.266667 0.548148 0.283854 0.578704 0.284375 0.578704 0.284896 0.579630 0.291146 0.579630 0.292708 0.576852 0.293229 0.576852 0.295312 0.573148 0.295833 0.573148 0.297396 0.570370 0.297917 0.570370 0.299479 0.567593 0.300000 0.567593 0.302083 0.563889 0.302604 0.563889 0.304167 0.561111 0.304688 0.561111 0.306771 0.557407 0.307292 0.557407 0.308854 0.554630 0.309375 0.554630 0.311458 0.550926 0.311979 0.550926 0.313542 0.548148 0.314063 0.548148 0.315625 0.545370 0.316146 0.545370 0.318229 0.541667 0.318750 0.541667 0.320312 0.538889 0.320833 0.538889 0.322917 0.535185 0.323437 0.535185 0.325000 0.532407 0.325521 0.532407 0.327604 0.528704 0.328125 0.528704 0.329167 0.526852 0.329167 0.524074 0.328125 0.522222 0.328125 0.521296 0.327083 0.519444 0.327083 0.518519 0.326042 0.516667 0.326042 0.515741 0.325000 0.513889 0.325000 0.512963 0.324479 0.512037 0.324479 0.511111 0.323958 0.510185 0.322917 0.510185 0.322396 0.511111 0.321875 0.511111 0.320833 0.512963 0.320312 0.512963 0.319271 0.514815 0.318750 0.514815 0.318229 0.515741 0.317708 0.515741 0.316667 0.517593 0.316146 0.517593 0.315104 0.519444 0.314583 0.519444 0.313542 0.521296 0.313021 0.521296 0.311979 0.523148 0.311458 0.523148 0.310937 0.524074 0.310417 0.524074 0.309375 0.525926 0.308854 0.525926 0.307812 0.527778 0.307292 0.527778 0.306250 0.529630 0.305729 0.529630 0.305208 0.530556 0.304688 0.530556 0.303646 0.532407 0.303125 0.532407 0.302083 0.534259 0.301563 0.534259 0.300521 0.536111 0.300000 0.536111 0.299479 0.537037 0.298958 0.537037 0.297917 0.538889 0.297396 0.538889 0.296354 0.540741 0.295833 0.540741 0.294792 0.542593 0.294271 0.542593 0.293229 0.544444 0.292708 0.544444 0.292187 0.545370 0.291667 0.545370 0.290625 0.547222 0.290104 0.547222 0.289062 0.549074 0.288542 0.549074 0.287500 0.550926 0.286979 0.550926 0.286458 0.551852 0.284375 0.551852 0.282813 0.549074 0.282813 0.546296 0.283854 0.544444 0.283854 0.543519 0.282813 0.543519 0.282292 0.544444 0.281771 0.544444 0.280729 0.546296 0.278646 0.546296
0 0.286719 0.504630 0.089063 0.083333 0.328125 0.462963 0.327604 0.463889 0.327083 0.463889 0.326562 0.464815 0.326042 0.464815 0.325521 0.465741 0.325000 0.465741 0.324479 0.466667 0.323958 0.466667 0.322917 0.468519 0.322396 0.468519 0.321875 0.469444 0.321354 0.469444 0.320833 0.470370 0.320312 0.470370 0.319792 0.471296 0.319271 0.471296 0.318750 0.472222 0.318229 0.472222 0.317188 0.474074 0.316667 0.474074 0.316146 0.475000 0.315625 0.475000 0.315104 0.475926 0.314583 0.475926 0.314063 0.476852 0.313542 0.476852 0.312500 0.478704 0.311979 0.478704 0.311458 0.479630 0.310937 0.479630 0.295833 0.506481 0.295312 0.506481 0.294792 0.507407 0.294271 0.507407 0.293229 0.509259 0.292708 0.509259 0.292187 0.510185 0.291146 0.510185 0.290625 0.509259 0.290104 0.509259 0.289062 0.507407 0.289062 0.506481 0.288542 0.505556 0.288021 0.506481 0.287500 0.506481 0.286979 0.507407 0.286458 0.507407 0.285938 0.508333 0.285417 0.508333 0.284375 0.510185 0.283854 0.510185 0.283333 0.511111 0.282813 0.511111 0.282292 0.512037 0.281771 0.512037 0.281250 0.512963 0.280729 0.512963 0.279687 0.514815 0.279167 0.514815 0.278646 0.515741 0.278125 0.515741 0.277604 0.516667 0.277083 0.516667 0.276562 0.517593 0.276042 0.517593 0.275000 0.519444 0.274479 0.519444 0.273958 0.520370 0.273438 0.520370 0.272917 0.521296 0.272396 0.521296 0.271875 0.522222 0.270313 0.522222 0.243750 0.475000 0.243229 0.475926 0.242708 0.475926 0.242708 0.476852 0.242188 0.477778 0.242188 0.479630 0.242708 0.480556 0.242708 0.481481 0.251042 0.496296 0.251042 0.497222 0.278125 0.545370 0.278646 0.545370 0.279167 0.546296 0.280208 0.546296 0.280729 0.545370 0.281250 0.545370 0.282292 0.543519 0.282813 0.543519 0.283333 0.542593 0.283854 0.542593 0.316667 0.484259 0.317188 0.484259 0.318229 0.482407 0.318750 0.482407 0.319271 0.481481 0.319792 0.481481 0.320312 0.480556 0.320833 0.480556 0.321354 0.479630 0.321354 0.476852 0.322917 0.474074 0.323437 0.474074 0.323958 0.473148 0.324479 0.473148 0.325000 0.472222 0.325521 0.472222 0.326042 0.471296 0.326562 0.471296 0.327604 0.469444 0.328125 0.469444 0.328646 0.468519 0.329167 0.468519 0.329688 0.467593 0.330208 0.467593 0.330729 0.466667 0.331250 0.466667 0.330729 0.465741 0.330208 0.465741 0.329167 0.463889 0.328646 0.463889
0 0.281510 0.475926 0.096354 0.090741 0.329167 0.430556 0.328646 0.431481 0.328125 0.431481 0.327604 0.432407 0.326562 0.432407 0.326042 0.433333 0.325521 0.433333 0.325000 0.434259 0.324479 0.434259 0.323958 0.435185 0.323437 0.435185 0.322917 0.436111 0.322396 0.436111 0.321875 0.437037 0.321354 0.437037 0.320833 0.437963 0.320312 0.437963 0.319792 0.438889 0.319271 0.438889 0.318750 0.439815 0.318229 0.439815 0.317708 0.440741 0.317188 0.440741 0.316667 0.441667 0.316146 0.441667 0.315625 0.442593 0.315104 0.442593 0.314583 0.443519 0.314063 0.443519 0.313542 0.444444 0.313021 0.444444 0.312500 0.445370 0.311979 0.445370 0.311458 0.446296 0.310937 0.446296 0.310417 0.447222 0.309896 0.447222 0.309375 0.448148 0.308333 0.448148 0.307812 0.449074 0.307292 0.449074 0.306771 0.450000 0.306250 0.450000 0.305729 0.450926 0.305208 0.450926 0.304688 0.451852 0.304167 0.451852 0.303125 0.453704 0.302604 0.453704 0.290104 0.475926 0.289062 0.475926 0.288542 0.475000 0.288021 0.475926 0.287500 0.475926 0.286979 0.476852 0.286458 0.476852 0.285938 0.477778 0.285417 0.477778 0.284896 0.478704 0.284375 0.478704 0.283854 0.479630 0.283333 0.479630 0.282813 0.480556 0.282292 0.480556 0.281771 0.481481 0.281250 0.481481 0.280729 0.482407 0.280208 0.482407 0.279687 0.483333 0.279167 0.483333 0.278646 0.484259 0.278125 0.484259 0.277604 0.485185 0.277083 0.485185 0.276562 0.486111 0.276042 0.486111 0.275521 0.487037 0.275000 0.487037 0.274479 0.487963 0.273958 0.487963 0.273438 0.488889 0.272917 0.488889 0.272396 0.489815 0.271875 0.489815 0.271354 0.490741 0.269792 0.490741 0.269271 0.489815 0.268750 0.489815 0.242708 0.443519 0.242188 0.444444 0.241146 0.444444 0.240625 0.445370 0.239583 0.445370 0.239063 0.446296 0.238542 0.446296 0.238021 0.447222 0.236979 0.447222 0.236458 0.448148 0.235937 0.448148 0.235417 0.449074 0.234375 0.449074 0.233333 0.450926 0.233333 0.454630 0.234375 0.456481 0.234375 0.457407 0.270313 0.521296 0.271875 0.521296 0.272396 0.520370 0.272917 0.520370 0.273438 0.519444 0.273958 0.519444 0.274479 0.518519 0.275000 0.518519 0.276042 0.516667 0.276562 0.516667 0.277083 0.515741 0.277604 0.515741 0.278125 0.514815 0.278646 0.514815 0.279167 0.513889 0.279687 0.513889 0.280729 0.512037 0.281250 0.512037 0.281771 0.511111 0.282292 0.511111 0.282813 0.510185 0.283333 0.510185 0.283854 0.509259 0.284375 0.509259 0.285417 0.507407 0.285938 0.507407 0.286458 0.506481 0.286979 0.506481 0.287500 0.505556 0.288021 0.505556 0.288542 0.504630 0.288542 0.503704 0.289583 0.501852 0.289583 0.500926 0.315625 0.454630 0.315625 0.453704 0.320833 0.444444 0.321354 0.444444 0.323437 0.440741 0.323958 0.440741 0.324479 0.439815 0.325000 0.439815 0.325000 0.437037 0.326562 0.434259 0.327083 0.434259 0.327604 0.433333 0.328125 0.433333 0.328646 0.432407 0.329167 0.432407 0.329688 0.431481
0 0.276302 0.449074 0.086979 0.081481 0.319271 0.408333 0.318750 0.409259 0.317708 0.409259 0.317188 0.410185 0.316667 0.410185 0.316146 0.411111 0.315625 0.411111 0.315104 0.412037 0.314063 0.412037 0.313542 0.412963 0.313021 0.412963 0.312500 0.413889 0.311979 0.413889 0.311458 0.414815 0.310417 0.414815 0.309896 0.415741 0.309375 0.415741 0.308854 0.416667 0.308333 0.416667 0.307812 0.417593 0.306771 0.417593 0.306250 0.418519 0.305729 0.418519 0.305208 0.419444 0.304688 0.419444 0.304167 0.420370 0.303125 0.420370 0.302604 0.421296 0.302083 0.421296 0.290625 0.441667 0.290625 0.442593 0.289062 0.445370 0.288542 0.445370 0.288021 0.446296 0.286979 0.446296 0.286458 0.447222 0.285938 0.447222 0.285417 0.448148 0.284896 0.448148 0.284375 0.449074 0.283854 0.449074 0.283333 0.450000 0.282292 0.450000 0.281771 0.450926 0.281250 0.450926 0.280729 0.451852 0.280208 0.451852 0.279687 0.452778 0.279167 0.452778 0.278646 0.453704 0.277604 0.453704 0.277083 0.454630 0.276562 0.454630 0.276042 0.455556 0.275521 0.455556 0.275000 0.456481 0.274479 0.456481 0.273958 0.457407 0.273438 0.457407 0.272917 0.458333 0.271875 0.458333 0.271354 0.459259 0.270833 0.459259 0.270313 0.460185 0.269792 0.460185 0.269271 0.461111 0.268750 0.461111 0.268229 0.462037 0.267188 0.462037 0.266667 0.462963 0.266146 0.462963 0.265625 0.463889 0.265104 0.463889 0.264583 0.464815 0.264062 0.464815 0.263542 0.465741 0.261979 0.465741 0.260937 0.463889 0.260417 0.463889 0.234896 0.418519 0.233854 0.418519 0.232813 0.420370 0.232813 0.424074 0.233854 0.425926 0.233854 0.426852 0.268750 0.488889 0.269271 0.488889 0.269792 0.489815 0.271354 0.489815 0.271875 0.488889 0.272396 0.488889 0.272917 0.487963 0.273438 0.487963 0.273958 0.487037 0.274479 0.487037 0.275000 0.486111 0.275521 0.486111 0.276042 0.485185 0.276562 0.485185 0.277083 0.484259 0.277604 0.484259 0.278125 0.483333 0.278646 0.483333 0.279167 0.482407 0.279687 0.482407 0.280208 0.481481 0.280729 0.481481 0.281250 0.480556 0.281771 0.480556 0.282292 0.479630 0.282813 0.479630 0.283333 0.478704 0.283854 0.478704 0.284375 0.477778 0.284896 0.477778 0.285417 0.476852 0.285938 0.476852 0.286458 0.475926 0.286979 0.475926 0.287500 0.475000 0.288021 0.475000 0.288021 0.474074 0.286979 0.472222 0.286979 0.469444 0.287500 0.468519 0.287500 0.467593 0.290104 0.462963 0.290104 0.462037 0.310417 0.425926 0.310417 0.425000 0.319792 0.408333
0 0.269792 0.409722 0.090625 0.110185 0.297917 0.354630 0.297396 0.355556 0.296354 0.355556 0.295833 0.356481 0.294792 0.356481 0.294271 0.357407 0.292708 0.357407 0.292187 0.358333 0.291146 0.358333 0.290625 0.359259 0.289583 0.359259 0.289062 0.360185 0.287500 0.360185 0.286979 0.361111 0.285938 0.361111 0.285417 0.362037 0.283854 0.362037 0.283333 0.362963 0.282292 0.362963 0.281771 0.363889 0.280729 0.363889 0.280208 0.364815 0.278646 0.364815 0.278125 0.365741 0.277083 0.365741 0.276562 0.366667 0.275521 0.366667 0.275000 0.367593 0.273438 0.367593 0.272917 0.368519 0.271875 0.368519 0.271354 0.369444 0.270313 0.369444 0.269792 0.370370 0.268229 0.370370 0.267708 0.371296 0.266667 0.371296 0.266146 0.372222 0.265104 0.372222 0.264583 0.373148 0.263021 0.373148 0.262500 0.374074 0.261458 0.374074 0.260937 0.375000 0.259896 0.375000 0.259375 0.375926 0.257812 0.375926 0.257292 0.376852 0.256250 0.376852 0.255729 0.377778 0.254167 0.377778 0.253646 0.378704 0.252604 0.378704 0.252083 0.379630 0.251042 0.379630 0.250521 0.380556 0.248958 0.380556 0.248438 0.381481 0.247396 0.381481 0.246875 0.382407 0.245833 0.382407 0.245312 0.383333 0.243750 0.383333 0.243229 0.384259 0.242188 0.384259 0.241667 0.385185 0.240625 0.385185 0.240104 0.386111 0.238542 0.386111 0.238021 0.387037 0.236979 0.387037 0.236458 0.387963 0.235417 0.387963 0.234896 0.388889 0.233333 0.388889 0.232813 0.389815 0.231771 0.389815 0.231250 0.390741 0.230208 0.390741 0.229687 0.391667 0.228125 0.391667 0.227604 0.392593 0.226562 0.392593 0.226042 0.393519 0.225000 0.393519 0.224479 0.394444 0.224479 0.398148 0.225000 0.399074 0.225000 0.400000 0.260417 0.462963 0.260937 0.462963 0.261979 0.464815 0.263542 0.464815 0.264062 0.463889 0.264583 0.463889 0.265104 0.462963 0.265625 0.462963 0.266146 0.462037 0.266667 0.462037 0.267188 0.461111 0.268229 0.461111 0.268750 0.460185 0.269271 0.460185 0.269792 0.459259 0.270313 0.459259 0.270833 0.458333 0.271354 0.458333 0.271875 0.457407 0.272917 0.457407 0.273438 0.456481 0.273958 0.456481 0.274479 0.455556 0.275000 0.455556 0.275521 0.454630 0.276042 0.454630 0.276562 0.453704 0.277083 0.453704 0.277604 0.452778 0.278646 0.452778 0.279167 0.451852 0.279687 0.451852 0.280208 0.450926 0.280729 0.450926 0.281250 0.450000 0.281771 0.450000 0.282292 0.449074 0.283333 0.449074 0.283854 0.448148 0.284375 0.448148 0.284896 0.447222 0.285417 0.447222 0.285938 0.446296 0.286458 0.446296 0.286979 0.445370 0.288021 0.445370 0.288542 0.444444 0.289062 0.444444 0.290104 0.442593 0.290104 0.441667 0.292187 0.437963 0.291667 0.437963 0.291146 0.438889 0.290104 0.438889 0.288021 0.435185 0.288021 0.431481 0.289583 0.428704 0.289583 0.427778 0.300521 0.408333 0.300521 0.407407 0.314583 0.382407 0.314583 0.381481 0.315104 0.380556 0.315104 0.379630 0.303125 0.358333 0.302604 0.358333 0.300521 0.354630
0 0.382552 0.381481 0.115104 0.105556 0.381250 0.328704 0.380729 0.329630 0.379688 0.329630 0.379167 0.330556 0.378125 0.330556 0.377604 0.331481 0.376563 0.331481 0.376042 0.332407 0.375000 0.332407 0.374479 0.333333 0.373437 0.333333 0.372917 0.334259 0.371875 0.334259 0.371354 0.335185 0.370312 0.335185 0.369792 0.336111 0.368750 0.336111 0.368229 0.337037 0.367188 0.337037 0.366667 0.337963 0.365625 0.337963 0.365104 0.338889 0.364063 0.338889 0.363542 0.339815 0.362500 0.339815 0.361979 0.340741 0.360938 0.340741 0.360417 0.341667 0.359896 0.341667 0.359375 0.342593 0.358333 0.342593 0.357812 0.343519 0.356771 0.343519 0.356250 0.344444 0.355208 0.344444 0.354687 0.345370 0.353646 0.345370 0.353125 0.346296 0.352083 0.346296 0.351562 0.347222 0.350521 0.347222 0.350000 0.348148 0.348958 0.348148 0.348438 0.349074 0.347396 0.349074 0.346875 0.350000 0.345833 0.350000 0.345313 0.350926 0.344271 0.350926 0.343750 0.351852 0.342708 0.351852 0.342187 0.352778 0.341146 0.352778 0.340625 0.353704 0.339583 0.353704 0.339062 0.354630 0.338021 0.354630 0.337500 0.355556 0.336458 0.355556 0.335938 0.356481 0.334896 0.356481 0.334375 0.357407 0.333333 0.357407 0.332813 0.358333 0.331771 0.358333 0.331250 0.359259 0.330208 0.359259 0.329688 0.360185 0.328646 0.360185 0.328125 0.361111 0.327083 0.361111 0.326562 0.362037 0.326042 0.362037 0.325000 0.363889 0.325000 0.366667 0.325521 0.367593 0.325521 0.368519 0.331771 0.379630 0.331771 0.380556 0.361979 0.434259 0.364063 0.434259 0.365104 0.432407 0.365625 0.432407 0.366146 0.431481 0.366667 0.431481 0.367188 0.430556 0.367708 0.430556 0.368229 0.429630 0.368750 0.429630 0.369792 0.427778 0.370312 0.427778 0.370833 0.426852 0.371354 0.426852 0.401562 0.373148 0.402083 0.373148 0.402604 0.372222 0.403125 0.372222 0.403646 0.371296 0.404167 0.371296 0.404167 0.369444 0.403125 0.367593 0.403125 0.363889 0.404687 0.361111 0.405208 0.361111 0.405729 0.360185 0.406250 0.360185 0.406771 0.359259 0.407292 0.359259 0.407813 0.358333 0.408333 0.358333 0.408854 0.357407 0.409375 0.357407 0.409896 0.356481 0.410417 0.356481 0.410938 0.355556 0.411979 0.355556 0.412500 0.354630 0.413021 0.354630 0.413542 0.353704 0.414062 0.353704 0.414583 0.352778 0.415104 0.352778 0.415625 0.351852 0.416146 0.351852 0.416667 0.350926 0.417187 0.350926 0.417708 0.350000 0.418229 0.350000 0.418750 0.349074 0.419271 0.349074 0.419792 0.348148 0.420833 0.348148 0.421354 0.347222 0.421875 0.347222 0.422396 0.346296 0.422917 0.346296 0.423438 0.345370 0.423958 0.345370 0.424479 0.344444 0.425000 0.344444 0.425521 0.343519 0.426042 0.343519 0.426563 0.342593 0.427083 0.342593 0.427604 0.341667 0.428646 0.341667 0.429167 0.340741 0.429688 0.340741 0.430208 0.339815 0.430729 0.339815 0.431250 0.338889 0.431771 0.338889 0.432292 0.337963 0.432812 0.337963 0.433333 0.337037 0.433854 0.337037 0.434375 0.336111 0.434896 0.336111 0.435417 0.335185 0.436458 0.335185 0.436979 0.334259 0.437500 0.334259 0.438021 0.333333 0.438542 0.333333 0.439063 0.332407 0.439583 0.332407 0.440104 0.331481 0.439063 0.329630 0.438542 0.330556 0.437500 0.330556 0.436979 0.331481 0.436458 0.331481 0.435937 0.332407 0.435417 0.332407 0.434896 0.333333 0.434375 0.333333 0.433854 0.334259 0.433333 0.334259 0.432812 0.335185 0.431771 0.335185 0.431250 0.336111 0.430729 0.336111 0.430208 0.337037 0.429688 0.337037 0.429167 0.337963 0.428646 0.337963 0.428125 0.338889 0.427604 0.338889 0.427083 0.339815 0.426042 0.339815 0.425521 0.340741 0.425000 0.340741 0.424479 0.341667 0.423958 0.341667 0.423438 0.342593 0.422917 0.342593 0.422396 0.343519 0.421875 0.343519 0.421354 0.344444 0.420312 0.344444 0.419792 0.345370 0.419271 0.345370 0.418750 0.346296 0.418229 0.346296 0.417708 0.347222 0.417187 0.347222 0.416667 0.348148 0.415625 0.348148 0.415104 0.349074 0.414583 0.349074 0.414062 0.350000 0.413542 0.350000 0.413021 0.350926 0.412500 0.350926 0.411979 0.351852 0.411458 0.351852 0.410938 0.352778 0.409896 0.352778 0.409375 0.353704 0.408854 0.353704 0.408333 0.354630 0.407813 0.354630 0.407292 0.355556 0.406771 0.355556 0.406250 0.356481 0.405729 0.356481 0.405208 0.357407 0.404167 0.357407 0.403646 0.358333 0.403125 0.358333 0.402604 0.359259 0.402083 0.359259 0.401562 0.360185 0.400521 0.360185 0.383854 0.330556 0.383333 0.330556 0.382292 0.328704
0 0.454688 0.381944 0.102083 0.106481 0.444271 0.328704 0.443750 0.329630 0.443229 0.329630 0.442708 0.330556 0.442188 0.330556 0.441667 0.331481 0.441146 0.331481 0.440625 0.332407 0.440104 0.332407 0.439583 0.333333 0.439063 0.333333 0.438542 0.334259 0.438021 0.334259 0.437500 0.335185 0.436979 0.335185 0.436458 0.336111 0.435417 0.336111 0.434896 0.337037 0.434375 0.337037 0.433854 0.337963 0.433333 0.337963 0.432812 0.338889 0.432292 0.338889 0.431771 0.339815 0.431250 0.339815 0.430729 0.340741 0.430208 0.340741 0.429688 0.341667 0.429167 0.341667 0.428646 0.342593 0.427604 0.342593 0.427083 0.343519 0.426563 0.343519 0.426042 0.344444 0.425521 0.344444 0.425000 0.345370 0.424479 0.345370 0.423958 0.346296 0.423438 0.346296 0.422917 0.347222 0.422396 0.347222 0.421875 0.348148 0.421354 0.348148 0.420833 0.349074 0.419792 0.349074 0.419271 0.350000 0.418750 0.350000 0.418229 0.350926 0.417708 0.350926 0.417187 0.351852 0.416667 0.351852 0.416146 0.352778 0.415625 0.352778 0.415104 0.353704 0.414583 0.353704 0.414062 0.354630 0.413542 0.354630 0.413021 0.355556 0.412500 0.355556 0.411979 0.356481 0.410938 0.356481 0.410417 0.357407 0.409896 0.357407 0.409375 0.358333 0.408854 0.358333 0.408333 0.359259 0.407813 0.359259 0.407292 0.360185 0.406771 0.360185 0.406250 0.361111 0.405729 0.361111 0.405208 0.362037 0.404687 0.362037 0.403646 0.363889 0.403646 0.367593 0.404687 0.369444 0.404687 0.370370 0.419792 0.397222 0.419792 0.398148 0.440104 0.434259 0.440625 0.434259 0.441146 0.435185 0.442708 0.435185 0.444271 0.432407 0.444792 0.432407 0.446875 0.428704 0.447396 0.428704 0.450000 0.424074 0.450521 0.424074 0.453125 0.419444 0.453646 0.419444 0.455729 0.415741 0.456250 0.415741 0.458854 0.411111 0.459375 0.411111 0.475521 0.382407 0.476042 0.382407 0.482292 0.371296 0.482812 0.371296 0.484896 0.367593 0.485417 0.367593 0.487500 0.363889 0.488021 0.363889 0.490104 0.360185 0.490625 0.360185 0.492708 0.356481 0.493229 0.356481 0.505208 0.335185 0.505208 0.334259 0.505729 0.333333 0.505208 0.332407 0.505208 0.331481 0.504167 0.329630 0.503125 0.329630 0.502604 0.330556 0.502083 0.330556 0.500521 0.333333 0.500000 0.333333 0.498437 0.336111 0.497917 0.336111 0.496354 0.338889 0.495833 0.338889 0.494792 0.340741 0.494271 0.340741 0.492708 0.343519 0.492188 0.343519 0.490625 0.346296 0.490104 0.346296 0.489063 0.348148 0.488542 0.348148 0.486979 0.350926 0.486458 0.350926 0.484896 0.353704 0.484375 0.353704 0.483333 0.355556 0.482812 0.355556 0.481250 0.358333 0.480729 0.358333 0.479167 0.361111 0.478646 0.361111 0.477083 0.363889 0.476562 0.363889 0.472396 0.371296 0.471875 0.371296 0.471354 0.370370 0.470833 0.370370 0.469271 0.367593 0.468750 0.367593 0.465104 0.361111 0.464583 0.361111 0.446354 0.328704
0 0.533594 0.393056 0.088021 0.113889 0.515104 0.336111 0.514583 0.337037 0.514062 0.337037 0.511979 0.340741 0.511458 0.340741 0.506771 0.349074 0.506250 0.349074 0.502083 0.356481 0.501563 0.356481 0.496875 0.364815 0.496354 0.364815 0.491667 0.373148 0.491146 0.373148 0.490104 0.375000 0.490104 0.375926 0.489583 0.376852 0.489583 0.378704 0.490104 0.379630 0.490104 0.380556 0.494271 0.387963 0.494271 0.388889 0.514062 0.424074 0.514062 0.425000 0.527083 0.448148 0.527604 0.448148 0.528125 0.449074 0.528646 0.449074 0.529167 0.450000 0.529687 0.449074 0.530208 0.449074 0.530729 0.448148 0.531250 0.448148 0.533854 0.443519 0.534375 0.443519 0.545312 0.424074 0.545833 0.424074 0.557292 0.403704 0.557813 0.403704 0.569792 0.382407 0.569792 0.380556 0.570312 0.379630 0.570312 0.377778 0.570833 0.376852 0.570833 0.375926 0.571354 0.375000 0.571354 0.373148 0.571875 0.372222 0.571875 0.370370 0.572396 0.369444 0.572396 0.367593 0.572917 0.366667 0.572917 0.364815 0.573438 0.363889 0.573438 0.362037 0.573958 0.361111 0.573958 0.359259 0.574479 0.358333 0.574479 0.356481 0.575000 0.355556 0.575000 0.353704 0.575521 0.352778 0.575521 0.350926 0.576042 0.350000 0.576042 0.348148 0.576562 0.347222 0.576562 0.345370 0.577083 0.344444 0.577083 0.343519 0.577604 0.342593 0.577604 0.340741 0.577083 0.339815 0.577083 0.338889 0.576562 0.337963 0.574479 0.337963 0.568229 0.349074 0.567708 0.349074 0.559375 0.363889 0.558854 0.363889 0.554688 0.371296 0.554167 0.371296 0.551562 0.375926 0.551042 0.375926 0.549479 0.378704 0.548958 0.378704 0.548438 0.379630 0.547917 0.379630 0.547396 0.380556 0.546875 0.380556 0.546354 0.381481 0.543750 0.381481 0.543229 0.380556 0.542708 0.380556 0.542188 0.379630 0.541667 0.379630 0.541146 0.378704 0.540625 0.378704 0.538542 0.375000 0.538021 0.375000 0.517188 0.337963 0.516667 0.337963 0.516146 0.337037 0.515625 0.337037
0 0.627865 0.393519 0.080729 0.112963 0.592187 0.337037 0.591667 0.337963 0.591667 0.339815 0.591146 0.340741 0.591146 0.344444 0.590625 0.345370 0.590625 0.349074 0.590104 0.350000 0.590104 0.354630 0.589583 0.355556 0.589583 0.359259 0.589063 0.360185 0.589063 0.363889 0.588542 0.364815 0.588542 0.368519 0.588021 0.369444 0.588021 0.373148 0.587500 0.374074 0.587500 0.379630 0.588021 0.380556 0.588021 0.381481 0.591146 0.387037 0.591146 0.387963 0.606250 0.414815 0.606250 0.415741 0.625000 0.449074 0.625521 0.449074 0.626042 0.450000 0.626563 0.450000 0.627083 0.449074 0.627604 0.449074 0.628646 0.447222 0.629167 0.447222 0.632812 0.440741 0.633333 0.440741 0.640104 0.428704 0.640625 0.428704 0.647396 0.416667 0.647917 0.416667 0.654167 0.405556 0.654687 0.405556 0.661458 0.393519 0.661979 0.393519 0.667708 0.383333 0.667708 0.382407 0.668229 0.381481 0.668229 0.379630 0.667708 0.378704 0.667708 0.377778 0.667188 0.376852 0.667188 0.375926 0.666667 0.375000 0.666667 0.374074 0.665625 0.372222 0.665625 0.371296 0.665104 0.370370 0.665104 0.369444 0.664583 0.368519 0.664583 0.367593 0.664062 0.366667 0.664062 0.365741 0.663021 0.363889 0.663021 0.362963 0.662500 0.362037 0.662500 0.361111 0.661979 0.360185 0.661979 0.359259 0.661458 0.358333 0.661458 0.357407 0.660417 0.355556 0.660417 0.354630 0.659896 0.353704 0.659896 0.352778 0.659375 0.351852 0.659375 0.350926 0.658854 0.350000 0.658854 0.349074 0.657813 0.347222 0.657813 0.346296 0.657292 0.345370 0.657292 0.344444 0.656771 0.343519 0.656771 0.342593 0.656250 0.341667 0.656250 0.340741 0.654687 0.337963 0.653125 0.337963 0.651042 0.341667 0.650521 0.341667 0.643229 0.354630 0.642708 0.354630 0.637500 0.363889 0.636979 0.363889 0.633333 0.370370 0.632812 0.370370 0.630729 0.374074 0.630208 0.374074 0.628646 0.376852 0.628125 0.376852 0.627083 0.378704 0.626563 0.378704 0.625521 0.380556 0.624479 0.380556 0.623958 0.381481 0.621875 0.381481 0.621354 0.380556 0.620313 0.380556 0.619271 0.378704 0.618750 0.378704 0.617188 0.375926 0.616667 0.375926 0.611979 0.367593 0.611458 0.367593 0.603646 0.353704 0.603646 0.352778 0.595313 0.337963 0.594792 0.337963 0.594271 0.337037
0 0.364844 0.542130 0.082812 0.080556 0.390625 0.505556 0.388542 0.509259 0.388021 0.509259 0.385417 0.513889 0.384896 0.513889 0.382812 0.517593 0.382292 0.517593 0.379688 0.522222 0.379167 0.522222 0.376563 0.526852 0.376042 0.526852 0.373958 0.530556 0.373437 0.530556 0.370833 0.535185 0.370312 0.535185 0.367708 0.539815 0.367188 0.539815 0.365104 0.543519 0.364583 0.543519 0.361979 0.548148 0.361458 0.548148 0.358854 0.552778 0.358333 0.552778 0.356250 0.556481 0.355729 0.556481 0.355208 0.557407 0.354167 0.557407 0.353646 0.556481 0.353125 0.556481 0.331771 0.518519 0.331250 0.518519 0.327083 0.511111 0.326562 0.511111 0.324479 0.507407 0.323958 0.507407 0.323437 0.506481 0.323437 0.507407 0.323958 0.508333 0.323958 0.510185 0.325000 0.512037 0.325000 0.512963 0.325521 0.513889 0.325521 0.514815 0.326562 0.516667 0.326562 0.517593 0.327604 0.519444 0.327604 0.520370 0.328646 0.522222 0.328646 0.523148 0.329688 0.525000 0.329688 0.525926 0.330208 0.526852 0.330208 0.527778 0.331250 0.529630 0.331250 0.530556 0.332292 0.532407 0.332292 0.533333 0.333333 0.535185 0.333333 0.536111 0.334375 0.537963 0.334375 0.538889 0.335417 0.540741 0.335417 0.541667 0.336458 0.543519 0.336458 0.544444 0.337500 0.546296 0.337500 0.547222 0.338542 0.549074 0.338542 0.550000 0.339062 0.550926 0.339062 0.551852 0.340104 0.553704 0.340104 0.554630 0.341146 0.556481 0.341146 0.557407 0.342187 0.559259 0.342187 0.560185 0.343229 0.562037 0.343229 0.562963 0.344271 0.564815 0.344271 0.565741 0.345313 0.567593 0.345313 0.568519 0.346354 0.570370 0.346354 0.571296 0.347396 0.573148 0.347396 0.574074 0.347917 0.575000 0.347917 0.575926 0.348958 0.577778 0.348958 0.578704 0.350521 0.581481 0.350521 0.582407 0.356771 0.582407 0.357292 0.581481 0.357812 0.581481 0.358854 0.579630 0.359375 0.579630 0.360417 0.577778 0.360938 0.577778 0.361458 0.576852 0.361979 0.576852 0.363021 0.575000 0.363542 0.575000 0.364583 0.573148 0.365104 0.573148 0.365625 0.572222 0.366146 0.572222 0.367188 0.570370 0.367708 0.570370 0.368750 0.568519 0.369271 0.568519 0.369792 0.567593 0.370312 0.567593 0.371354 0.565741 0.371875 0.565741 0.372396 0.564815 0.372917 0.564815 0.373958 0.562963 0.374479 0.562963 0.375521 0.561111 0.376042 0.561111 0.376563 0.560185 0.377083 0.560185 0.378125 0.558333 0.378646 0.558333 0.379688 0.556481 0.380208 0.556481 0.380729 0.555556 0.381250 0.555556 0.382292 0.553704 0.382812 0.553704 0.383854 0.551852 0.384375 0.551852 0.384896 0.550926 0.385417 0.550926 0.386458 0.549074 0.386979 0.549074 0.388021 0.547222 0.388542 0.547222 0.389062 0.546296 0.389583 0.546296 0.390625 0.544444 0.391146 0.544444 0.392188 0.542593 0.392708 0.542593 0.393750 0.540741 0.394271 0.540741 0.394792 0.539815 0.394792 0.538889 0.394271 0.537963 0.394271 0.537037 0.392708 0.534259 0.392708 0.533333 0.392188 0.532407 0.392188 0.531481 0.392708 0.530556 0.392708 0.529630 0.395313 0.525000 0.395833 0.525000 0.399479 0.518519 0.400000 0.518519 0.403646 0.512037 0.404167 0.512037 0.406250 0.508333 0.405729 0.507407 0.405208 0.507407 0.404687 0.506481 0.402083 0.506481 0.401562 0.507407 0.400521 0.507407 0.398958 0.510185 0.398438 0.510185 0.395833 0.514815 0.395313 0.514815 0.392708 0.519444 0.392188 0.519444 0.390104 0.523148 0.389583 0.523148 0.386979 0.527778 0.386458 0.527778 0.383854 0.532407 0.383333 0.532407 0.380729 0.537037 0.380208 0.537037 0.377604 0.541667 0.377083 0.541667 0.375000 0.545370 0.374479 0.545370 0.371875 0.550000 0.371354 0.550000 0.369792 0.552778 0.369271 0.552778 0.368750 0.553704 0.368229 0.553704 0.367708 0.552778 0.367188 0.552778 0.366146 0.550926 0.366146 0.550000 0.365625 0.549074 0.365625 0.547222 0.366146 0.546296 0.366146 0.545370 0.370312 0.537963 0.370833 0.537963 0.375521 0.529630 0.376042 0.529630 0.381250 0.520370 0.381771 0.520370 0.386979 0.511111 0.387500 0.511111
0 0.438021 0.549537 0.090625 0.095370 0.482812 0.501852 0.482292 0.502778 0.481771 0.502778 0.481250 0.503704 0.480729 0.503704 0.480208 0.504630 0.479687 0.504630 0.479167 0.505556 0.478646 0.505556 0.477604 0.507407 0.477083 0.507407 0.475000 0.511111 0.474479 0.511111 0.471875 0.515741 0.471354 0.515741 0.467187 0.523148 0.466667 0.523148 0.460938 0.533333 0.460417 0.533333 0.452083 0.548148 0.451562 0.548148 0.449479 0.551852 0.447396 0.551852 0.445833 0.549074 0.445833 0.547222 0.445833 0.548148 0.443229 0.552778 0.443229 0.553704 0.440104 0.559259 0.440104 0.560185 0.439583 0.561111 0.439063 0.561111 0.438542 0.562037 0.436979 0.562037 0.435417 0.559259 0.434896 0.559259 0.432812 0.555556 0.432812 0.554630 0.427604 0.545370 0.427604 0.544444 0.421875 0.534259 0.421875 0.533333 0.409896 0.512037 0.409375 0.512037 0.407813 0.509259 0.407292 0.509259 0.406771 0.508333 0.404167 0.512963 0.403646 0.512963 0.400000 0.519444 0.399479 0.519444 0.395833 0.525926 0.395313 0.525926 0.393229 0.529630 0.393229 0.530556 0.392708 0.531481 0.392708 0.532407 0.393229 0.533333 0.393229 0.534259 0.394792 0.537037 0.394792 0.537963 0.426042 0.593519 0.426563 0.593519 0.428646 0.597222 0.434896 0.597222 0.435417 0.596296 0.435937 0.596296 0.453646 0.564815 0.454167 0.564815 0.469271 0.537963 0.469271 0.537037 0.470833 0.534259 0.470833 0.533333 0.471875 0.531481 0.471875 0.530556 0.472917 0.528704 0.472917 0.527778 0.474479 0.525000 0.474479 0.524074 0.475521 0.522222 0.475521 0.521296 0.477083 0.518519 0.477083 0.517593 0.478125 0.515741 0.478125 0.514815 0.479687 0.512037 0.479687 0.511111 0.480729 0.509259 0.480729 0.508333 0.481771 0.506481 0.481771 0.505556 0.483333 0.502778 0.483333 0.501852
0 0.530729 0.553704 0.079167 0.079630 0.494271 0.513889 0.493750 0.514815 0.493750 0.515741 0.492708 0.517593 0.492708 0.518519 0.492188 0.519444 0.492188 0.520370 0.491146 0.522222 0.491146 0.526852 0.492708 0.529630 0.492708 0.530556 0.507812 0.557407 0.507812 0.558333 0.527604 0.593519 0.530208 0.593519 0.532292 0.589815 0.532813 0.589815 0.538021 0.580556 0.538542 0.580556 0.544271 0.570370 0.544792 0.570370 0.551042 0.559259 0.551562 0.559259 0.557292 0.549074 0.557813 0.549074 0.564063 0.537963 0.564583 0.537963 0.567708 0.532407 0.567708 0.531481 0.568229 0.530556 0.568229 0.528704 0.568750 0.527778 0.568750 0.524074 0.569271 0.523148 0.569271 0.519444 0.569792 0.518519 0.569792 0.514815 0.570312 0.513889 0.569792 0.513889 0.568229 0.516667 0.567708 0.516667 0.565625 0.520370 0.565104 0.520370 0.561979 0.525926 0.561458 0.525926 0.557813 0.532407 0.557292 0.532407 0.552083 0.541667 0.551562 0.541667 0.544792 0.553704 0.544271 0.553704 0.541146 0.559259 0.540625 0.559259 0.540104 0.560185 0.539062 0.560185 0.536979 0.556481 0.536979 0.551852 0.537500 0.550926 0.537500 0.549074 0.538021 0.548148 0.538021 0.547222 0.537500 0.547222 0.531771 0.557407 0.531250 0.557407 0.530208 0.559259 0.528125 0.559259 0.527604 0.558333 0.527083 0.558333 0.522917 0.550926 0.522917 0.551852 0.522396 0.552778 0.522396 0.553704 0.520833 0.556481 0.519271 0.556481 0.518750 0.555556 0.518229 0.555556 0.494792 0.513889
0 0.625000 0.557870 0.079167 0.080556 0.585938 0.517593 0.585938 0.524074 0.585417 0.525000 0.585417 0.529630 0.585938 0.530556 0.585938 0.531481 0.590104 0.538889 0.590104 0.539815 0.609375 0.574074 0.609375 0.575000 0.621354 0.596296 0.621875 0.596296 0.622396 0.597222 0.623437 0.597222 0.623958 0.598148 0.624479 0.597222 0.625000 0.597222 0.626042 0.595370 0.626563 0.595370 0.629687 0.589815 0.630208 0.589815 0.634896 0.581481 0.635417 0.581481 0.640104 0.573148 0.640625 0.573148 0.645312 0.564815 0.645833 0.564815 0.650000 0.557407 0.650521 0.557407 0.655208 0.549074 0.655729 0.549074 0.660937 0.539815 0.661458 0.539815 0.663542 0.536111 0.663542 0.535185 0.664583 0.533333 0.664583 0.531481 0.664062 0.530556 0.664062 0.528704 0.663542 0.527778 0.663542 0.525000 0.663021 0.524074 0.663021 0.523148 0.661979 0.525000 0.661458 0.525000 0.660417 0.526852 0.659896 0.526852 0.658333 0.529630 0.657813 0.529630 0.656250 0.532407 0.655729 0.532407 0.653125 0.537037 0.652604 0.537037 0.650000 0.541667 0.649479 0.541667 0.645833 0.548148 0.645312 0.548148 0.641146 0.555556 0.640625 0.555556 0.635938 0.563889 0.635417 0.563889 0.631771 0.570370 0.631250 0.570370 0.630208 0.572222 0.628646 0.572222 0.626563 0.568519 0.626563 0.567593 0.625521 0.569444 0.623958 0.569444 0.623437 0.568519 0.622917 0.568519 0.616146 0.556481 0.616146 0.560185 0.614583 0.562963 0.614062 0.562963 0.613542 0.563889 0.613021 0.562963 0.611979 0.562963 0.610938 0.561111 0.610417 0.561111 0.601562 0.545370 0.601562 0.544444 0.592187 0.527778 0.591667 0.527778
0 0.708594 0.560185 0.081771 0.079630 0.667708 0.520370 0.667708 0.522222 0.668229 0.523148 0.668229 0.525000 0.668750 0.525926 0.668750 0.527778 0.669271 0.528704 0.669271 0.530556 0.669792 0.531481 0.669792 0.532407 0.670833 0.534259 0.670833 0.535185 0.680729 0.552778 0.680729 0.553704 0.696354 0.581481 0.696354 0.582407 0.705208 0.598148 0.705729 0.598148 0.706771 0.600000 0.708333 0.600000 0.709375 0.598148 0.709896 0.598148 0.711979 0.594444 0.712500 0.594444 0.715625 0.588889 0.716146 0.588889 0.719792 0.582407 0.720313 0.582407 0.723958 0.575926 0.724479 0.575926 0.728125 0.569444 0.728646 0.569444 0.732292 0.562963 0.732812 0.562963 0.736458 0.556481 0.736979 0.556481 0.741146 0.549074 0.741667 0.549074 0.745313 0.542593 0.745833 0.542593 0.749479 0.536111 0.749479 0.531481 0.747917 0.528704 0.747917 0.527778 0.745833 0.531481 0.745313 0.531481 0.741667 0.537963 0.741146 0.537963 0.737500 0.544444 0.736979 0.544444 0.733333 0.550926 0.732812 0.550926 0.728646 0.558333 0.728125 0.558333 0.724479 0.564815 0.723958 0.564815 0.720313 0.571296 0.719792 0.571296 0.717708 0.575000 0.717187 0.575000 0.716146 0.576852 0.715625 0.576852 0.715104 0.577778 0.714063 0.577778 0.713021 0.575926 0.712500 0.575926 0.704688 0.562037 0.705208 0.562963 0.705208 0.563889 0.705729 0.564815 0.705729 0.565741 0.706250 0.566667 0.706250 0.567593 0.706771 0.568519 0.706771 0.573148 0.705729 0.575000 0.705208 0.575000 0.704688 0.575926 0.703646 0.575926 0.703125 0.575000 0.702604 0.575000 0.701562 0.573148 0.701042 0.573148 0.694792 0.562037 0.694792 0.561111 0.680208 0.535185 0.679688 0.535185 0.675521 0.527778 0.675000 0.527778 0.672917 0.524074 0.672396 0.524074 0.671875 0.523148 0.671354 0.523148 0.670833 0.522222 0.670312 0.522222 0.669792 0.521296 0.668229 0.521296
0 0.334115 0.518519 0.102604 0.075926 0.321354 0.480556 0.320833 0.481481 0.320312 0.481481 0.319792 0.482407 0.319271 0.482407 0.318750 0.483333 0.318229 0.483333 0.317188 0.485185 0.316667 0.485185 0.284375 0.542593 0.284375 0.543519 0.283333 0.545370 0.283333 0.546296 0.282813 0.547222 0.282813 0.548148 0.283333 0.549074 0.283333 0.550000 0.284375 0.551852 0.285938 0.551852 0.286458 0.550926 0.286979 0.550926 0.287500 0.550000 0.288021 0.550000 0.289062 0.548148 0.289583 0.548148 0.290625 0.546296 0.291146 0.546296 0.292187 0.544444 0.292708 0.544444 0.293229 0.543519 0.293750 0.543519 0.294792 0.541667 0.295312 0.541667 0.296354 0.539815 0.296875 0.539815 0.297917 0.537963 0.298438 0.537963 0.299479 0.536111 0.300000 0.536111 0.300521 0.535185 0.301042 0.535185 0.302083 0.533333 0.302604 0.533333 0.303646 0.531481 0.304167 0.531481 0.305208 0.529630 0.305729 0.529630 0.306250 0.528704 0.306771 0.528704 0.307812 0.526852 0.308333 0.526852 0.309375 0.525000 0.309896 0.525000 0.310937 0.523148 0.311458 0.523148 0.311979 0.522222 0.312500 0.522222 0.313542 0.520370 0.314063 0.520370 0.315104 0.518519 0.315625 0.518519 0.316667 0.516667 0.317188 0.516667 0.318229 0.514815 0.318750 0.514815 0.319271 0.513889 0.319792 0.513889 0.320833 0.512037 0.321354 0.512037 0.322396 0.510185 0.322917 0.510185 0.323437 0.509259 0.323437 0.508333 0.322917 0.507407 0.322917 0.506481 0.323437 0.505556 0.323958 0.506481 0.324479 0.506481 0.326562 0.510185 0.327083 0.510185 0.331250 0.517593 0.331771 0.517593 0.353125 0.555556 0.353646 0.555556 0.354167 0.556481 0.355208 0.556481 0.355729 0.555556 0.356250 0.555556 0.358333 0.551852 0.358854 0.551852 0.361458 0.547222 0.361979 0.547222 0.364063 0.543519 0.361979 0.547222 0.361458 0.547222 0.360417 0.549074 0.359375 0.549074 0.358854 0.548148 0.358333 0.548148 0.334375 0.505556 0.334375 0.504630 0.322396 0.483333 0.322396 0.482407
0 0.410677 0.523148 0.089063 0.075926 0.404687 0.485185 0.404167 0.486111 0.403646 0.486111 0.402083 0.488889 0.401562 0.488889 0.398438 0.494444 0.397917 0.494444 0.392708 0.503704 0.392188 0.503704 0.387500 0.512037 0.386979 0.512037 0.381771 0.521296 0.381250 0.521296 0.376042 0.530556 0.375521 0.530556 0.370833 0.538889 0.370312 0.538889 0.366667 0.545370 0.366667 0.546296 0.366146 0.547222 0.366146 0.549074 0.366667 0.550000 0.366667 0.550926 0.367188 0.551852 0.367708 0.551852 0.368229 0.552778 0.368750 0.552778 0.369271 0.551852 0.369792 0.551852 0.371354 0.549074 0.371875 0.549074 0.374479 0.544444 0.375000 0.544444 0.377083 0.540741 0.377604 0.540741 0.380208 0.536111 0.380729 0.536111 0.383333 0.531481 0.383854 0.531481 0.386458 0.526852 0.386979 0.526852 0.389583 0.522222 0.390104 0.522222 0.392188 0.518519 0.392708 0.518519 0.395313 0.513889 0.395833 0.513889 0.398438 0.509259 0.398958 0.509259 0.400521 0.506481 0.401562 0.506481 0.402083 0.505556 0.404687 0.505556 0.405208 0.506481 0.405729 0.506481 0.406250 0.507407 0.406771 0.507407 0.407292 0.508333 0.407813 0.508333 0.409375 0.511111 0.409896 0.511111 0.422396 0.533333 0.422396 0.534259 0.428125 0.544444 0.428125 0.545370 0.433333 0.554630 0.433333 0.555556 0.434896 0.558333 0.435417 0.558333 0.436979 0.561111 0.438542 0.561111 0.439063 0.560185 0.439583 0.560185 0.439583 0.559259 0.442708 0.553704 0.442708 0.552778 0.445312 0.548148 0.445312 0.547222 0.445833 0.546296 0.445833 0.544444 0.447917 0.540741 0.447917 0.539815 0.450521 0.535185 0.450521 0.534259 0.452604 0.530556 0.452604 0.529630 0.455208 0.525000 0.450000 0.534259 0.449479 0.534259 0.443229 0.545370 0.442708 0.545370 0.441667 0.547222 0.439583 0.547222 0.416146 0.505556 0.416146 0.504630 0.405208 0.485185
0 0.484375 0.512963 0.076042 0.085185 0.484896 0.470370 0.484375 0.471296 0.484375 0.472222 0.482292 0.475926 0.482292 0.476852 0.480208 0.480556 0.480208 0.481481 0.478125 0.485185 0.478125 0.486111 0.473958 0.493519 0.473438 0.493519 0.461979 0.513889 0.461458 0.513889 0.455729 0.524074 0.455729 0.525000 0.453125 0.529630 0.453125 0.530556 0.451042 0.534259 0.451042 0.535185 0.448437 0.539815 0.448437 0.540741 0.446354 0.544444 0.446354 0.549074 0.447396 0.550926 0.449479 0.550926 0.451562 0.547222 0.452083 0.547222 0.460417 0.532407 0.460938 0.532407 0.466667 0.522222 0.467187 0.522222 0.471354 0.514815 0.471875 0.514815 0.474479 0.510185 0.475000 0.510185 0.477083 0.506481 0.477604 0.506481 0.478646 0.504630 0.479167 0.504630 0.479687 0.503704 0.480208 0.503704 0.480729 0.502778 0.481250 0.502778 0.481771 0.501852 0.482292 0.501852 0.482812 0.500926 0.485417 0.500926 0.485938 0.501852 0.486458 0.501852 0.486979 0.502778 0.487500 0.502778 0.488021 0.503704 0.488542 0.503704 0.489583 0.505556 0.490104 0.505556 0.492708 0.510185 0.493229 0.510185 0.518229 0.554630 0.518750 0.554630 0.519271 0.555556 0.520833 0.555556 0.521875 0.553704 0.521875 0.552778 0.522396 0.551852 0.522396 0.550000 0.509375 0.526852 0.509375 0.525926 0.492188 0.495370 0.492188 0.494444 0.490104 0.490741 0.490104 0.487037 0.491146 0.485185 0.491146 0.484259 0.492188 0.482407 0.492188 0.481481 0.492708 0.480556 0.490625 0.476852 0.490104 0.476852 0.488021 0.473148 0.487500 0.473148 0.486458 0.471296 0.485938 0.471296 0.485417 0.470370
0 0.576562 0.514815 0.078125 0.096296 0.576562 0.466667 0.576042 0.467593 0.575000 0.467593 0.574479 0.468519 0.573958 0.468519 0.573438 0.469444 0.572917 0.469444 0.571875 0.471296 0.571875 0.474074 0.571354 0.475000 0.571354 0.478704 0.570833 0.479630 0.570833 0.482407 0.570312 0.483333 0.570312 0.487037 0.569792 0.487963 0.569792 0.490741 0.569271 0.491667 0.569271 0.494444 0.561458 0.508333 0.560937 0.508333 0.553646 0.521296 0.553125 0.521296 0.545833 0.534259 0.545312 0.534259 0.538542 0.546296 0.538542 0.548148 0.538021 0.549074 0.538021 0.550926 0.537500 0.551852 0.537500 0.556481 0.539062 0.559259 0.540104 0.559259 0.540625 0.558333 0.541146 0.558333 0.544271 0.552778 0.544792 0.552778 0.551562 0.540741 0.552083 0.540741 0.557292 0.531481 0.557813 0.531481 0.561458 0.525000 0.561979 0.525000 0.565104 0.519444 0.565625 0.519444 0.567708 0.515741 0.568229 0.515741 0.569792 0.512963 0.570312 0.512963 0.571354 0.511111 0.571875 0.511111 0.572396 0.510185 0.572917 0.510185 0.573438 0.509259 0.573958 0.509259 0.574479 0.508333 0.575521 0.508333 0.576042 0.507407 0.577604 0.507407 0.578125 0.508333 0.579167 0.508333 0.579688 0.509259 0.580208 0.509259 0.580729 0.510185 0.581250 0.510185 0.582292 0.512037 0.582812 0.512037 0.584896 0.515741 0.585417 0.515741 0.591667 0.526852 0.592187 0.526852 0.602083 0.544444 0.602083 0.545370 0.610417 0.560185 0.610938 0.560185 0.611979 0.562037 0.613021 0.562037 0.613542 0.562963 0.614062 0.562037 0.614583 0.562037 0.615625 0.560185 0.615625 0.555556 0.605729 0.537963 0.605729 0.537037 0.588542 0.506481 0.588542 0.505556 0.585417 0.500000 0.585417 0.499074 0.584896 0.498148 0.584896 0.494444 0.585417 0.493519 0.585417 0.487963 0.585938 0.487037 0.585938 0.480556 0.586458 0.479630 0.586458 0.475000 0.585417 0.473148 0.584896 0.473148 0.583333 0.470370 0.582812 0.470370 0.581771 0.468519 0.581250 0.468519 0.580729 0.467593 0.580208 0.467593 0.579688 0.466667
0 0.666667 0.531481 0.079167 0.087037 0.667708 0.487963 0.667188 0.488889 0.666146 0.488889 0.665104 0.490741 0.665625 0.491667 0.665625 0.493519 0.666146 0.494444 0.666146 0.496296 0.666667 0.497222 0.666667 0.499074 0.667188 0.500000 0.667188 0.501852 0.666146 0.503704 0.666146 0.504630 0.663542 0.509259 0.663021 0.509259 0.657813 0.518519 0.657292 0.518519 0.652604 0.526852 0.652083 0.526852 0.646875 0.536111 0.646354 0.536111 0.641146 0.545370 0.640625 0.545370 0.635938 0.553704 0.635417 0.553704 0.630729 0.562037 0.630208 0.562037 0.627083 0.567593 0.627083 0.568519 0.628646 0.571296 0.630208 0.571296 0.631250 0.569444 0.631771 0.569444 0.635417 0.562963 0.635938 0.562963 0.640625 0.554630 0.641146 0.554630 0.645312 0.547222 0.645833 0.547222 0.649479 0.540741 0.650000 0.540741 0.652604 0.536111 0.653125 0.536111 0.655729 0.531481 0.656250 0.531481 0.657813 0.528704 0.658333 0.528704 0.659896 0.525926 0.660417 0.525926 0.661458 0.524074 0.661979 0.524074 0.663021 0.522222 0.663542 0.522222 0.664062 0.521296 0.664583 0.521296 0.665104 0.520370 0.667188 0.520370 0.667708 0.519444 0.668229 0.520370 0.669792 0.520370 0.670312 0.521296 0.670833 0.521296 0.671354 0.522222 0.671875 0.522222 0.672396 0.523148 0.672917 0.523148 0.675000 0.526852 0.675521 0.526852 0.679688 0.534259 0.680208 0.534259 0.695312 0.561111 0.695312 0.562037 0.701042 0.572222 0.701562 0.572222 0.702604 0.574074 0.703125 0.574074 0.703646 0.575000 0.704688 0.575000 0.705208 0.574074 0.705729 0.574074 0.706250 0.573148 0.706250 0.568519 0.705729 0.567593 0.705729 0.566667 0.705208 0.565741 0.705208 0.564815 0.704688 0.563889 0.704688 0.562963 0.704167 0.562037 0.704167 0.561111 0.703646 0.560185 0.703646 0.559259 0.689063 0.533333 0.689063 0.532407 0.677604 0.512037 0.677604 0.511111 0.676042 0.508333 0.676042 0.507407 0.675521 0.506481 0.675521 0.505556 0.675000 0.504630 0.675000 0.502778 0.674479 0.501852 0.674479 0.500000 0.673958 0.499074 0.673958 0.498148 0.673438 0.497222 0.673438 0.495370 0.672917 0.494444 0.672917 0.492593 0.672396 0.491667 0.672396 0.489815 0.671875 0.488889 0.671354 0.488889 0.670833 0.487963
0 0.363542 0.507870 0.083333 0.080556 0.330729 0.467593 0.330208 0.468519 0.329688 0.468519 0.329167 0.469444 0.328646 0.469444 0.328125 0.470370 0.327604 0.470370 0.326562 0.472222 0.326042 0.472222 0.325521 0.473148 0.325000 0.473148 0.324479 0.474074 0.323958 0.474074 0.323437 0.475000 0.322917 0.475000 0.321875 0.476852 0.321875 0.480556 0.322917 0.482407 0.322917 0.483333 0.334896 0.504630 0.334896 0.505556 0.358333 0.547222 0.358854 0.547222 0.359375 0.548148 0.360417 0.548148 0.361458 0.546296 0.361979 0.546296 0.364063 0.542593 0.364583 0.542593 0.366667 0.538889 0.367188 0.538889 0.369271 0.535185 0.369792 0.535185 0.371875 0.531481 0.372396 0.531481 0.374479 0.527778 0.375000 0.527778 0.377083 0.524074 0.377604 0.524074 0.379688 0.520370 0.380208 0.520370 0.382292 0.516667 0.382812 0.516667 0.385417 0.512037 0.385937 0.512037 0.388021 0.508333 0.388542 0.508333 0.390625 0.504630 0.391146 0.504630 0.393229 0.500926 0.393750 0.500926 0.397917 0.493519 0.398438 0.493519 0.401562 0.487963 0.402083 0.487963 0.403646 0.485185 0.404167 0.485185 0.404687 0.484259 0.403646 0.482407 0.403646 0.481481 0.402604 0.479630 0.402604 0.478704 0.402083 0.477778 0.402604 0.476852 0.402604 0.475926 0.405208 0.471296 0.404687 0.471296 0.404167 0.470370 0.403646 0.470370 0.403125 0.469444 0.401042 0.469444 0.400521 0.470370 0.400000 0.470370 0.398438 0.473148 0.397917 0.473148 0.396354 0.475926 0.395833 0.475926 0.394271 0.478704 0.393750 0.478704 0.390625 0.484259 0.390104 0.484259 0.378125 0.505556 0.377604 0.505556 0.376042 0.508333 0.375521 0.508333 0.373958 0.511111 0.373437 0.511111 0.371875 0.513889 0.371354 0.513889 0.369792 0.516667 0.369271 0.516667 0.367708 0.519444 0.366146 0.519444 0.365625 0.518519 0.365104 0.518519 0.364583 0.517593 0.364583 0.516667 0.364063 0.515741 0.364063 0.512037 0.370833 0.500000 0.369792 0.501852 0.369271 0.501852 0.367708 0.504630 0.367188 0.504630 0.365625 0.507407 0.365104 0.507407 0.363542 0.510185 0.363021 0.510185 0.361458 0.512963 0.360938 0.512963 0.360417 0.513889 0.359375 0.513889 0.358854 0.512963 0.358333 0.512963 0.357292 0.511111 0.356771 0.511111 0.333854 0.470370 0.333333 0.470370 0.331771 0.467593
0 0.443490 0.507870 0.081771 0.076852 0.481250 0.469444 0.480729 0.470370 0.479687 0.470370 0.479167 0.471296 0.478646 0.471296 0.477604 0.473148 0.477083 0.473148 0.476042 0.475000 0.475521 0.475000 0.473438 0.478704 0.472917 0.478704 0.470313 0.483333 0.469792 0.483333 0.465625 0.490741 0.465104 0.490741 0.458333 0.502778 0.457813 0.502778 0.448958 0.518519 0.448437 0.518519 0.446875 0.521296 0.445833 0.521296 0.443229 0.516667 0.443229 0.514815 0.443750 0.513889 0.443750 0.512963 0.446875 0.507407 0.441667 0.516667 0.441667 0.517593 0.438542 0.523148 0.435937 0.523148 0.434896 0.521296 0.434375 0.521296 0.427083 0.508333 0.427083 0.507407 0.414062 0.484259 0.413542 0.484259 0.408854 0.475926 0.408333 0.475926 0.406771 0.473148 0.406250 0.473148 0.405729 0.472222 0.405208 0.472222 0.403125 0.475926 0.403125 0.476852 0.402604 0.477778 0.403125 0.478704 0.403125 0.479630 0.404167 0.481481 0.404167 0.482407 0.416667 0.504630 0.416667 0.505556 0.439583 0.546296 0.441667 0.546296 0.442708 0.544444 0.443229 0.544444 0.449479 0.533333 0.450000 0.533333 0.461458 0.512963 0.461979 0.512963 0.473438 0.492593 0.473958 0.492593 0.477604 0.486111 0.477604 0.485185 0.479687 0.481481 0.479687 0.480556 0.481771 0.476852 0.481771 0.475926 0.483854 0.472222 0.483854 0.471296 0.484375 0.470370 0.483854 0.469444
0 0.530990 0.514815 0.080729 0.087037 0.571354 0.471296 0.569792 0.474074 0.569271 0.474074 0.566667 0.478704 0.566146 0.478704 0.563542 0.483333 0.563021 0.483333 0.558854 0.490741 0.558333 0.490741 0.552083 0.501852 0.551562 0.501852 0.544271 0.514815 0.543750 0.514815 0.542188 0.517593 0.541667 0.517593 0.541146 0.518519 0.540625 0.517593 0.540104 0.517593 0.538542 0.514815 0.538542 0.513889 0.538021 0.512963 0.538021 0.512037 0.538542 0.511111 0.538542 0.509259 0.539062 0.508333 0.539062 0.507407 0.539583 0.506481 0.534896 0.514815 0.534375 0.514815 0.531771 0.519444 0.531250 0.519444 0.530729 0.520370 0.528646 0.520370 0.524479 0.512963 0.523958 0.512963 0.523958 0.513889 0.523438 0.514815 0.523438 0.515741 0.522917 0.516667 0.522917 0.517593 0.522396 0.518519 0.522396 0.519444 0.521875 0.520370 0.521875 0.521296 0.521354 0.522222 0.521354 0.523148 0.520833 0.524074 0.520312 0.524074 0.519792 0.525000 0.518750 0.525000 0.518229 0.524074 0.517708 0.524074 0.517188 0.523148 0.516667 0.523148 0.507292 0.506481 0.507292 0.505556 0.495833 0.485185 0.495312 0.485185 0.493229 0.481481 0.492708 0.481481 0.492708 0.482407 0.491667 0.484259 0.491667 0.485185 0.490625 0.487037 0.490625 0.490741 0.492708 0.494444 0.492708 0.495370 0.509896 0.525926 0.509896 0.526852 0.527083 0.557407 0.527604 0.557407 0.528125 0.558333 0.530208 0.558333 0.531250 0.556481 0.531771 0.556481 0.537500 0.546296 0.538021 0.546296 0.545312 0.533333 0.545833 0.533333 0.553125 0.520370 0.553646 0.520370 0.560937 0.507407 0.561458 0.507407 0.568750 0.494444 0.568750 0.491667 0.569271 0.490741 0.569271 0.487963 0.569792 0.487037 0.569792 0.483333 0.570312 0.482407 0.570312 0.479630 0.570833 0.478704 0.570833 0.475000 0.571354 0.474074
0 0.626042 0.522222 0.081250 0.092593 0.586979 0.475926 0.586979 0.479630 0.586458 0.480556 0.586458 0.487037 0.585938 0.487963 0.585938 0.493519 0.585417 0.494444 0.585417 0.498148 0.585938 0.499074 0.585938 0.500000 0.589063 0.505556 0.589063 0.506481 0.606250 0.537037 0.606250 0.537963 0.622917 0.567593 0.623437 0.567593 0.623958 0.568519 0.625521 0.568519 0.626563 0.566667 0.627083 0.566667 0.630208 0.561111 0.630729 0.561111 0.635417 0.552778 0.635938 0.552778 0.640625 0.544444 0.641146 0.544444 0.646354 0.535185 0.646875 0.535185 0.652083 0.525926 0.652604 0.525926 0.657292 0.517593 0.657813 0.517593 0.663021 0.508333 0.663542 0.508333 0.665625 0.504630 0.665625 0.503704 0.666667 0.501852 0.666667 0.500000 0.666146 0.499074 0.666146 0.497222 0.665625 0.496296 0.665625 0.494444 0.665104 0.493519 0.665104 0.491667 0.664583 0.490741 0.664062 0.491667 0.663542 0.491667 0.662500 0.493519 0.661979 0.493519 0.660417 0.496296 0.659896 0.496296 0.658333 0.499074 0.657813 0.499074 0.655729 0.502778 0.655208 0.502778 0.652083 0.508333 0.651563 0.508333 0.647917 0.514815 0.647396 0.514815 0.643229 0.522222 0.642708 0.522222 0.638021 0.530556 0.637500 0.530556 0.633333 0.537963 0.632812 0.537963 0.631250 0.540741 0.629167 0.540741 0.627604 0.537963 0.627604 0.537037 0.627083 0.536111 0.627083 0.528704 0.626563 0.528704 0.626042 0.529630 0.624479 0.529630 0.623958 0.528704 0.623437 0.528704 0.616667 0.516667 0.616667 0.518519 0.615625 0.520370 0.615104 0.520370 0.614583 0.521296 0.613542 0.521296 0.613021 0.520370 0.612500 0.520370 0.589583 0.479630 0.589063 0.479630
0 0.715104 0.532870 0.085417 0.087963 0.672396 0.488889 0.672917 0.489815 0.672917 0.491667 0.673438 0.492593 0.673438 0.494444 0.673958 0.495370 0.673958 0.497222 0.674479 0.498148 0.674479 0.499074 0.675000 0.500000 0.675000 0.501852 0.675521 0.502778 0.675521 0.504630 0.676042 0.505556 0.676042 0.506481 0.676562 0.507407 0.676562 0.508333 0.678125 0.511111 0.678125 0.512037 0.689583 0.532407 0.689583 0.533333 0.704167 0.559259 0.704167 0.560185 0.712500 0.575000 0.713021 0.575000 0.714063 0.576852 0.715104 0.576852 0.715625 0.575926 0.716146 0.575926 0.717187 0.574074 0.717708 0.574074 0.719792 0.570370 0.720313 0.570370 0.723958 0.563889 0.724479 0.563889 0.728125 0.557407 0.728646 0.557407 0.732812 0.550000 0.733333 0.550000 0.736979 0.543519 0.737500 0.543519 0.741146 0.537037 0.741667 0.537037 0.745313 0.530556 0.745833 0.530556 0.750000 0.523148 0.750521 0.523148 0.754687 0.515741 0.755208 0.515741 0.756771 0.512963 0.756771 0.512037 0.757812 0.510185 0.757812 0.508333 0.757292 0.507407 0.757292 0.506481 0.755208 0.502778 0.755208 0.501852 0.752604 0.497222 0.752604 0.496296 0.752083 0.495370 0.751563 0.495370 0.747396 0.502778 0.746875 0.502778 0.743229 0.509259 0.742708 0.509259 0.738542 0.516667 0.738021 0.516667 0.734375 0.523148 0.733854 0.523148 0.729688 0.530556 0.729167 0.530556 0.725521 0.537037 0.725000 0.537037 0.722396 0.541667 0.721875 0.541667 0.720833 0.543519 0.720313 0.543519 0.719792 0.544444 0.719271 0.544444 0.718750 0.543519 0.718229 0.543519 0.703125 0.516667 0.703646 0.517593 0.703646 0.518519 0.704688 0.520370 0.704688 0.521296 0.705208 0.522222 0.705208 0.523148 0.705729 0.524074 0.705729 0.525000 0.706250 0.525926 0.706250 0.526852 0.706771 0.527778 0.706771 0.528704 0.707292 0.529630 0.707292 0.530556 0.707812 0.531481 0.707812 0.532407 0.708333 0.533333 0.708333 0.534259 0.708854 0.535185 0.708854 0.536111 0.709375 0.537037 0.709375 0.541667 0.708333 0.543519 0.707812 0.543519 0.707292 0.544444 0.706250 0.544444 0.705729 0.543519 0.705208 0.543519 0.704167 0.541667 0.703646 0.541667 0.695833 0.527778 0.695833 0.526852 0.682292 0.502778 0.681771 0.502778 0.677604 0.495370 0.677083 0.495370 0.675000 0.491667 0.674479 0.491667 0.673438 0.489815 0.672917 0.489815
0 0.331250 0.476852 0.084375 0.072222 0.324479 0.440741 0.323958 0.441667 0.323437 0.441667 0.321354 0.445370 0.320833 0.445370 0.316146 0.453704 0.316146 0.454630 0.290104 0.500926 0.290104 0.501852 0.289062 0.503704 0.289062 0.505556 0.289583 0.506481 0.289583 0.507407 0.290104 0.508333 0.290625 0.508333 0.291146 0.509259 0.292187 0.509259 0.292708 0.508333 0.293229 0.508333 0.294271 0.506481 0.294792 0.506481 0.295312 0.505556 0.295833 0.505556 0.310937 0.478704 0.311458 0.478704 0.311979 0.477778 0.312500 0.477778 0.313542 0.475926 0.314063 0.475926 0.314583 0.475000 0.315104 0.475000 0.315625 0.474074 0.316146 0.474074 0.316667 0.473148 0.317188 0.473148 0.318229 0.471296 0.318750 0.471296 0.319271 0.470370 0.319792 0.470370 0.320312 0.469444 0.320833 0.469444 0.321354 0.468519 0.321875 0.468519 0.322396 0.467593 0.322917 0.467593 0.323958 0.465741 0.324479 0.465741 0.325000 0.464815 0.325521 0.464815 0.326042 0.463889 0.326562 0.463889 0.327083 0.462963 0.327604 0.462963 0.328125 0.462037 0.328646 0.462963 0.329167 0.462963 0.330208 0.464815 0.330729 0.464815 0.333333 0.469444 0.333854 0.469444 0.356771 0.510185 0.357292 0.510185 0.358333 0.512037 0.358854 0.512037 0.359375 0.512963 0.360417 0.512963 0.360938 0.512037 0.361458 0.512037 0.363021 0.509259 0.363542 0.509259 0.365104 0.506481 0.365625 0.506481 0.367188 0.503704 0.367708 0.503704 0.369271 0.500926 0.369792 0.500926 0.370833 0.499074 0.371354 0.499074 0.373437 0.495370 0.371875 0.498148 0.371354 0.498148 0.369792 0.500926 0.369271 0.500926 0.368229 0.502778 0.367708 0.502778 0.366146 0.505556 0.365625 0.505556 0.364583 0.507407 0.364063 0.507407 0.363542 0.508333 0.363021 0.508333 0.362500 0.507407 0.361979 0.507407 0.360938 0.505556 0.360417 0.505556 0.354687 0.495370 0.354687 0.494444 0.333333 0.456481 0.333333 0.455556 0.325521 0.441667 0.325521 0.440741
0 0.415625 0.483333 0.102083 0.077778 0.404687 0.444444 0.403646 0.446296 0.403125 0.446296 0.402083 0.448148 0.401562 0.448148 0.400521 0.450000 0.400000 0.450000 0.392708 0.462963 0.392188 0.462963 0.364583 0.512037 0.364583 0.515741 0.365104 0.516667 0.365104 0.517593 0.365625 0.517593 0.366146 0.518519 0.367708 0.518519 0.369271 0.515741 0.369792 0.515741 0.371354 0.512963 0.371875 0.512963 0.373437 0.510185 0.373958 0.510185 0.375521 0.507407 0.376042 0.507407 0.377604 0.504630 0.378125 0.504630 0.390104 0.483333 0.390625 0.483333 0.393750 0.477778 0.394271 0.477778 0.395833 0.475000 0.396354 0.475000 0.397917 0.472222 0.398438 0.472222 0.400000 0.469444 0.400521 0.469444 0.401042 0.468519 0.403125 0.468519 0.403646 0.469444 0.404167 0.469444 0.404687 0.470370 0.405208 0.470370 0.406250 0.472222 0.406771 0.472222 0.408333 0.475000 0.408854 0.475000 0.413542 0.483333 0.414062 0.483333 0.427604 0.507407 0.427604 0.508333 0.434375 0.520370 0.434896 0.520370 0.435937 0.522222 0.438542 0.522222 0.441146 0.517593 0.441146 0.516667 0.447396 0.505556 0.447396 0.504630 0.454167 0.492593 0.454167 0.491667 0.460417 0.480556 0.460417 0.479630 0.466667 0.468519 0.453646 0.491667 0.453125 0.491667 0.444271 0.507407 0.443750 0.507407 0.442708 0.509259 0.440625 0.509259 0.440104 0.508333 0.439583 0.508333 0.429167 0.489815 0.429167 0.488889 0.411458 0.457407 0.411458 0.456481
0 0.483854 0.478241 0.080208 0.091667 0.486979 0.432407 0.481771 0.441667 0.481771 0.442593 0.464062 0.474074 0.464062 0.475000 0.458333 0.485185 0.458333 0.486111 0.452604 0.496296 0.452604 0.497222 0.447396 0.506481 0.447396 0.507407 0.444271 0.512963 0.444271 0.513889 0.443750 0.514815 0.443750 0.516667 0.445833 0.520370 0.446875 0.520370 0.448437 0.517593 0.448958 0.517593 0.457813 0.501852 0.458333 0.501852 0.465104 0.489815 0.465625 0.489815 0.469792 0.482407 0.470313 0.482407 0.472917 0.477778 0.473438 0.477778 0.475521 0.474074 0.476042 0.474074 0.477083 0.472222 0.477604 0.472222 0.478646 0.470370 0.479167 0.470370 0.479687 0.469444 0.480729 0.469444 0.481250 0.468519 0.483854 0.468519 0.484375 0.469444 0.485417 0.469444 0.485938 0.470370 0.486458 0.470370 0.487500 0.472222 0.488021 0.472222 0.490104 0.475926 0.490625 0.475926 0.495312 0.484259 0.495833 0.484259 0.507812 0.505556 0.507812 0.506481 0.516667 0.522222 0.517188 0.522222 0.517708 0.523148 0.518229 0.523148 0.518750 0.524074 0.519792 0.524074 0.520312 0.523148 0.520833 0.523148 0.520833 0.522222 0.521354 0.521296 0.521354 0.520370 0.521875 0.519444 0.521875 0.518519 0.522396 0.517593 0.522396 0.516667 0.522917 0.515741 0.522917 0.514815 0.523438 0.513889 0.523438 0.512963 0.523958 0.512037 0.505208 0.478704 0.505208 0.477778 0.492188 0.454630 0.492188 0.453704 0.491146 0.451852 0.491146 0.447222 0.493229 0.443519 0.493229 0.442593 0.493750 0.441667 0.491146 0.437037 0.490625 0.437037 0.489063 0.434259 0.488542 0.434259 0.487500 0.432407
0 0.577344 0.477315 0.077604 0.086111 0.577604 0.434259 0.577083 0.435185 0.575521 0.435185 0.575000 0.436111 0.574479 0.436111 0.573958 0.437037 0.573438 0.437037 0.572917 0.437963 0.572396 0.437963 0.572396 0.438889 0.571875 0.439815 0.571875 0.442593 0.571354 0.443519 0.571354 0.446296 0.570833 0.447222 0.570833 0.450000 0.570312 0.450926 0.570312 0.453704 0.569792 0.454630 0.569792 0.455556 0.560937 0.471296 0.560417 0.471296 0.552083 0.486111 0.551562 0.486111 0.543229 0.500926 0.542708 0.500926 0.540104 0.505556 0.540104 0.506481 0.539583 0.507407 0.539583 0.508333 0.539062 0.509259 0.539062 0.511111 0.538542 0.512037 0.538542 0.512963 0.539062 0.513889 0.539062 0.514815 0.540104 0.516667 0.540625 0.516667 0.541146 0.517593 0.541667 0.516667 0.542188 0.516667 0.543750 0.513889 0.544271 0.513889 0.551562 0.500926 0.552083 0.500926 0.558333 0.489815 0.558854 0.489815 0.563021 0.482407 0.563542 0.482407 0.566146 0.477778 0.566667 0.477778 0.569271 0.473148 0.569792 0.473148 0.571354 0.470370 0.571875 0.470370 0.572917 0.468519 0.573438 0.468519 0.573958 0.467593 0.574479 0.467593 0.575000 0.466667 0.576042 0.466667 0.576562 0.465741 0.579688 0.465741 0.580208 0.466667 0.580729 0.466667 0.581250 0.467593 0.581771 0.467593 0.582812 0.469444 0.583333 0.469444 0.584896 0.472222 0.585417 0.472222 0.589063 0.478704 0.589583 0.478704 0.612500 0.519444 0.613021 0.519444 0.613542 0.520370 0.614583 0.520370 0.615104 0.519444 0.615625 0.519444 0.616146 0.518519 0.616146 0.515741 0.607812 0.500926 0.607812 0.500000 0.590625 0.469444 0.590625 0.468519 0.586458 0.461111 0.586458 0.460185 0.585417 0.458333 0.585417 0.456481 0.585938 0.455556 0.585938 0.450000 0.586458 0.449074 0.586458 0.443519 0.584896 0.440741 0.584375 0.440741 0.582812 0.437963 0.582292 0.437963 0.581250 0.436111 0.580208 0.436111 0.579688 0.435185 0.578125 0.435185
0 0.668229 0.494907 0.081250 0.097222 0.668229 0.446296 0.667708 0.447222 0.666667 0.447222 0.666146 0.448148 0.665625 0.448148 0.665104 0.449074 0.665625 0.450000 0.665625 0.450926 0.666146 0.451852 0.666146 0.453704 0.666667 0.454630 0.666667 0.456481 0.667188 0.457407 0.667188 0.458333 0.667708 0.459259 0.667708 0.462037 0.659375 0.476852 0.658854 0.476852 0.653125 0.487037 0.652604 0.487037 0.647396 0.496296 0.646875 0.496296 0.641146 0.506481 0.640625 0.506481 0.635417 0.515741 0.634896 0.515741 0.629687 0.525000 0.629167 0.525000 0.627604 0.527778 0.627604 0.536111 0.628125 0.537037 0.628125 0.537963 0.629167 0.539815 0.631250 0.539815 0.632812 0.537037 0.633333 0.537037 0.637500 0.529630 0.638021 0.529630 0.642708 0.521296 0.643229 0.521296 0.647396 0.513889 0.647917 0.513889 0.651563 0.507407 0.652083 0.507407 0.655208 0.501852 0.655729 0.501852 0.657813 0.498148 0.658333 0.498148 0.659896 0.495370 0.660417 0.495370 0.661979 0.492593 0.662500 0.492593 0.663542 0.490741 0.664062 0.490741 0.664583 0.489815 0.665104 0.489815 0.666146 0.487963 0.667188 0.487963 0.667708 0.487037 0.670833 0.487037 0.671354 0.487963 0.672396 0.487963 0.672917 0.488889 0.673438 0.488889 0.674479 0.490741 0.675000 0.490741 0.677083 0.494444 0.677604 0.494444 0.681771 0.501852 0.682292 0.501852 0.696354 0.526852 0.696354 0.527778 0.703646 0.540741 0.704167 0.540741 0.705208 0.542593 0.705729 0.542593 0.706250 0.543519 0.707292 0.543519 0.707812 0.542593 0.708333 0.542593 0.708854 0.541667 0.708854 0.537037 0.708333 0.536111 0.708333 0.535185 0.707812 0.534259 0.707812 0.533333 0.707292 0.532407 0.707292 0.531481 0.706771 0.530556 0.706771 0.529630 0.706250 0.528704 0.706250 0.527778 0.705729 0.526852 0.705729 0.525926 0.705208 0.525000 0.705208 0.524074 0.704688 0.523148 0.704688 0.522222 0.704167 0.521296 0.704167 0.520370 0.703125 0.518519 0.703125 0.517593 0.702604 0.516667 0.702604 0.515741 0.700000 0.511111 0.700000 0.510185 0.686458 0.486111 0.686458 0.485185 0.681771 0.476852 0.681771 0.475926 0.680729 0.474074 0.680729 0.473148 0.680208 0.472222 0.680208 0.470370 0.679688 0.469444 0.679688 0.468519 0.679167 0.467593 0.679167 0.466667 0.678646 0.465741 0.678646 0.464815 0.678125 0.463889 0.678125 0.462963 0.677604 0.462037 0.677604 0.460185 0.677083 0.459259 0.677083 0.458333 0.676562 0.457407 0.676562 0.456481 0.676042 0.455556 0.676042 0.454630 0.675521 0.453704 0.675521 0.451852 0.675000 0.450926 0.675000 0.450000 0.674479 0.449074 0.673958 0.449074 0.673438 0.448148 0.672917 0.448148 0.672396 0.447222 0.671875 0.447222 0.671354 0.446296
0 0.365365 0.469907 0.079687 0.075000 0.329688 0.432407 0.329167 0.433333 0.328646 0.433333 0.328125 0.434259 0.327604 0.434259 0.327083 0.435185 0.326562 0.435185 0.325521 0.437037 0.325521 0.439815 0.326042 0.440741 0.326042 0.441667 0.333854 0.455556 0.333854 0.456481 0.355208 0.494444 0.355208 0.495370 0.360417 0.504630 0.360938 0.504630 0.361979 0.506481 0.362500 0.506481 0.363021 0.507407 0.363542 0.507407 0.364063 0.506481 0.364583 0.506481 0.365625 0.504630 0.366146 0.504630 0.367708 0.501852 0.368229 0.501852 0.369271 0.500000 0.369792 0.500000 0.371354 0.497222 0.371875 0.497222 0.373437 0.494444 0.373958 0.494444 0.392188 0.462037 0.392708 0.462037 0.400000 0.449074 0.400521 0.449074 0.401562 0.447222 0.402083 0.447222 0.403125 0.445370 0.403646 0.445370 0.404167 0.444444 0.404167 0.442593 0.403125 0.440741 0.403125 0.438889 0.403646 0.437963 0.403646 0.437037 0.404687 0.435185 0.405208 0.435185 0.404687 0.435185 0.404167 0.434259 0.403646 0.434259 0.403125 0.433333 0.401042 0.433333 0.400000 0.435185 0.399479 0.435185 0.398958 0.436111 0.398438 0.436111 0.397396 0.437963 0.396875 0.437963 0.394271 0.442593 0.393750 0.442593 0.377604 0.471296 0.377083 0.471296 0.376042 0.473148 0.375521 0.473148 0.374479 0.475000 0.373958 0.475000 0.372917 0.476852 0.372396 0.476852 0.371354 0.478704 0.370833 0.478704 0.369792 0.480556 0.369271 0.480556 0.368229 0.482407 0.367708 0.482407 0.367188 0.483333 0.366667 0.483333 0.366146 0.484259 0.365625 0.483333 0.365104 0.483333 0.363542 0.480556 0.363542 0.475926 0.367188 0.469444 0.366146 0.471296 0.365625 0.471296 0.364583 0.473148 0.364063 0.473148 0.363542 0.474074 0.363021 0.474074 0.361979 0.475926 0.361458 0.475926 0.360417 0.477778 0.359896 0.477778 0.359375 0.478704 0.357292 0.478704 0.354687 0.474074 0.354167 0.474074 0.350521 0.467593 0.350521 0.466667 0.338542 0.445370 0.338021 0.445370 0.331771 0.434259 0.331250 0.434259 0.330208 0.432407
0 0.445052 0.469444 0.082812 0.077778 0.481250 0.430556 0.480729 0.431481 0.480208 0.431481 0.479687 0.432407 0.479167 0.432407 0.478125 0.434259 0.477604 0.434259 0.476042 0.437037 0.475521 0.437037 0.473438 0.440741 0.472917 0.440741 0.469271 0.447222 0.468750 0.447222 0.461979 0.459259 0.461458 0.459259 0.449479 0.480556 0.448958 0.480556 0.447917 0.482407 0.446354 0.482407 0.444792 0.479630 0.444792 0.478704 0.444271 0.477778 0.444271 0.476852 0.439063 0.486111 0.438542 0.486111 0.438021 0.487037 0.435937 0.487037 0.434896 0.485185 0.434375 0.485185 0.426042 0.470370 0.426042 0.469444 0.415104 0.450000 0.414583 0.450000 0.409375 0.440741 0.408854 0.440741 0.406771 0.437037 0.406250 0.437037 0.405729 0.436111 0.404687 0.436111 0.404167 0.437037 0.404167 0.437963 0.403646 0.438889 0.403646 0.440741 0.404687 0.442593 0.404687 0.443519 0.411979 0.456481 0.411979 0.457407 0.429688 0.488889 0.429688 0.489815 0.439583 0.507407 0.440104 0.507407 0.440625 0.508333 0.442708 0.508333 0.443750 0.506481 0.444271 0.506481 0.453125 0.490741 0.453646 0.490741 0.466667 0.467593 0.467187 0.467593 0.481250 0.442593 0.481250 0.441667 0.486458 0.432407 0.486458 0.431481 0.485938 0.431481 0.485417 0.430556
0 0.531771 0.479167 0.080208 0.080556 0.571875 0.438889 0.571354 0.439815 0.570833 0.439815 0.569271 0.442593 0.568750 0.442593 0.566146 0.447222 0.565625 0.447222 0.562500 0.452778 0.561979 0.452778 0.557292 0.461111 0.556771 0.461111 0.550000 0.473148 0.549479 0.473148 0.542708 0.485185 0.542188 0.485185 0.540625 0.487963 0.539583 0.487963 0.539062 0.487037 0.538542 0.487037 0.536979 0.484259 0.536979 0.480556 0.537500 0.479630 0.537500 0.478704 0.538021 0.477778 0.538021 0.476852 0.538542 0.475926 0.538542 0.474074 0.539062 0.473148 0.539062 0.472222 0.539583 0.471296 0.539583 0.470370 0.540104 0.469444 0.532813 0.482407 0.532292 0.482407 0.531250 0.484259 0.530729 0.484259 0.530208 0.485185 0.529167 0.485185 0.528125 0.483333 0.527604 0.483333 0.523958 0.476852 0.523958 0.477778 0.523438 0.478704 0.523438 0.479630 0.522917 0.480556 0.522917 0.481481 0.520833 0.485185 0.519271 0.485185 0.518750 0.484259 0.518229 0.484259 0.495833 0.444444 0.495312 0.444444 0.494271 0.442593 0.493750 0.442593 0.493750 0.443519 0.491667 0.447222 0.491667 0.451852 0.492708 0.453704 0.492708 0.454630 0.505729 0.477778 0.505729 0.478704 0.528646 0.519444 0.530729 0.519444 0.531250 0.518519 0.531771 0.518519 0.534375 0.513889 0.534896 0.513889 0.542708 0.500000 0.543229 0.500000 0.551562 0.485185 0.552083 0.485185 0.560417 0.470370 0.560937 0.470370 0.569271 0.455556 0.569271 0.454630 0.569792 0.453704 0.569792 0.450926 0.570312 0.450000 0.570312 0.447222 0.570833 0.446296 0.570833 0.443519 0.571354 0.442593 0.571354 0.439815
0 0.626563 0.486574 0.081250 0.084259 0.586979 0.444444 0.586979 0.449074 0.586458 0.450000 0.586458 0.455556 0.585938 0.456481 0.585938 0.458333 0.586979 0.460185 0.586979 0.461111 0.591146 0.468519 0.591146 0.469444 0.608333 0.500000 0.608333 0.500926 0.623437 0.527778 0.623958 0.527778 0.624479 0.528704 0.626042 0.528704 0.626563 0.527778 0.627083 0.527778 0.629167 0.524074 0.629687 0.524074 0.634896 0.514815 0.635417 0.514815 0.640625 0.505556 0.641146 0.505556 0.646875 0.495370 0.647396 0.495370 0.652604 0.486111 0.653125 0.486111 0.658854 0.475926 0.659375 0.475926 0.667188 0.462037 0.667188 0.459259 0.666667 0.458333 0.666667 0.457407 0.666146 0.456481 0.666146 0.454630 0.665625 0.453704 0.665625 0.451852 0.665104 0.450926 0.665104 0.450000 0.664583 0.449074 0.663542 0.450926 0.663021 0.450926 0.661979 0.452778 0.661458 0.452778 0.659896 0.455556 0.659375 0.455556 0.656771 0.460185 0.656250 0.460185 0.653646 0.464815 0.653125 0.464815 0.649479 0.471296 0.648958 0.471296 0.644792 0.478704 0.644271 0.478704 0.638542 0.488889 0.638021 0.488889 0.633333 0.497222 0.632812 0.497222 0.631771 0.499074 0.629687 0.499074 0.628125 0.496296 0.628125 0.495370 0.627604 0.494444 0.627604 0.487963 0.627083 0.487963 0.626563 0.488889 0.624479 0.488889 0.617188 0.475926 0.617188 0.476852 0.617708 0.477778 0.617708 0.487037 0.615625 0.490741 0.614062 0.490741 0.613542 0.489815 0.613021 0.489815 0.588021 0.445370 0.587500 0.445370
0 0.718750 0.497222 0.086458 0.092593 0.675521 0.450926 0.676042 0.451852 0.676042 0.453704 0.676562 0.454630 0.676562 0.455556 0.677083 0.456481 0.677083 0.457407 0.677604 0.458333 0.677604 0.459259 0.678125 0.460185 0.678125 0.462037 0.678646 0.462963 0.678646 0.463889 0.679167 0.464815 0.679167 0.465741 0.679688 0.466667 0.679688 0.467593 0.680208 0.468519 0.680208 0.469444 0.680729 0.470370 0.680729 0.472222 0.681250 0.473148 0.681250 0.474074 0.682292 0.475926 0.682292 0.476852 0.686979 0.485185 0.686979 0.486111 0.700521 0.510185 0.700521 0.511111 0.718229 0.542593 0.718750 0.542593 0.719271 0.543519 0.719792 0.543519 0.720313 0.542593 0.720833 0.542593 0.721875 0.540741 0.722396 0.540741 0.725000 0.536111 0.725521 0.536111 0.729167 0.529630 0.729688 0.529630 0.733854 0.522222 0.734375 0.522222 0.738021 0.515741 0.738542 0.515741 0.742708 0.508333 0.743229 0.508333 0.746875 0.501852 0.747396 0.501852 0.751563 0.494444 0.752083 0.494444 0.756250 0.487037 0.756771 0.487037 0.761979 0.477778 0.761979 0.474074 0.759375 0.469444 0.758854 0.469444 0.756250 0.474074 0.755729 0.474074 0.751563 0.481481 0.751042 0.481481 0.747396 0.487963 0.746875 0.487963 0.742708 0.495370 0.742188 0.495370 0.738021 0.502778 0.737500 0.502778 0.733333 0.510185 0.732812 0.510185 0.729688 0.515741 0.729167 0.515741 0.728125 0.517593 0.727604 0.517593 0.727083 0.518519 0.725521 0.518519 0.723437 0.514815 0.722917 0.514815 0.720313 0.510185 0.720313 0.509259 0.706771 0.485185 0.706771 0.484259 0.703646 0.478704 0.704167 0.479630 0.704167 0.480556 0.705208 0.482407 0.705208 0.483333 0.705729 0.484259 0.705729 0.485185 0.706250 0.486111 0.706250 0.487037 0.707292 0.488889 0.707292 0.489815 0.707812 0.490741 0.707812 0.491667 0.708854 0.493519 0.708854 0.494444 0.709375 0.495370 0.709375 0.499074 0.707812 0.501852 0.705208 0.501852 0.703125 0.498148 0.702604 0.498148 0.700000 0.493519 0.700000 0.492593 0.680208 0.457407 0.679688 0.457407 0.676562 0.451852 0.676042 0.451852
0 0.328906 0.443519 0.082812 0.068519 0.319792 0.409259 0.310937 0.425000 0.310937 0.425926 0.290625 0.462037 0.290625 0.462963 0.288021 0.467593 0.288021 0.468519 0.287500 0.469444 0.287500 0.472222 0.289062 0.475000 0.290104 0.475000 0.302604 0.452778 0.303125 0.452778 0.304167 0.450926 0.304688 0.450926 0.305208 0.450000 0.305729 0.450000 0.306250 0.449074 0.306771 0.449074 0.307292 0.448148 0.307812 0.448148 0.308333 0.447222 0.309375 0.447222 0.309896 0.446296 0.310417 0.446296 0.310937 0.445370 0.311458 0.445370 0.311979 0.444444 0.312500 0.444444 0.313021 0.443519 0.313542 0.443519 0.314063 0.442593 0.314583 0.442593 0.315104 0.441667 0.315625 0.441667 0.316146 0.440741 0.316667 0.440741 0.317188 0.439815 0.317708 0.439815 0.318229 0.438889 0.318750 0.438889 0.319271 0.437963 0.319792 0.437963 0.320312 0.437037 0.320833 0.437037 0.321354 0.436111 0.321875 0.436111 0.322396 0.435185 0.322917 0.435185 0.323437 0.434259 0.323958 0.434259 0.324479 0.433333 0.325000 0.433333 0.325521 0.432407 0.326042 0.432407 0.326562 0.431481 0.327604 0.431481 0.328125 0.430556 0.328646 0.430556 0.329167 0.429630 0.331250 0.433333 0.331771 0.433333 0.338021 0.444444 0.338542 0.444444 0.351042 0.466667 0.351042 0.467593 0.354167 0.473148 0.354687 0.473148 0.357292 0.477778 0.359375 0.477778 0.359896 0.476852 0.360417 0.476852 0.361458 0.475000 0.361979 0.475000 0.363021 0.473148 0.363542 0.473148 0.364063 0.472222 0.364583 0.472222 0.365625 0.470370 0.366146 0.470370 0.367188 0.468519 0.367708 0.468519 0.370312 0.463889 0.369271 0.465741 0.368750 0.465741 0.367708 0.467593 0.367188 0.467593 0.366146 0.469444 0.365625 0.469444 0.365104 0.470370 0.364583 0.470370 0.363542 0.472222 0.363021 0.472222 0.361979 0.474074 0.361458 0.474074 0.360417 0.475926 0.359896 0.475926 0.359375 0.476852 0.357292 0.476852 0.330729 0.429630 0.330729 0.428704 0.320312 0.410185 0.320312 0.409259
0 0.418229 0.446759 0.108333 0.078704 0.405208 0.407407 0.404167 0.409259 0.403646 0.409259 0.403125 0.410185 0.402604 0.410185 0.401562 0.412037 0.401042 0.412037 0.400521 0.412963 0.400000 0.412963 0.398438 0.415741 0.397917 0.415741 0.364063 0.475926 0.364063 0.480556 0.365104 0.482407 0.365625 0.482407 0.366146 0.483333 0.366667 0.482407 0.367188 0.482407 0.367708 0.481481 0.368229 0.481481 0.369271 0.479630 0.369792 0.479630 0.370833 0.477778 0.371354 0.477778 0.372396 0.475926 0.372917 0.475926 0.373958 0.474074 0.374479 0.474074 0.375521 0.472222 0.376042 0.472222 0.377083 0.470370 0.377604 0.470370 0.393750 0.441667 0.394271 0.441667 0.396875 0.437037 0.397396 0.437037 0.398438 0.435185 0.398958 0.435185 0.399479 0.434259 0.400000 0.434259 0.401042 0.432407 0.403125 0.432407 0.403646 0.433333 0.404167 0.433333 0.404687 0.434259 0.405208 0.434259 0.406250 0.436111 0.406771 0.436111 0.408854 0.439815 0.409375 0.439815 0.414583 0.449074 0.415104 0.449074 0.426563 0.469444 0.426563 0.470370 0.434375 0.484259 0.434896 0.484259 0.435937 0.486111 0.438021 0.486111 0.438542 0.485185 0.439063 0.485185 0.444792 0.475000 0.444792 0.474074 0.462500 0.442593 0.463021 0.442593 0.472396 0.425926 0.472396 0.425000 0.471875 0.424074 0.466146 0.434259 0.465625 0.434259 0.455729 0.451852 0.455208 0.451852 0.445833 0.468519 0.445312 0.468519 0.443750 0.471296 0.443229 0.471296 0.442708 0.472222 0.441667 0.472222 0.441146 0.471296 0.440625 0.471296 0.425000 0.443519 0.425000 0.442593 0.405729 0.408333 0.405729 0.407407
0 0.484115 0.440741 0.078646 0.087037 0.489583 0.397222 0.482292 0.410185 0.481771 0.410185 0.463021 0.443519 0.462500 0.443519 0.445312 0.474074 0.445312 0.475000 0.444792 0.475926 0.444792 0.477778 0.445312 0.478704 0.445312 0.479630 0.446354 0.481481 0.447917 0.481481 0.448958 0.479630 0.449479 0.479630 0.461458 0.458333 0.461979 0.458333 0.468750 0.446296 0.469271 0.446296 0.472917 0.439815 0.473438 0.439815 0.475521 0.436111 0.476042 0.436111 0.477604 0.433333 0.478125 0.433333 0.479167 0.431481 0.479687 0.431481 0.480208 0.430556 0.480729 0.430556 0.481250 0.429630 0.485417 0.429630 0.485938 0.430556 0.486458 0.430556 0.486979 0.431481 0.487500 0.431481 0.488542 0.433333 0.489063 0.433333 0.490625 0.436111 0.491146 0.436111 0.495312 0.443519 0.495833 0.443519 0.518229 0.483333 0.518750 0.483333 0.519271 0.484259 0.520833 0.484259 0.522396 0.481481 0.522396 0.480556 0.522917 0.479630 0.522917 0.478704 0.523438 0.477778 0.523438 0.475926 0.513542 0.458333 0.513542 0.457407 0.493750 0.422222 0.493750 0.421296 0.491146 0.416667 0.491146 0.415741 0.490625 0.414815 0.490625 0.411111 0.494792 0.403704 0.494271 0.402778 0.493750 0.402778 0.490625 0.397222
0 0.577344 0.442593 0.079687 0.094444 0.577083 0.395370 0.576562 0.396296 0.575521 0.396296 0.575000 0.397222 0.574479 0.397222 0.573438 0.399074 0.573438 0.400000 0.572917 0.400926 0.572917 0.402778 0.572396 0.403704 0.572396 0.406481 0.571875 0.407407 0.571875 0.409259 0.571354 0.410185 0.571354 0.412963 0.570833 0.413889 0.570833 0.415741 0.570312 0.416667 0.570312 0.417593 0.569792 0.418519 0.569792 0.419444 0.560937 0.435185 0.560417 0.435185 0.550521 0.452778 0.550000 0.452778 0.540104 0.470370 0.540104 0.471296 0.539583 0.472222 0.539583 0.473148 0.539062 0.474074 0.539062 0.475926 0.538542 0.476852 0.538542 0.477778 0.538021 0.478704 0.538021 0.479630 0.537500 0.480556 0.537500 0.484259 0.538542 0.486111 0.539062 0.486111 0.539583 0.487037 0.540625 0.487037 0.542188 0.484259 0.542708 0.484259 0.549479 0.472222 0.550000 0.472222 0.556771 0.460185 0.557292 0.460185 0.561979 0.451852 0.562500 0.451852 0.565625 0.446296 0.566146 0.446296 0.568750 0.441667 0.569271 0.441667 0.570833 0.438889 0.571354 0.438889 0.572396 0.437037 0.572917 0.437037 0.573438 0.436111 0.573958 0.436111 0.574479 0.435185 0.575000 0.435185 0.575521 0.434259 0.577083 0.434259 0.577604 0.433333 0.578125 0.434259 0.579688 0.434259 0.580208 0.435185 0.581250 0.435185 0.582292 0.437037 0.582812 0.437037 0.584375 0.439815 0.584896 0.439815 0.587500 0.444444 0.588021 0.444444 0.613021 0.488889 0.613542 0.488889 0.614062 0.489815 0.615625 0.489815 0.617188 0.487037 0.617188 0.477778 0.616667 0.476852 0.616667 0.475000 0.605729 0.455556 0.605729 0.454630 0.590104 0.426852 0.590104 0.425926 0.586979 0.420370 0.586979 0.419444 0.586458 0.418519 0.586458 0.412037 0.586979 0.411111 0.586979 0.406481 0.587500 0.405556 0.587500 0.404630 0.586979 0.403704 0.586458 0.403704 0.584375 0.400000 0.583854 0.400000 0.582812 0.398148 0.582292 0.398148 0.581771 0.397222 0.581250 0.397222 0.580729 0.396296 0.579688 0.396296 0.579167 0.395370
0 0.668490 0.453241 0.080729 0.095370 0.668229 0.405556 0.667708 0.406481 0.666667 0.406481 0.666146 0.407407 0.665625 0.407407 0.665104 0.408333 0.665625 0.409259 0.665625 0.410185 0.666146 0.411111 0.666146 0.412037 0.666667 0.412963 0.666667 0.414815 0.667188 0.415741 0.667188 0.416667 0.667708 0.417593 0.667708 0.421296 0.667188 0.422222 0.667188 0.423148 0.662500 0.431481 0.661979 0.431481 0.656250 0.441667 0.655729 0.441667 0.649479 0.452778 0.648958 0.452778 0.643229 0.462963 0.642708 0.462963 0.636458 0.474074 0.635938 0.474074 0.630729 0.483333 0.630208 0.483333 0.628125 0.487037 0.628125 0.494444 0.628646 0.495370 0.628646 0.496296 0.629687 0.498148 0.631771 0.498148 0.632812 0.496296 0.633333 0.496296 0.638021 0.487963 0.638542 0.487963 0.644271 0.477778 0.644792 0.477778 0.648958 0.470370 0.649479 0.470370 0.653125 0.463889 0.653646 0.463889 0.656250 0.459259 0.656771 0.459259 0.659375 0.454630 0.659896 0.454630 0.661458 0.451852 0.661979 0.451852 0.663021 0.450000 0.663542 0.450000 0.664583 0.448148 0.665104 0.448148 0.665625 0.447222 0.666146 0.447222 0.666667 0.446296 0.667708 0.446296 0.668229 0.445370 0.671354 0.445370 0.671875 0.446296 0.672396 0.446296 0.672917 0.447222 0.673438 0.447222 0.673958 0.448148 0.674479 0.448148 0.676042 0.450926 0.676562 0.450926 0.679688 0.456481 0.680208 0.456481 0.700521 0.492593 0.700521 0.493519 0.702604 0.497222 0.703125 0.497222 0.705208 0.500926 0.707812 0.500926 0.708854 0.499074 0.708854 0.495370 0.708333 0.494444 0.708333 0.493519 0.707292 0.491667 0.707292 0.490741 0.706771 0.489815 0.706771 0.488889 0.705729 0.487037 0.705729 0.486111 0.705208 0.485185 0.705208 0.484259 0.704688 0.483333 0.704688 0.482407 0.703646 0.480556 0.703646 0.479630 0.703125 0.478704 0.703125 0.477778 0.693750 0.461111 0.693750 0.460185 0.688021 0.450000 0.688021 0.449074 0.687500 0.448148 0.687500 0.447222 0.686979 0.446296 0.686979 0.445370 0.685937 0.443519 0.685937 0.442593 0.685417 0.441667 0.685417 0.440741 0.684896 0.439815 0.684896 0.438889 0.684375 0.437963 0.684375 0.437037 0.683854 0.436111 0.683854 0.435185 0.683333 0.434259 0.683333 0.433333 0.682292 0.431481 0.682292 0.430556 0.681771 0.429630 0.681771 0.428704 0.681250 0.427778 0.681250 0.426852 0.680729 0.425926 0.680729 0.425000 0.680208 0.424074 0.680208 0.423148 0.679167 0.421296 0.679167 0.420370 0.678646 0.419444 0.678646 0.418519 0.678125 0.417593 0.678125 0.416667 0.677604 0.415741 0.677604 0.414815 0.677083 0.413889 0.677083 0.412963 0.676562 0.412037 0.676562 0.411111 0.676042 0.410185 0.675521 0.410185 0.674479 0.408333 0.673958 0.408333 0.672917 0.406481 0.671875 0.406481 0.671354 0.405556
0 0.363802 0.434722 0.088021 0.082407 0.404687 0.393519 0.404167 0.394444 0.403646 0.394444 0.403125 0.395370 0.402604 0.395370 0.402083 0.396296 0.401562 0.396296 0.401042 0.397222 0.400521 0.397222 0.399479 0.399074 0.398958 0.399074 0.398438 0.400000 0.397917 0.400000 0.397396 0.400926 0.396875 0.400926 0.396354 0.401852 0.395833 0.401852 0.394792 0.403704 0.394271 0.403704 0.393750 0.404630 0.393229 0.404630 0.392708 0.405556 0.392188 0.405556 0.376042 0.434259 0.375521 0.434259 0.370312 0.443519 0.369792 0.443519 0.369271 0.444444 0.368750 0.443519 0.368229 0.443519 0.366667 0.440741 0.366667 0.439815 0.366146 0.438889 0.366146 0.437963 0.366667 0.437037 0.366667 0.436111 0.368229 0.433333 0.367708 0.433333 0.367188 0.434259 0.366667 0.434259 0.366146 0.435185 0.365625 0.435185 0.364583 0.437037 0.364063 0.437037 0.363542 0.437963 0.363021 0.437963 0.362500 0.438889 0.361979 0.438889 0.360938 0.440741 0.358333 0.440741 0.357812 0.439815 0.357292 0.439815 0.335938 0.401852 0.335417 0.401852 0.331771 0.395370 0.330729 0.395370 0.330208 0.396296 0.329688 0.396296 0.329167 0.397222 0.328125 0.397222 0.327604 0.398148 0.327083 0.398148 0.326562 0.399074 0.326042 0.399074 0.325521 0.400000 0.324479 0.400000 0.323958 0.400926 0.323437 0.400926 0.322917 0.401852 0.321875 0.401852 0.321354 0.402778 0.320833 0.402778 0.319792 0.404630 0.319792 0.407407 0.320833 0.409259 0.320833 0.410185 0.331250 0.428704 0.331250 0.429630 0.357292 0.475926 0.359375 0.475926 0.359896 0.475000 0.360417 0.475000 0.361458 0.473148 0.361979 0.473148 0.363021 0.471296 0.363542 0.471296 0.364583 0.469444 0.365104 0.469444 0.365625 0.468519 0.366146 0.468519 0.367188 0.466667 0.367708 0.466667 0.368750 0.464815 0.369271 0.464815 0.370312 0.462963 0.370833 0.462963 0.397917 0.414815 0.398438 0.414815 0.400000 0.412037 0.400521 0.412037 0.401042 0.411111 0.401562 0.411111 0.402604 0.409259 0.403125 0.409259 0.403646 0.408333 0.404167 0.408333 0.405208 0.406481 0.404167 0.404630 0.404167 0.403704 0.403646 0.402778 0.403646 0.400926 0.405729 0.397222 0.406250 0.397222 0.406771 0.396296 0.407292 0.396296 0.407813 0.395370 0.407292 0.394444 0.406771 0.394444 0.406250 0.393519
0 0.446094 0.431481 0.083854 0.079630 0.482812 0.391667 0.481250 0.394444 0.480729 0.394444 0.477083 0.400926 0.476562 0.400926 0.476042 0.401852 0.475521 0.401852 0.472396 0.407407 0.471875 0.407407 0.468229 0.413889 0.467708 0.413889 0.463542 0.421296 0.463021 0.421296 0.459375 0.427778 0.458854 0.427778 0.454688 0.435185 0.454167 0.435185 0.450000 0.442593 0.449479 0.442593 0.448437 0.444444 0.446875 0.444444 0.444792 0.440741 0.444792 0.439815 0.443229 0.442593 0.442708 0.442593 0.440625 0.446296 0.438542 0.446296 0.438021 0.445370 0.437500 0.445370 0.415104 0.405556 0.414583 0.405556 0.410938 0.399074 0.410417 0.399074 0.408854 0.396296 0.407813 0.396296 0.407292 0.397222 0.406771 0.397222 0.406250 0.398148 0.405729 0.398148 0.404167 0.400926 0.404167 0.402778 0.404687 0.403704 0.404687 0.404630 0.406250 0.407407 0.406250 0.408333 0.425521 0.442593 0.425521 0.443519 0.440625 0.470370 0.441146 0.470370 0.441667 0.471296 0.442708 0.471296 0.443229 0.470370 0.443750 0.470370 0.445312 0.467593 0.445833 0.467593 0.455208 0.450926 0.455729 0.450926 0.465625 0.433333 0.466146 0.433333 0.476562 0.414815 0.477083 0.414815 0.488021 0.395370 0.488021 0.394444 0.487500 0.393519 0.486979 0.393519 0.486458 0.392593 0.485417 0.392593 0.484896 0.391667
0 0.532031 0.441667 0.081771 0.085185 0.572917 0.399074 0.571875 0.400926 0.571354 0.400926 0.569792 0.403704 0.569271 0.403704 0.567187 0.407407 0.566667 0.407407 0.563021 0.413889 0.562500 0.413889 0.557813 0.422222 0.557292 0.422222 0.548958 0.437037 0.548438 0.437037 0.542188 0.448148 0.541667 0.448148 0.541146 0.449074 0.539583 0.449074 0.537500 0.445370 0.537500 0.442593 0.538021 0.441667 0.538021 0.440741 0.538542 0.439815 0.538542 0.438889 0.539062 0.437963 0.539062 0.437037 0.539583 0.436111 0.539583 0.435185 0.540104 0.434259 0.534375 0.444444 0.533854 0.444444 0.531250 0.449074 0.530729 0.449074 0.530208 0.450000 0.529687 0.450000 0.529167 0.450926 0.528646 0.450000 0.528125 0.450000 0.527604 0.449074 0.527083 0.449074 0.523438 0.442593 0.523438 0.443519 0.521875 0.446296 0.521354 0.446296 0.520833 0.447222 0.520312 0.447222 0.519792 0.446296 0.519271 0.446296 0.518750 0.445370 0.518229 0.445370 0.495312 0.404630 0.494792 0.404630 0.491146 0.411111 0.491146 0.414815 0.491667 0.415741 0.491667 0.416667 0.494271 0.421296 0.494271 0.422222 0.514062 0.457407 0.514062 0.458333 0.527604 0.482407 0.528125 0.482407 0.529167 0.484259 0.530208 0.484259 0.530729 0.483333 0.531250 0.483333 0.532292 0.481481 0.532813 0.481481 0.540104 0.468519 0.540625 0.468519 0.550000 0.451852 0.550521 0.451852 0.560417 0.434259 0.560937 0.434259 0.569271 0.419444 0.569271 0.418519 0.569792 0.417593 0.569792 0.416667 0.570312 0.415741 0.570312 0.413889 0.570833 0.412963 0.570833 0.410185 0.571354 0.409259 0.571354 0.407407 0.571875 0.406481 0.571875 0.403704 0.572396 0.402778 0.572396 0.400926 0.572917 0.400000
0 0.627083 0.446759 0.080208 0.082407 0.588021 0.405556 0.587500 0.406481 0.587500 0.411111 0.586979 0.412037 0.586979 0.418519 0.587500 0.419444 0.587500 0.420370 0.590625 0.425926 0.590625 0.426852 0.606250 0.454630 0.606250 0.455556 0.624479 0.487963 0.626563 0.487963 0.627083 0.487037 0.627604 0.487037 0.630208 0.482407 0.630729 0.482407 0.635938 0.473148 0.636458 0.473148 0.642708 0.462037 0.643229 0.462037 0.648958 0.451852 0.649479 0.451852 0.655729 0.440741 0.656250 0.440741 0.661979 0.430556 0.662500 0.430556 0.666667 0.423148 0.666667 0.422222 0.667188 0.421296 0.667188 0.417593 0.666667 0.416667 0.666667 0.415741 0.666146 0.414815 0.666146 0.412963 0.665625 0.412037 0.665625 0.411111 0.665104 0.410185 0.665104 0.409259 0.664583 0.408333 0.663542 0.410185 0.663021 0.410185 0.661458 0.412963 0.660937 0.412963 0.658854 0.416667 0.658333 0.416667 0.655729 0.421296 0.655208 0.421296 0.652083 0.426852 0.651563 0.426852 0.647396 0.434259 0.646875 0.434259 0.641667 0.443519 0.641146 0.443519 0.634896 0.454630 0.634375 0.454630 0.632292 0.458333 0.630208 0.458333 0.628646 0.455556 0.628646 0.454630 0.628125 0.453704 0.628125 0.449074 0.627604 0.450000 0.627083 0.450000 0.626563 0.450926 0.626042 0.450926 0.625521 0.450000 0.625000 0.450000 0.617708 0.437037 0.618229 0.437963 0.618229 0.448148 0.616667 0.450926 0.616146 0.450926 0.615625 0.451852 0.615104 0.451852 0.614583 0.450926 0.614062 0.450926 0.613021 0.449074 0.612500 0.449074 0.603646 0.433333 0.603646 0.432407 0.592708 0.412963 0.592187 0.412963
0 0.723437 0.455093 0.092708 0.125000 0.734375 0.392593 0.732812 0.395370 0.732292 0.395370 0.728125 0.402778 0.727604 0.402778 0.722917 0.411111 0.722396 0.411111 0.718750 0.417593 0.718229 0.417593 0.715104 0.423148 0.714583 0.423148 0.712500 0.426852 0.711979 0.426852 0.709896 0.430556 0.709375 0.430556 0.708333 0.432407 0.707812 0.432407 0.706771 0.434259 0.706250 0.434259 0.705729 0.435185 0.704167 0.435185 0.703646 0.436111 0.702604 0.436111 0.702083 0.435185 0.702083 0.436111 0.703125 0.437963 0.703125 0.438889 0.704167 0.440741 0.704167 0.441667 0.705208 0.443519 0.705208 0.444444 0.706771 0.447222 0.706771 0.448148 0.707812 0.450000 0.707812 0.450926 0.708854 0.452778 0.708854 0.453704 0.709375 0.454630 0.709375 0.457407 0.708854 0.458333 0.708854 0.459259 0.708333 0.460185 0.707812 0.460185 0.707292 0.461111 0.705729 0.461111 0.705208 0.460185 0.704688 0.460185 0.678646 0.413889 0.678125 0.413889 0.677083 0.412037 0.677604 0.412963 0.677604 0.413889 0.678125 0.414815 0.678125 0.415741 0.678646 0.416667 0.678646 0.417593 0.679167 0.418519 0.679167 0.419444 0.679688 0.420370 0.679688 0.421296 0.680729 0.423148 0.680729 0.424074 0.681250 0.425000 0.681250 0.425926 0.681771 0.426852 0.681771 0.427778 0.682292 0.428704 0.682292 0.429630 0.682813 0.430556 0.682813 0.431481 0.683854 0.433333 0.683854 0.434259 0.684375 0.435185 0.684375 0.436111 0.684896 0.437037 0.684896 0.437963 0.685417 0.438889 0.685417 0.439815 0.685937 0.440741 0.685937 0.441667 0.686458 0.442593 0.686458 0.443519 0.687500 0.445370 0.687500 0.446296 0.688021 0.447222 0.688021 0.448148 0.688542 0.449074 0.688542 0.450000 0.694271 0.460185 0.694271 0.461111 0.707292 0.484259 0.707292 0.485185 0.720833 0.509259 0.720833 0.510185 0.722917 0.513889 0.723437 0.513889 0.725521 0.517593 0.727083 0.517593 0.727604 0.516667 0.728125 0.516667 0.729167 0.514815 0.729688 0.514815 0.732812 0.509259 0.733333 0.509259 0.737500 0.501852 0.738021 0.501852 0.742188 0.494444 0.742708 0.494444 0.746875 0.487037 0.747396 0.487037 0.751042 0.480556 0.751563 0.480556 0.755729 0.473148 0.756250 0.473148 0.760417 0.465741 0.760938 0.465741 0.765104 0.458333 0.765625 0.458333 0.769271 0.451852 0.769271 0.450926 0.769792 0.450000 0.769792 0.449074 0.769271 0.448148 0.769271 0.447222 0.765104 0.439815 0.764583 0.439815 0.759375 0.430556 0.758854 0.430556 0.753125 0.420370 0.752604 0.420370 0.747396 0.411111 0.746875 0.411111 0.741667 0.401852 0.741146 0.401852 0.736458 0.393519 0.735938 0.393519 0.735417 0.392593
0 0.329688 0.403704 0.082292 0.072222 0.323958 0.367593 0.323437 0.368519 0.322917 0.368519 0.321875 0.370370 0.321354 0.370370 0.315104 0.381481 0.315104 0.382407 0.301042 0.407407 0.301042 0.408333 0.290104 0.427778 0.290104 0.428704 0.288542 0.431481 0.288542 0.435185 0.290104 0.437963 0.291146 0.437963 0.291667 0.437037 0.292708 0.437037 0.302083 0.420370 0.302604 0.420370 0.303125 0.419444 0.304167 0.419444 0.304688 0.418519 0.305208 0.418519 0.305729 0.417593 0.306250 0.417593 0.306771 0.416667 0.307812 0.416667 0.308333 0.415741 0.308854 0.415741 0.309375 0.414815 0.309896 0.414815 0.310417 0.413889 0.311458 0.413889 0.311979 0.412963 0.312500 0.412963 0.313021 0.412037 0.313542 0.412037 0.314063 0.411111 0.315104 0.411111 0.315625 0.410185 0.316146 0.410185 0.316667 0.409259 0.317188 0.409259 0.317708 0.408333 0.318750 0.408333 0.319271 0.407407 0.319271 0.404630 0.320833 0.401852 0.321354 0.401852 0.321875 0.400926 0.322917 0.400926 0.323437 0.400000 0.323958 0.400000 0.324479 0.399074 0.325521 0.399074 0.326042 0.398148 0.326562 0.398148 0.327083 0.397222 0.327604 0.397222 0.328125 0.396296 0.329167 0.396296 0.329688 0.395370 0.330208 0.395370 0.330729 0.394444 0.331771 0.394444 0.335417 0.400926 0.335938 0.400926 0.357292 0.438889 0.357812 0.438889 0.358333 0.439815 0.360938 0.439815 0.361979 0.437963 0.362500 0.437963 0.363021 0.437037 0.363542 0.437037 0.364063 0.436111 0.364583 0.436111 0.365625 0.434259 0.366146 0.434259 0.366667 0.433333 0.367188 0.433333 0.367708 0.432407 0.368229 0.432407 0.370833 0.427778 0.370312 0.428704 0.369792 0.428704 0.368750 0.430556 0.368229 0.430556 0.367708 0.431481 0.367188 0.431481 0.366667 0.432407 0.366146 0.432407 0.365625 0.433333 0.365104 0.433333 0.364063 0.435185 0.361979 0.435185 0.331250 0.380556 0.331250 0.379630 0.325000 0.368519 0.325000 0.367593
0 0.412760 0.408333 0.092188 0.074074 0.404687 0.371296 0.404167 0.372222 0.403646 0.372222 0.403125 0.373148 0.402604 0.373148 0.402083 0.374074 0.401562 0.374074 0.368750 0.432407 0.368750 0.433333 0.367188 0.436111 0.367188 0.437037 0.366667 0.437963 0.366667 0.438889 0.367188 0.439815 0.367188 0.440741 0.368229 0.442593 0.368750 0.442593 0.369271 0.443519 0.369792 0.442593 0.370312 0.442593 0.375521 0.433333 0.376042 0.433333 0.392188 0.404630 0.392708 0.404630 0.393229 0.403704 0.393750 0.403704 0.394271 0.402778 0.394792 0.402778 0.395833 0.400926 0.396354 0.400926 0.396875 0.400000 0.397396 0.400000 0.397917 0.399074 0.398438 0.399074 0.398958 0.398148 0.399479 0.398148 0.400521 0.396296 0.401042 0.396296 0.401562 0.395370 0.402083 0.395370 0.402604 0.394444 0.403125 0.394444 0.403646 0.393519 0.404167 0.393519 0.404687 0.392593 0.406250 0.392593 0.406771 0.393519 0.407292 0.393519 0.408333 0.395370 0.408854 0.395370 0.410417 0.398148 0.410938 0.398148 0.414583 0.404630 0.415104 0.404630 0.437500 0.444444 0.438021 0.444444 0.438542 0.445370 0.440625 0.445370 0.442708 0.441667 0.443229 0.441667 0.444792 0.438889 0.444792 0.437963 0.445312 0.437037 0.445312 0.436111 0.458854 0.412037 0.456250 0.416667 0.455729 0.416667 0.453646 0.420370 0.453125 0.420370 0.450521 0.425000 0.450000 0.425000 0.447396 0.429630 0.446875 0.429630 0.444792 0.433333 0.444271 0.433333 0.442708 0.436111 0.441146 0.436111 0.440625 0.435185 0.440104 0.435185 0.419271 0.398148 0.419271 0.397222
0 0.484115 0.391204 0.077604 0.110185 0.507812 0.336111 0.506250 0.338889 0.505729 0.338889 0.503646 0.342593 0.503125 0.342593 0.501042 0.346296 0.500521 0.346296 0.498437 0.350000 0.497917 0.350000 0.495833 0.353704 0.495312 0.353704 0.493229 0.357407 0.492708 0.357407 0.490625 0.361111 0.490104 0.361111 0.488021 0.364815 0.487500 0.364815 0.485417 0.368519 0.484896 0.368519 0.482812 0.372222 0.482292 0.372222 0.476042 0.383333 0.475521 0.383333 0.445833 0.436111 0.445833 0.437037 0.445312 0.437963 0.445312 0.440741 0.446875 0.443519 0.448437 0.443519 0.449479 0.441667 0.450000 0.441667 0.454167 0.434259 0.454688 0.434259 0.458854 0.426852 0.459375 0.426852 0.463021 0.420370 0.463542 0.420370 0.467708 0.412963 0.468229 0.412963 0.471875 0.406481 0.472396 0.406481 0.476562 0.399074 0.477083 0.399074 0.480729 0.392593 0.481250 0.392593 0.481771 0.391667 0.482292 0.391667 0.482812 0.390741 0.484896 0.390741 0.485417 0.391667 0.486458 0.391667 0.486979 0.392593 0.487500 0.392593 0.488542 0.394444 0.489063 0.394444 0.490104 0.396296 0.490625 0.396296 0.493750 0.401852 0.494271 0.401852 0.518229 0.444444 0.518750 0.444444 0.519271 0.445370 0.519792 0.445370 0.520312 0.446296 0.520833 0.446296 0.521354 0.445370 0.521875 0.445370 0.522917 0.443519 0.522917 0.441667 0.513542 0.425000 0.513542 0.424074 0.493750 0.388889 0.493750 0.387963 0.489583 0.380556 0.489583 0.379630 0.489063 0.378704 0.489063 0.376852 0.489583 0.375926 0.489583 0.375000 0.491146 0.372222 0.491667 0.372222 0.496354 0.363889 0.496875 0.363889 0.501563 0.355556 0.502083 0.355556 0.506250 0.348148 0.506771 0.348148 0.511458 0.339815 0.511979 0.339815 0.509896 0.336111
0 0.577865 0.393981 0.079687 0.113889 0.583854 0.337037 0.582812 0.338889 0.582292 0.338889 0.576562 0.349074 0.576562 0.350000 0.576042 0.350926 0.576042 0.352778 0.575521 0.353704 0.575521 0.355556 0.575000 0.356481 0.575000 0.358333 0.574479 0.359259 0.574479 0.361111 0.573958 0.362037 0.573958 0.363889 0.573438 0.364815 0.573438 0.366667 0.572917 0.367593 0.572917 0.369444 0.572396 0.370370 0.572396 0.372222 0.571875 0.373148 0.571875 0.375000 0.571354 0.375926 0.571354 0.376852 0.570833 0.377778 0.570833 0.379630 0.570312 0.380556 0.570312 0.382407 0.557813 0.404630 0.557292 0.404630 0.545833 0.425000 0.545312 0.425000 0.540625 0.433333 0.540625 0.434259 0.540104 0.435185 0.540104 0.436111 0.539583 0.437037 0.539583 0.437963 0.539062 0.438889 0.539062 0.439815 0.538542 0.440741 0.538542 0.441667 0.538021 0.442593 0.538021 0.445370 0.539583 0.448148 0.541146 0.448148 0.541667 0.447222 0.542188 0.447222 0.548438 0.436111 0.548958 0.436111 0.557292 0.421296 0.557813 0.421296 0.562500 0.412963 0.563021 0.412963 0.566667 0.406481 0.567187 0.406481 0.569271 0.402778 0.569792 0.402778 0.571354 0.400000 0.571875 0.400000 0.572917 0.398148 0.573438 0.398148 0.574479 0.396296 0.575000 0.396296 0.575521 0.395370 0.576562 0.395370 0.577083 0.394444 0.579167 0.394444 0.579688 0.395370 0.580729 0.395370 0.581250 0.396296 0.581771 0.396296 0.582292 0.397222 0.582812 0.397222 0.583854 0.399074 0.584375 0.399074 0.586458 0.402778 0.586979 0.402778 0.592187 0.412037 0.592708 0.412037 0.604167 0.432407 0.604167 0.433333 0.612500 0.448148 0.613021 0.448148 0.614062 0.450000 0.614583 0.450000 0.615104 0.450926 0.615625 0.450926 0.616146 0.450000 0.616667 0.450000 0.617708 0.448148 0.617708 0.437963 0.617188 0.437037 0.617188 0.436111 0.605729 0.415741 0.605729 0.414815 0.590625 0.387963 0.590625 0.387037 0.587500 0.381481 0.587500 0.380556 0.586979 0.379630 0.586979 0.374074 0.587500 0.373148 0.587500 0.369444 0.588021 0.368519 0.588021 0.364815 0.588542 0.363889 0.588542 0.360185 0.589063 0.359259 0.589063 0.355556 0.589583 0.354630 0.589583 0.350000 0.590104 0.349074 0.590104 0.345370 0.585417 0.337037
0 0.668750 0.402778 0.080208 0.114815 0.657813 0.345370 0.658333 0.346296 0.658333 0.347222 0.659375 0.349074 0.659375 0.350000 0.659896 0.350926 0.659896 0.351852 0.660417 0.352778 0.660417 0.353704 0.660937 0.354630 0.660937 0.355556 0.661979 0.357407 0.661979 0.358333 0.662500 0.359259 0.662500 0.360185 0.663021 0.361111 0.663021 0.362037 0.663542 0.362963 0.663542 0.363889 0.664583 0.365741 0.664583 0.366667 0.665104 0.367593 0.665104 0.368519 0.665625 0.369444 0.665625 0.370370 0.666146 0.371296 0.666146 0.372222 0.667188 0.374074 0.667188 0.375000 0.667708 0.375926 0.667708 0.376852 0.668229 0.377778 0.668229 0.378704 0.668750 0.379630 0.668750 0.381481 0.668229 0.382407 0.668229 0.383333 0.661979 0.394444 0.661458 0.394444 0.654687 0.406481 0.654167 0.406481 0.647917 0.417593 0.647396 0.417593 0.640625 0.429630 0.640104 0.429630 0.633333 0.441667 0.632812 0.441667 0.629167 0.448148 0.628646 0.448148 0.628646 0.453704 0.629167 0.454630 0.629167 0.455556 0.630208 0.457407 0.632292 0.457407 0.634375 0.453704 0.634896 0.453704 0.641146 0.442593 0.641667 0.442593 0.646875 0.433333 0.647396 0.433333 0.651563 0.425926 0.652083 0.425926 0.655208 0.420370 0.655729 0.420370 0.658333 0.415741 0.658854 0.415741 0.660937 0.412037 0.661458 0.412037 0.663021 0.409259 0.663542 0.409259 0.664583 0.407407 0.665104 0.407407 0.665625 0.406481 0.666146 0.406481 0.666667 0.405556 0.667708 0.405556 0.668229 0.404630 0.671354 0.404630 0.671875 0.405556 0.672917 0.405556 0.673958 0.407407 0.674479 0.407407 0.675521 0.409259 0.676042 0.409259 0.678125 0.412963 0.678646 0.412963 0.704688 0.459259 0.705208 0.459259 0.705729 0.460185 0.707292 0.460185 0.707812 0.459259 0.708333 0.459259 0.708333 0.458333 0.708854 0.457407 0.708854 0.454630 0.708333 0.453704 0.708333 0.452778 0.707292 0.450926 0.707292 0.450000 0.706250 0.448148 0.706250 0.447222 0.704688 0.444444 0.704688 0.443519 0.703646 0.441667 0.703646 0.440741 0.702604 0.438889 0.702604 0.437963 0.701562 0.436111 0.701562 0.435185 0.700521 0.433333 0.700521 0.432407 0.699479 0.430556 0.699479 0.429630 0.698438 0.427778 0.698438 0.426852 0.697396 0.425000 0.697396 0.424074 0.696354 0.422222 0.696354 0.421296 0.695312 0.419444 0.695312 0.418519 0.694271 0.416667 0.694271 0.415741 0.693229 0.413889 0.693229 0.412963 0.692187 0.411111 0.692187 0.410185 0.691146 0.408333 0.691146 0.407407 0.690104 0.405556 0.690104 0.404630 0.689063 0.402778 0.689063 0.401852 0.688021 0.400000 0.688021 0.399074 0.682292 0.388889 0.682292 0.387963 0.670312 0.366667 0.670312 0.365741 0.658854 0.345370