0 0.283854 0.546296 0.079167 0.075926 0.318229 0.508333 0.316667 0.511111 0.316146 0.511111 0.314583 0.513889 0.314063 0.513889 0.312500 0.516667 0.311979 0.516667 0.310417 0.519444 0.309896 0.519444 0.308854 0.521296 0.308333 0.521296 0.306771 0.524074 0.306250 0.524074 0.304688 0.526852 0.304167 0.526852 0.302604 0.529630 0.302083 0.529630 0.300521 0.532407 0.300000 0.532407 0.298438 0.535185 0.297917 0.535185 0.296875 0.537037 0.296354 0.537037 0.294792 0.539815 0.294271 0.539815 0.292708 0.542593 0.292187 0.542593 0.290625 0.545370 0.290104 0.545370 0.288542 0.548148 0.288021 0.548148 0.286979 0.550000 0.286458 0.550000 0.284896 0.552778 0.284375 0.552778 0.282813 0.555556 0.282292 0.555556 0.281771 0.556481 0.280729 0.556481 0.279167 0.553704 0.279167 0.549074 0.282292 0.543519 0.282292 0.542593 0.281771 0.542593 0.280729 0.544444 0.280208 0.544444 0.279167 0.546296 0.278646 0.546296 0.277083 0.549074 0.276562 0.549074 0.276042 0.550000 0.273958 0.550000 0.272917 0.548148 0.272396 0.548148 0.251563 0.511111 0.250000 0.511111 0.249479 0.512037 0.248958 0.512037 0.247917 0.513889 0.247396 0.513889 0.246354 0.515741 0.245833 0.515741 0.245312 0.516667 0.244792 0.516667 0.244271 0.517593 0.244271 0.522222 0.244792 0.523148 0.244792 0.524074 0.255208 0.542593 0.255729 0.542593 0.266667 0.562037 0.267188 0.562037 0.277604 0.580556 0.278125 0.580556 0.280208 0.584259 0.286458 0.584259 0.290625 0.576852 0.291146 0.576852 0.296875 0.566667 0.297396 0.566667 0.302604 0.557407 0.303125 0.557407 0.308854 0.547222 0.309375 0.547222 0.314583 0.537963 0.315104 0.537963 0.320312 0.528704 0.320833 0.528704 0.323437 0.524074 0.323437 0.521296 0.322396 0.519444 0.322396 0.518519 0.321354 0.516667 0.321354 0.515741 0.320833 0.514815 0.320833 0.513889 0.320312 0.512963 0.320312 0.512037 0.319792 0.511111 0.319792 0.509259 0.319271 0.508333
0 0.281771 0.506944 0.090625 0.086111 0.323437 0.463889 0.322917 0.464815 0.322396 0.464815 0.321354 0.466667 0.320833 0.466667 0.319792 0.468519 0.319271 0.468519 0.318750 0.469444 0.318229 0.469444 0.317188 0.471296 0.316667 0.471296 0.315625 0.473148 0.315104 0.473148 0.314063 0.475000 0.313542 0.475000 0.312500 0.476852 0.311979 0.476852 0.311458 0.477778 0.310937 0.477778 0.309896 0.479630 0.309375 0.479630 0.308333 0.481481 0.307812 0.481481 0.294271 0.505556 0.293750 0.505556 0.292708 0.507407 0.292187 0.507407 0.291146 0.509259 0.290625 0.509259 0.289583 0.511111 0.289062 0.511111 0.288021 0.512963 0.287500 0.512963 0.286979 0.513889 0.286458 0.513889 0.283854 0.509259 0.283854 0.507407 0.284375 0.506481 0.283333 0.508333 0.282813 0.508333 0.281771 0.510185 0.281250 0.510185 0.280208 0.512037 0.279687 0.512037 0.279167 0.512963 0.278646 0.512963 0.277604 0.514815 0.277083 0.514815 0.276042 0.516667 0.275521 0.516667 0.274479 0.518519 0.273958 0.518519 0.273438 0.519444 0.272917 0.519444 0.271875 0.521296 0.271354 0.521296 0.270313 0.523148 0.269792 0.523148 0.268750 0.525000 0.268229 0.525000 0.267708 0.525926 0.266146 0.525926 0.265625 0.525000 0.265104 0.525000 0.255208 0.507407 0.254688 0.507407 0.238542 0.478704 0.237500 0.478704 0.236458 0.480556 0.236458 0.484259 0.271875 0.547222 0.272396 0.547222 0.273958 0.550000 0.276042 0.550000 0.277083 0.548148 0.277604 0.548148 0.279167 0.545370 0.279687 0.545370 0.280729 0.543519 0.281250 0.543519 0.282292 0.541667 0.282813 0.541667 0.313542 0.487037 0.314063 0.487037 0.315104 0.485185 0.315625 0.485185 0.317188 0.482407 0.317708 0.482407 0.318229 0.481481 0.318229 0.479630 0.319792 0.476852 0.320312 0.476852 0.321354 0.475000 0.321875 0.475000 0.322917 0.473148 0.323437 0.473148 0.324479 0.471296 0.325000 0.471296 0.326042 0.469444 0.326562 0.469444 0.327083 0.468519 0.325521 0.465741 0.325000 0.465741 0.324479 0.464815 0.323958 0.464815
0 0.277083 0.477778 0.098958 0.094444 0.324479 0.430556 0.323958 0.431481 0.323437 0.431481 0.322917 0.432407 0.322396 0.432407 0.321875 0.433333 0.321354 0.433333 0.320312 0.435185 0.319792 0.435185 0.319271 0.436111 0.318750 0.436111 0.318229 0.437037 0.317708 0.437037 0.316667 0.438889 0.316146 0.438889 0.315625 0.439815 0.315104 0.439815 0.314583 0.440741 0.314063 0.440741 0.313021 0.442593 0.312500 0.442593 0.311979 0.443519 0.311458 0.443519 0.310937 0.444444 0.310417 0.444444 0.309896 0.445370 0.309375 0.445370 0.308333 0.447222 0.307812 0.447222 0.307292 0.448148 0.306771 0.448148 0.306250 0.449074 0.305729 0.449074 0.304688 0.450926 0.304167 0.450926 0.303646 0.451852 0.303125 0.451852 0.302604 0.452778 0.302083 0.452778 0.301042 0.454630 0.300521 0.454630 0.299479 0.456481 0.298958 0.456481 0.286979 0.477778 0.286458 0.477778 0.285938 0.478704 0.284375 0.478704 0.283333 0.476852 0.282813 0.476852 0.282292 0.477778 0.281771 0.477778 0.281250 0.478704 0.280729 0.478704 0.279687 0.480556 0.279167 0.480556 0.278646 0.481481 0.278125 0.481481 0.277604 0.482407 0.277083 0.482407 0.276042 0.484259 0.275521 0.484259 0.275000 0.485185 0.274479 0.485185 0.273438 0.487037 0.272917 0.487037 0.272396 0.487963 0.271875 0.487963 0.271354 0.488889 0.270833 0.488889 0.269792 0.490741 0.269271 0.490741 0.268750 0.491667 0.268229 0.491667 0.267708 0.492593 0.267188 0.492593 0.266667 0.493519 0.266146 0.493519 0.265625 0.494444 0.265104 0.494444 0.264583 0.493519 0.264062 0.493519 0.262500 0.490741 0.261979 0.490741 0.238542 0.449074 0.238021 0.449074 0.236458 0.446296 0.235937 0.447222 0.235417 0.447222 0.234896 0.448148 0.234375 0.448148 0.233854 0.449074 0.232813 0.449074 0.232292 0.450000 0.231771 0.450000 0.231250 0.450926 0.230729 0.450926 0.230208 0.451852 0.229167 0.451852 0.228646 0.452778 0.228125 0.452778 0.228125 0.453704 0.227604 0.454630 0.227604 0.457407 0.228125 0.458333 0.228125 0.459259 0.254688 0.506481 0.255208 0.506481 0.265104 0.524074 0.265625 0.524074 0.266146 0.525000 0.267708 0.525000 0.268229 0.524074 0.268750 0.524074 0.269792 0.522222 0.270313 0.522222 0.271354 0.520370 0.271875 0.520370 0.272917 0.518519 0.273438 0.518519 0.273958 0.517593 0.274479 0.517593 0.275521 0.515741 0.276042 0.515741 0.277083 0.513889 0.277604 0.513889 0.278646 0.512037 0.279167 0.512037 0.279687 0.511111 0.280208 0.511111 0.281250 0.509259 0.281771 0.509259 0.282813 0.507407 0.283333 0.507407 0.286979 0.500926 0.286979 0.500000 0.318229 0.444444 0.318750 0.444444 0.319792 0.442593 0.320312 0.442593 0.321354 0.440741 0.321354 0.439815 0.321875 0.438889 0.321875 0.437963 0.322396 0.437037 0.322917 0.437037 0.323958 0.435185 0.324479 0.435185 0.325000 0.434259 0.325521 0.434259 0.326042 0.433333 0.326562 0.433333 0.326042 0.433333
0 0.271615 0.450463 0.090104 0.086111 0.316146 0.407407 0.315625 0.408333 0.315104 0.408333 0.314583 0.409259 0.314063 0.409259 0.313542 0.410185 0.313021 0.410185 0.312500 0.411111 0.311979 0.411111 0.311458 0.412037 0.310937 0.412037 0.310417 0.412963 0.309896 0.412963 0.309375 0.413889 0.308854 0.413889 0.308333 0.414815 0.307812 0.414815 0.307292 0.415741 0.306771 0.415741 0.306250 0.416667 0.305729 0.416667 0.305208 0.417593 0.304688 0.417593 0.304167 0.418519 0.303646 0.418519 0.303125 0.419444 0.302604 0.419444 0.302083 0.420370 0.301563 0.420370 0.301042 0.421296 0.300521 0.421296 0.300000 0.422222 0.299479 0.422222 0.298958 0.423148 0.298438 0.423148 0.297917 0.424074 0.297396 0.424074 0.291146 0.435185 0.291146 0.436111 0.288021 0.441667 0.287500 0.441667 0.286458 0.443519 0.285938 0.443519 0.285417 0.444444 0.284896 0.444444 0.284375 0.445370 0.283854 0.445370 0.283333 0.446296 0.282813 0.446296 0.282292 0.447222 0.281771 0.447222 0.281250 0.448148 0.280729 0.448148 0.280208 0.449074 0.279687 0.449074 0.279167 0.450000 0.278646 0.450000 0.278125 0.450926 0.277604 0.450926 0.277083 0.451852 0.276562 0.451852 0.276042 0.452778 0.275521 0.452778 0.275000 0.453704 0.274479 0.453704 0.273958 0.454630 0.273438 0.454630 0.272917 0.455556 0.272396 0.455556 0.271875 0.456481 0.271354 0.456481 0.270833 0.457407 0.270313 0.457407 0.269792 0.458333 0.269271 0.458333 0.268750 0.459259 0.268229 0.459259 0.267188 0.461111 0.266667 0.461111 0.266146 0.462037 0.265625 0.462037 0.265104 0.462963 0.264583 0.462963 0.264062 0.463889 0.263542 0.463889 0.263021 0.464815 0.262500 0.464815 0.261979 0.465741 0.261458 0.465741 0.260937 0.466667 0.260417 0.466667 0.259896 0.467593 0.259375 0.467593 0.258854 0.468519 0.256771 0.468519 0.255729 0.466667 0.255208 0.466667 0.243229 0.445370 0.242708 0.445370 0.229167 0.421296 0.227604 0.421296 0.226562 0.423148 0.226562 0.426852 0.227604 0.428704 0.227604 0.429630 0.238021 0.448148 0.238542 0.448148 0.261979 0.489815 0.262500 0.489815 0.264062 0.492593 0.264583 0.492593 0.265104 0.493519 0.265625 0.493519 0.266146 0.492593 0.266667 0.492593 0.267188 0.491667 0.267708 0.491667 0.268229 0.490741 0.268750 0.490741 0.269271 0.489815 0.269792 0.489815 0.270833 0.487963 0.271354 0.487963 0.271875 0.487037 0.272396 0.487037 0.272917 0.486111 0.273438 0.486111 0.274479 0.484259 0.275000 0.484259 0.275521 0.483333 0.276042 0.483333 0.277083 0.481481 0.277604 0.481481 0.278125 0.480556 0.278646 0.480556 0.279167 0.479630 0.279687 0.479630 0.280729 0.477778 0.281250 0.477778 0.281771 0.476852 0.282292 0.476852 0.282813 0.475926 0.282292 0.475000 0.282292 0.472222 0.282813 0.471296 0.282813 0.470370 0.286458 0.463889 0.286458 0.462963 0.316667 0.409259 0.316667 0.407407
0 0.265365 0.411574 0.094271 0.112037 0.285938 0.355556 0.285417 0.356481 0.284375 0.356481 0.283854 0.357407 0.282813 0.357407 0.282292 0.358333 0.281250 0.358333 0.280729 0.359259 0.279687 0.359259 0.279167 0.360185 0.278125 0.360185 0.277604 0.361111 0.276562 0.361111 0.276042 0.362037 0.275000 0.362037 0.274479 0.362963 0.273438 0.362963 0.272917 0.363889 0.271875 0.363889 0.271354 0.364815 0.270313 0.364815 0.269792 0.365741 0.268750 0.365741 0.268229 0.366667 0.267188 0.366667 0.266667 0.367593 0.265625 0.367593 0.265104 0.368519 0.264583 0.368519 0.264062 0.369444 0.263021 0.369444 0.262500 0.370370 0.261458 0.370370 0.260937 0.371296 0.259896 0.371296 0.259375 0.372222 0.258333 0.372222 0.257812 0.373148 0.256771 0.373148 0.256250 0.374074 0.255208 0.374074 0.254688 0.375000 0.253646 0.375000 0.253125 0.375926 0.252083 0.375926 0.251563 0.376852 0.250521 0.376852 0.250000 0.377778 0.248958 0.377778 0.248438 0.378704 0.247396 0.378704 0.246875 0.379630 0.245833 0.379630 0.245312 0.380556 0.244271 0.380556 0.243750 0.381481 0.242708 0.381481 0.242188 0.382407 0.241146 0.382407 0.240625 0.383333 0.239583 0.383333 0.239063 0.384259 0.238021 0.384259 0.237500 0.385185 0.236458 0.385185 0.235937 0.386111 0.234896 0.386111 0.234375 0.387037 0.233333 0.387037 0.232813 0.387963 0.231771 0.387963 0.231250 0.388889 0.230208 0.388889 0.229687 0.389815 0.228646 0.389815 0.228125 0.390741 0.227083 0.390741 0.226562 0.391667 0.225521 0.391667 0.225000 0.392593 0.223958 0.392593 0.223438 0.393519 0.222396 0.393519 0.221875 0.394444 0.220833 0.394444 0.220312 0.395370 0.219271 0.395370 0.218229 0.397222 0.218229 0.400926 0.219271 0.402778 0.219271 0.403704 0.225000 0.413889 0.225521 0.413889 0.242708 0.444444 0.243229 0.444444 0.255208 0.465741 0.255729 0.465741 0.256771 0.467593 0.258854 0.467593 0.259375 0.466667 0.259896 0.466667 0.260417 0.465741 0.260937 0.465741 0.261458 0.464815 0.261979 0.464815 0.262500 0.463889 0.263021 0.463889 0.263542 0.462963 0.264062 0.462963 0.264583 0.462037 0.265104 0.462037 0.265625 0.461111 0.266146 0.461111 0.266667 0.460185 0.267188 0.460185 0.268229 0.458333 0.268750 0.458333 0.269271 0.457407 0.269792 0.457407 0.270313 0.456481 0.270833 0.456481 0.271354 0.455556 0.271875 0.455556 0.272396 0.454630 0.272917 0.454630 0.273438 0.453704 0.273958 0.453704 0.274479 0.452778 0.275000 0.452778 0.275521 0.451852 0.276042 0.451852 0.276562 0.450926 0.277083 0.450926 0.277604 0.450000 0.278125 0.450000 0.278646 0.449074 0.279167 0.449074 0.279687 0.448148 0.280208 0.448148 0.280729 0.447222 0.281250 0.447222 0.281771 0.446296 0.282292 0.446296 0.282813 0.445370 0.283333 0.445370 0.283854 0.444444 0.284375 0.444444 0.284896 0.443519 0.285417 0.443519 0.285938 0.442593 0.286458 0.442593 0.287500 0.440741 0.288021 0.440741 0.289583 0.437963 0.289062 0.438889 0.288542 0.438889 0.288021 0.439815 0.287500 0.439815 0.286979 0.440741 0.284896 0.440741 0.283333 0.437963 0.283333 0.437037 0.282813 0.436111 0.282813 0.435185 0.283333 0.434259 0.283333 0.433333 0.284896 0.430556 0.284896 0.429630 0.300000 0.402778 0.300000 0.401852 0.312500 0.379630 0.311979 0.380556 0.311458 0.380556 0.310937 0.381481 0.309896 0.381481 0.309375 0.382407 0.308854 0.382407 0.308333 0.383333 0.307812 0.383333 0.307292 0.384259 0.306250 0.384259 0.305729 0.385185 0.297917 0.371296 0.297396 0.371296 0.289062 0.356481 0.288542 0.356481 0.288021 0.355556
0 0.376042 0.382407 0.109375 0.107407 0.370833 0.328704 0.370312 0.329630 0.369271 0.329630 0.368750 0.330556 0.368229 0.330556 0.367708 0.331481 0.366667 0.331481 0.366146 0.332407 0.365625 0.332407 0.365104 0.333333 0.364063 0.333333 0.363542 0.334259 0.363021 0.334259 0.362500 0.335185 0.361458 0.335185 0.360938 0.336111 0.360417 0.336111 0.359896 0.337037 0.358854 0.337037 0.358333 0.337963 0.357812 0.337963 0.357292 0.338889 0.356250 0.338889 0.355729 0.339815 0.355208 0.339815 0.354687 0.340741 0.353646 0.340741 0.353125 0.341667 0.352604 0.341667 0.352083 0.342593 0.351042 0.342593 0.350521 0.343519 0.350000 0.343519 0.349479 0.344444 0.348438 0.344444 0.347917 0.345370 0.346875 0.345370 0.346354 0.346296 0.345833 0.346296 0.345313 0.347222 0.344271 0.347222 0.343750 0.348148 0.343229 0.348148 0.342708 0.349074 0.341667 0.349074 0.341146 0.350000 0.340625 0.350000 0.340104 0.350926 0.339062 0.350926 0.338542 0.351852 0.338021 0.351852 0.337500 0.352778 0.336458 0.352778 0.335938 0.353704 0.335417 0.353704 0.334896 0.354630 0.333854 0.354630 0.333333 0.355556 0.332813 0.355556 0.332292 0.356481 0.331250 0.356481 0.330729 0.357407 0.330208 0.357407 0.329688 0.358333 0.328646 0.358333 0.328125 0.359259 0.327604 0.359259 0.327083 0.360185 0.326042 0.360185 0.325521 0.361111 0.325000 0.361111 0.324479 0.362037 0.323437 0.362037 0.322917 0.362963 0.322396 0.362963 0.321354 0.364815 0.321354 0.367593 0.322396 0.369444 0.322396 0.370370 0.358333 0.434259 0.358854 0.434259 0.359375 0.435185 0.359896 0.435185 0.360417 0.436111 0.360938 0.435185 0.361458 0.435185 0.361979 0.434259 0.362500 0.434259 0.363542 0.432407 0.364063 0.432407 0.365104 0.430556 0.365625 0.430556 0.366667 0.428704 0.367188 0.428704 0.368229 0.426852 0.368750 0.426852 0.369792 0.425000 0.370312 0.425000 0.371354 0.423148 0.371875 0.423148 0.400000 0.373148 0.400521 0.373148 0.401562 0.371296 0.402083 0.371296 0.402604 0.370370 0.401562 0.368519 0.401562 0.367593 0.401042 0.366667 0.401042 0.364815 0.403646 0.360185 0.404167 0.360185 0.404687 0.359259 0.405208 0.359259 0.405729 0.358333 0.406250 0.358333 0.407292 0.356481 0.407813 0.356481 0.408333 0.355556 0.408854 0.355556 0.409896 0.353704 0.410417 0.353704 0.410938 0.352778 0.411458 0.352778 0.412500 0.350926 0.413021 0.350926 0.413542 0.350000 0.414062 0.350000 0.415104 0.348148 0.415625 0.348148 0.416146 0.347222 0.416667 0.347222 0.417187 0.346296 0.417708 0.346296 0.418750 0.344444 0.419271 0.344444 0.419792 0.343519 0.420312 0.343519 0.421354 0.341667 0.421875 0.341667 0.422396 0.340741 0.422917 0.340741 0.423958 0.338889 0.424479 0.338889 0.425000 0.337963 0.425521 0.337963 0.426563 0.336111 0.427083 0.336111 0.427604 0.335185 0.428125 0.335185 0.429167 0.333333 0.429688 0.333333 0.430208 0.332407 0.430729 0.332407 0.430729 0.331481 0.429688 0.329630 0.428646 0.329630 0.427604 0.331481 0.427083 0.331481 0.426563 0.332407 0.426042 0.332407 0.425521 0.333333 0.425000 0.333333 0.423958 0.335185 0.423438 0.335185 0.422917 0.336111 0.422396 0.336111 0.421875 0.337037 0.421354 0.337037 0.420833 0.337963 0.420312 0.337963 0.419271 0.339815 0.418750 0.339815 0.418229 0.340741 0.417708 0.340741 0.417187 0.341667 0.416667 0.341667 0.415625 0.343519 0.415104 0.343519 0.414583 0.344444 0.414062 0.344444 0.413542 0.345370 0.413021 0.345370 0.411979 0.347222 0.411458 0.347222 0.410938 0.348148 0.410417 0.348148 0.409896 0.349074 0.409375 0.349074 0.408333 0.350926 0.407813 0.350926 0.407292 0.351852 0.406771 0.351852 0.406250 0.352778 0.405729 0.352778 0.404687 0.354630 0.404167 0.354630 0.403646 0.355556 0.403125 0.355556 0.402604 0.356481 0.402083 0.356481 0.401042 0.358333 0.400521 0.358333 0.400000 0.359259 0.399479 0.359259 0.398958 0.360185 0.398438 0.360185 0.397917 0.361111 0.397396 0.361111 0.396354 0.362963 0.395833 0.362963 0.395313 0.363889 0.394792 0.363889 0.393750 0.365741 0.393229 0.364815 0.392708 0.364815 0.375000 0.333333 0.374479 0.333333 0.372396 0.329630 0.371875 0.329630 0.371354 0.328704
0 0.448958 0.382407 0.094792 0.107407 0.434896 0.328704 0.434375 0.329630 0.433854 0.329630 0.433333 0.330556 0.432812 0.330556 0.431771 0.332407 0.431250 0.332407 0.430729 0.333333 0.430208 0.333333 0.429688 0.334259 0.429167 0.334259 0.428125 0.336111 0.427604 0.336111 0.427083 0.337037 0.426563 0.337037 0.425521 0.338889 0.425000 0.338889 0.424479 0.339815 0.423958 0.339815 0.422917 0.341667 0.422396 0.341667 0.421875 0.342593 0.421354 0.342593 0.420312 0.344444 0.419792 0.344444 0.419271 0.345370 0.418750 0.345370 0.417708 0.347222 0.417187 0.347222 0.416667 0.348148 0.416146 0.348148 0.415625 0.349074 0.415104 0.349074 0.414062 0.350926 0.413542 0.350926 0.413021 0.351852 0.412500 0.351852 0.411458 0.353704 0.410938 0.353704 0.410417 0.354630 0.409896 0.354630 0.408854 0.356481 0.408333 0.356481 0.407813 0.357407 0.407292 0.357407 0.406250 0.359259 0.405729 0.359259 0.405208 0.360185 0.404687 0.360185 0.404167 0.361111 0.403646 0.361111 0.401562 0.364815 0.401562 0.366667 0.402083 0.367593 0.402083 0.368519 0.413542 0.388889 0.413542 0.389815 0.438021 0.433333 0.438542 0.433333 0.439583 0.435185 0.440104 0.435185 0.440625 0.436111 0.441146 0.435185 0.441667 0.435185 0.442188 0.434259 0.442708 0.434259 0.450521 0.420370 0.451042 0.420370 0.479687 0.369444 0.479687 0.368519 0.482812 0.362963 0.482812 0.362037 0.485938 0.356481 0.485938 0.355556 0.488542 0.350926 0.488542 0.350000 0.491667 0.344444 0.491667 0.343519 0.494792 0.337963 0.494792 0.337037 0.496354 0.334259 0.496354 0.330556 0.495833 0.329630 0.495312 0.329630 0.494792 0.328704 0.494271 0.328704 0.493229 0.330556 0.492708 0.330556 0.478125 0.356481 0.477604 0.356481 0.473438 0.363889 0.472917 0.363889 0.470833 0.367593 0.470313 0.367593 0.469271 0.369444 0.468750 0.369444 0.467708 0.371296 0.466667 0.371296 0.466146 0.372222 0.464062 0.372222 0.463542 0.371296 0.463021 0.371296 0.462500 0.370370 0.461979 0.370370 0.460938 0.368519 0.460417 0.368519 0.458333 0.364815 0.457813 0.364815 0.439063 0.331481 0.438542 0.331481 0.436979 0.328704
0 0.530469 0.392593 0.080729 0.112963 0.505729 0.336111 0.505208 0.337037 0.505208 0.337963 0.504167 0.339815 0.504167 0.340741 0.503125 0.342593 0.503125 0.343519 0.502083 0.345370 0.502083 0.346296 0.500521 0.349074 0.500521 0.350000 0.499479 0.351852 0.499479 0.352778 0.498437 0.354630 0.498437 0.355556 0.497396 0.357407 0.497396 0.358333 0.495833 0.361111 0.495833 0.362037 0.494792 0.363889 0.494792 0.364815 0.493750 0.366667 0.493750 0.367593 0.492708 0.369444 0.492708 0.370370 0.491146 0.373148 0.491146 0.374074 0.490625 0.375000 0.490625 0.375926 0.490104 0.376852 0.490104 0.377778 0.490625 0.378704 0.490625 0.379630 0.492188 0.382407 0.492188 0.383333 0.515625 0.425000 0.515625 0.425926 0.527083 0.446296 0.527604 0.446296 0.529167 0.449074 0.530729 0.449074 0.531250 0.448148 0.531771 0.448148 0.534896 0.442593 0.535417 0.442593 0.546875 0.422222 0.547396 0.422222 0.560417 0.399074 0.560937 0.399074 0.570312 0.382407 0.570312 0.381481 0.570833 0.380556 0.570833 0.367593 0.570312 0.366667 0.570312 0.354630 0.569792 0.353704 0.569792 0.341667 0.569271 0.340741 0.569271 0.337963 0.568750 0.337037 0.568229 0.337037 0.567708 0.336111 0.567187 0.336111 0.566146 0.337963 0.565625 0.337963 0.555729 0.355556 0.555208 0.355556 0.548958 0.366667 0.548438 0.366667 0.544792 0.373148 0.544271 0.373148 0.542708 0.375926 0.542188 0.375926 0.541146 0.377778 0.540625 0.377778 0.539583 0.379630 0.538542 0.379630 0.538021 0.380556 0.535937 0.380556 0.535417 0.379630 0.534375 0.379630 0.533854 0.378704 0.533333 0.378704 0.531771 0.375926 0.531250 0.375926 0.528125 0.370370 0.527604 0.370370 0.508854 0.337037 0.508333 0.337037 0.507812 0.336111
0 0.625521 0.391667 0.085417 0.112963 0.584375 0.335185 0.583854 0.336111 0.583333 0.336111 0.583333 0.337037 0.582812 0.337963 0.582812 0.338889 0.583333 0.339815 0.583333 0.343519 0.583854 0.344444 0.583854 0.347222 0.584375 0.348148 0.584375 0.351852 0.584896 0.352778 0.584896 0.356481 0.585417 0.357407 0.585417 0.360185 0.585938 0.361111 0.585938 0.364815 0.586458 0.365741 0.586458 0.368519 0.586979 0.369444 0.586979 0.373148 0.587500 0.374074 0.587500 0.377778 0.588021 0.378704 0.588021 0.379630 0.591667 0.386111 0.591667 0.387037 0.608854 0.417593 0.608854 0.418519 0.625000 0.447222 0.625521 0.447222 0.626042 0.448148 0.627083 0.448148 0.628125 0.446296 0.628646 0.446296 0.631250 0.441667 0.631771 0.441667 0.638542 0.429630 0.639062 0.429630 0.646875 0.415741 0.647396 0.415741 0.654687 0.402778 0.655208 0.402778 0.663021 0.388889 0.663542 0.388889 0.667188 0.382407 0.667188 0.381481 0.668229 0.379630 0.668229 0.377778 0.667708 0.376852 0.667708 0.375926 0.659896 0.362037 0.659896 0.361111 0.645833 0.336111 0.644271 0.336111 0.640625 0.342593 0.640104 0.342593 0.631771 0.357407 0.631250 0.357407 0.626563 0.365741 0.626042 0.365741 0.622917 0.371296 0.622396 0.371296 0.620313 0.375000 0.619792 0.375000 0.618750 0.376852 0.618229 0.376852 0.617188 0.378704 0.616146 0.378704 0.615625 0.379630 0.613021 0.379630 0.612500 0.378704 0.611458 0.378704 0.610417 0.376852 0.609896 0.376852 0.607812 0.373148 0.607292 0.373148 0.586458 0.336111 0.585938 0.336111 0.585417 0.335185
0 0.361458 0.540278 0.083333 0.089815 0.391667 0.495370 0.389062 0.500000 0.388542 0.500000 0.369271 0.534259 0.368750 0.534259 0.359896 0.550000 0.359375 0.550000 0.354167 0.559259 0.353646 0.559259 0.353125 0.560185 0.352083 0.560185 0.351562 0.559259 0.351042 0.559259 0.350000 0.557407 0.349479 0.557407 0.330208 0.523148 0.329688 0.523148 0.325000 0.514815 0.324479 0.514815 0.322396 0.511111 0.321875 0.511111 0.320833 0.509259 0.320312 0.509259 0.319792 0.508333 0.319792 0.510185 0.320312 0.511111 0.320312 0.512963 0.321354 0.514815 0.321354 0.515741 0.321875 0.516667 0.321875 0.517593 0.322917 0.519444 0.322917 0.520370 0.323958 0.522222 0.323958 0.523148 0.325000 0.525000 0.325000 0.525926 0.326042 0.527778 0.326042 0.528704 0.327083 0.530556 0.327083 0.531481 0.328125 0.533333 0.328125 0.534259 0.329167 0.536111 0.329167 0.537037 0.330208 0.538889 0.330208 0.539815 0.331250 0.541667 0.331250 0.542593 0.332292 0.544444 0.332292 0.545370 0.333333 0.547222 0.333333 0.548148 0.334375 0.550000 0.334375 0.550926 0.335417 0.552778 0.335417 0.553704 0.336458 0.555556 0.336458 0.556481 0.337500 0.558333 0.337500 0.559259 0.338542 0.561111 0.338542 0.562037 0.339583 0.563889 0.339583 0.564815 0.340625 0.566667 0.340625 0.567593 0.341667 0.569444 0.341667 0.570370 0.342708 0.572222 0.342708 0.573148 0.343750 0.575000 0.343750 0.575926 0.344792 0.577778 0.344792 0.578704 0.346354 0.581481 0.346354 0.582407 0.347396 0.584259 0.347396 0.585185 0.354167 0.585185 0.354687 0.584259 0.355208 0.584259 0.356250 0.582407 0.356771 0.582407 0.357292 0.581481 0.357812 0.581481 0.358854 0.579630 0.359375 0.579630 0.360417 0.577778 0.360938 0.577778 0.361458 0.576852 0.361979 0.576852 0.363021 0.575000 0.363542 0.575000 0.364583 0.573148 0.365104 0.573148 0.365625 0.572222 0.366146 0.572222 0.367188 0.570370 0.367708 0.570370 0.368750 0.568519 0.369271 0.568519 0.369792 0.567593 0.370312 0.567593 0.371354 0.565741 0.371875 0.565741 0.372917 0.563889 0.373437 0.563889 0.373958 0.562963 0.374479 0.562963 0.375521 0.561111 0.376042 0.561111 0.377083 0.559259 0.377604 0.559259 0.378125 0.558333 0.378646 0.558333 0.379688 0.556481 0.380208 0.556481 0.381250 0.554630 0.381771 0.554630 0.382292 0.553704 0.382812 0.553704 0.383854 0.551852 0.384375 0.551852 0.385417 0.550000 0.385937 0.550000 0.386458 0.549074 0.386979 0.549074 0.388021 0.547222 0.388542 0.547222 0.389583 0.545370 0.390104 0.545370 0.391146 0.543519 0.391667 0.543519 0.393750 0.539815 0.392188 0.537037 0.392188 0.536111 0.391667 0.535185 0.391667 0.532407 0.392188 0.531481 0.392188 0.530556 0.396875 0.522222 0.396875 0.521296 0.401562 0.512963 0.401562 0.512037 0.403125 0.509259 0.403125 0.508333 0.400000 0.508333 0.399479 0.509259 0.398438 0.509259 0.397917 0.510185 0.397396 0.510185 0.396875 0.511111 0.396354 0.511111 0.395313 0.512963 0.394792 0.512963 0.393229 0.515741 0.392708 0.515741 0.390625 0.519444 0.390104 0.519444 0.388021 0.523148 0.387500 0.523148 0.384375 0.528704 0.383854 0.528704 0.380729 0.534259 0.380208 0.534259 0.375521 0.542593 0.375000 0.542593 0.370312 0.550926 0.369792 0.550926 0.367188 0.555556 0.366667 0.555556 0.366146 0.556481 0.365625 0.556481 0.365104 0.555556 0.364583 0.555556 0.363542 0.553704 0.363542 0.552778 0.363021 0.551852 0.363021 0.549074 0.378646 0.521296 0.379167 0.521296 0.392708 0.497222
0 0.435417 0.552315 0.086458 0.093519 0.478646 0.505556 0.478125 0.506481 0.477604 0.506481 0.476042 0.509259 0.475521 0.509259 0.473438 0.512963 0.472917 0.512963 0.469271 0.519444 0.468750 0.519444 0.464062 0.527778 0.463542 0.527778 0.455729 0.541667 0.455208 0.541667 0.449479 0.551852 0.448958 0.551852 0.448437 0.552778 0.446354 0.552778 0.445312 0.550926 0.445312 0.550000 0.444792 0.549074 0.444792 0.546296 0.445312 0.545370 0.445312 0.544444 0.446354 0.542593 0.446354 0.541667 0.446875 0.540741 0.446875 0.539815 0.447917 0.537963 0.447917 0.537037 0.448437 0.536111 0.445833 0.540741 0.445833 0.541667 0.444792 0.543519 0.444792 0.544444 0.443750 0.546296 0.443750 0.547222 0.443229 0.548148 0.443229 0.549074 0.442188 0.550926 0.442188 0.551852 0.441146 0.553704 0.441146 0.554630 0.440625 0.555556 0.440625 0.556481 0.439583 0.558333 0.439583 0.559259 0.437500 0.562963 0.435417 0.562963 0.434896 0.562037 0.434375 0.562037 0.429167 0.552778 0.429167 0.551852 0.422917 0.540741 0.422917 0.539815 0.408333 0.513889 0.407813 0.513889 0.406250 0.511111 0.405729 0.511111 0.404687 0.509259 0.403646 0.509259 0.402083 0.512037 0.402083 0.512963 0.397396 0.521296 0.397396 0.522222 0.392708 0.530556 0.392708 0.531481 0.392188 0.532407 0.392188 0.535185 0.392708 0.536111 0.392708 0.537037 0.412500 0.572222 0.413021 0.572222 0.428125 0.599074 0.434896 0.599074 0.439583 0.590741 0.440104 0.590741 0.464583 0.547222 0.465104 0.547222 0.468229 0.541667 0.468229 0.540741 0.470313 0.537037 0.470313 0.535185 0.470833 0.534259 0.470833 0.533333 0.471354 0.532407 0.471354 0.531481 0.471875 0.530556 0.471875 0.529630 0.472396 0.528704 0.472396 0.527778 0.472917 0.526852 0.472917 0.525926 0.473438 0.525000 0.473438 0.524074 0.473958 0.523148 0.473958 0.522222 0.474479 0.521296 0.474479 0.520370 0.475000 0.519444 0.475000 0.517593 0.475521 0.516667 0.475521 0.515741 0.476042 0.514815 0.476042 0.513889 0.476562 0.512963 0.476562 0.512037 0.477083 0.511111 0.477083 0.510185 0.477604 0.509259 0.477604 0.508333 0.478125 0.507407 0.478125 0.506481
0 0.529687 0.552778 0.078125 0.081481 0.493229 0.512037 0.493229 0.512963 0.492708 0.513889 0.492708 0.515741 0.492188 0.516667 0.492188 0.517593 0.491667 0.518519 0.491667 0.520370 0.491146 0.521296 0.491146 0.523148 0.490625 0.524074 0.490625 0.525926 0.491146 0.526852 0.491146 0.527778 0.499479 0.542593 0.499479 0.543519 0.527083 0.592593 0.527604 0.592593 0.528125 0.593519 0.529687 0.593519 0.530208 0.592593 0.530729 0.592593 0.532813 0.588889 0.533333 0.588889 0.539583 0.577778 0.540104 0.577778 0.546354 0.566667 0.546875 0.566667 0.553646 0.554630 0.554167 0.554630 0.560937 0.542593 0.561458 0.542593 0.568229 0.530556 0.568229 0.529630 0.568750 0.528704 0.568750 0.520370 0.568229 0.519444 0.568229 0.515741 0.567187 0.517593 0.566667 0.517593 0.563542 0.523148 0.563021 0.523148 0.559375 0.529630 0.558854 0.529630 0.553646 0.538889 0.553125 0.538889 0.545833 0.551852 0.545312 0.551852 0.541667 0.558333 0.541146 0.558333 0.540625 0.559259 0.539062 0.559259 0.536979 0.555556 0.536979 0.550926 0.537500 0.550000 0.537500 0.548148 0.535937 0.550926 0.535417 0.550926 0.531250 0.558333 0.530729 0.558333 0.530208 0.559259 0.528646 0.559259 0.528125 0.558333 0.527604 0.558333 0.522917 0.550000 0.522396 0.550926 0.522396 0.552778 0.521875 0.553704 0.521875 0.554630 0.521354 0.555556 0.520833 0.555556 0.520312 0.556481 0.519271 0.556481 0.518750 0.555556 0.518229 0.555556 0.516146 0.551852 0.515625 0.551852 0.511979 0.545370 0.511979 0.544444 0.497917 0.519444 0.497396 0.519444
0 0.624479 0.555093 0.079167 0.080556 0.584896 0.514815 0.584896 0.520370 0.585417 0.521296 0.585417 0.527778 0.585938 0.528704 0.585938 0.529630 0.586979 0.531481 0.586979 0.532407 0.608854 0.571296 0.608854 0.572222 0.620833 0.593519 0.621354 0.593519 0.622396 0.595370 0.625000 0.595370 0.626563 0.592593 0.627083 0.592593 0.631771 0.584259 0.632292 0.584259 0.637500 0.575000 0.638021 0.575000 0.643750 0.564815 0.644271 0.564815 0.649479 0.555556 0.650000 0.555556 0.655208 0.546296 0.655729 0.546296 0.664062 0.531481 0.664062 0.527778 0.663542 0.526852 0.663542 0.525926 0.663021 0.525000 0.663021 0.524074 0.662500 0.523148 0.662500 0.522222 0.661458 0.522222 0.660417 0.524074 0.659896 0.524074 0.658333 0.526852 0.657813 0.526852 0.655729 0.530556 0.655208 0.530556 0.652604 0.535185 0.652083 0.535185 0.648958 0.540741 0.648438 0.540741 0.644271 0.548148 0.643750 0.548148 0.639062 0.556481 0.638542 0.556481 0.633333 0.565741 0.632812 0.565741 0.630729 0.569444 0.630208 0.569444 0.629687 0.570370 0.629167 0.570370 0.628646 0.569444 0.628125 0.569444 0.626563 0.566667 0.626042 0.567593 0.625000 0.567593 0.624479 0.566667 0.623958 0.566667 0.615625 0.551852 0.616146 0.552778 0.616146 0.555556 0.616667 0.556481 0.616667 0.557407 0.616146 0.558333 0.616146 0.559259 0.615104 0.561111 0.614583 0.561111 0.614062 0.562037 0.613542 0.562037 0.613021 0.561111 0.612500 0.561111 0.611979 0.560185 0.611458 0.560185 0.590104 0.522222 0.589583 0.522222 0.585417 0.514815
0 0.707292 0.557407 0.082292 0.077778 0.666146 0.518519 0.666146 0.519444 0.666667 0.520370 0.666667 0.521296 0.667188 0.522222 0.667188 0.523148 0.667708 0.524074 0.667708 0.525000 0.668750 0.526852 0.668750 0.527778 0.669271 0.528704 0.669271 0.529630 0.670312 0.531481 0.670312 0.532407 0.682292 0.553704 0.682292 0.554630 0.700521 0.587037 0.700521 0.587963 0.703125 0.592593 0.703646 0.592593 0.705208 0.595370 0.705729 0.595370 0.706250 0.596296 0.707292 0.596296 0.707812 0.595370 0.708333 0.595370 0.710417 0.591667 0.710938 0.591667 0.714583 0.585185 0.715104 0.585185 0.719271 0.577778 0.719792 0.577778 0.724479 0.569444 0.725000 0.569444 0.729167 0.562037 0.729688 0.562037 0.733854 0.554630 0.734375 0.554630 0.738542 0.547222 0.739062 0.547222 0.743750 0.538889 0.744271 0.538889 0.747917 0.532407 0.747917 0.531481 0.748437 0.530556 0.748437 0.529630 0.747917 0.528704 0.747917 0.527778 0.746354 0.525000 0.744792 0.527778 0.744271 0.527778 0.740104 0.535185 0.739583 0.535185 0.734896 0.543519 0.734375 0.543519 0.730208 0.550926 0.729688 0.550926 0.725000 0.559259 0.724479 0.559259 0.720313 0.566667 0.719792 0.566667 0.717187 0.571296 0.716667 0.571296 0.715625 0.573148 0.715104 0.573148 0.714583 0.574074 0.714063 0.574074 0.713542 0.573148 0.713021 0.573148 0.712500 0.572222 0.711979 0.572222 0.704167 0.558333 0.704167 0.557407 0.700521 0.550926 0.701562 0.552778 0.701562 0.553704 0.702604 0.555556 0.702604 0.556481 0.703125 0.557407 0.703125 0.558333 0.704167 0.560185 0.704167 0.561111 0.705208 0.562963 0.705208 0.563889 0.706250 0.565741 0.706250 0.569444 0.705208 0.571296 0.704688 0.571296 0.704167 0.572222 0.702604 0.572222 0.701562 0.570370 0.701042 0.570370 0.677604 0.528704 0.677083 0.528704 0.673958 0.523148 0.673438 0.523148 0.672396 0.521296 0.671875 0.521296 0.670833 0.519444 0.669792 0.519444 0.669271 0.518519
0 0.318490 0.520833 0.078646 0.076852 0.318229 0.482407 0.317708 0.483333 0.317188 0.483333 0.315625 0.486111 0.315104 0.486111 0.314063 0.487963 0.313542 0.487963 0.279687 0.548148 0.279687 0.549074 0.279167 0.550000 0.279167 0.553704 0.280208 0.555556 0.280729 0.555556 0.281250 0.556481 0.281771 0.556481 0.282813 0.554630 0.283333 0.554630 0.284896 0.551852 0.285417 0.551852 0.286979 0.549074 0.287500 0.549074 0.288542 0.547222 0.289062 0.547222 0.290625 0.544444 0.291146 0.544444 0.292708 0.541667 0.293229 0.541667 0.294792 0.538889 0.295312 0.538889 0.296875 0.536111 0.297396 0.536111 0.298438 0.534259 0.298958 0.534259 0.300521 0.531481 0.301042 0.531481 0.302604 0.528704 0.303125 0.528704 0.304688 0.525926 0.305208 0.525926 0.306771 0.523148 0.307292 0.523148 0.308854 0.520370 0.309375 0.520370 0.310417 0.518519 0.310937 0.518519 0.312500 0.515741 0.313021 0.515741 0.314583 0.512963 0.315104 0.512963 0.316667 0.510185 0.317188 0.510185 0.318750 0.507407 0.319792 0.507407 0.320312 0.508333 0.320833 0.508333 0.321875 0.510185 0.322396 0.510185 0.324479 0.513889 0.325000 0.513889 0.329688 0.522222 0.330208 0.522222 0.349479 0.556481 0.350000 0.556481 0.351042 0.558333 0.351562 0.558333 0.352083 0.559259 0.353125 0.559259 0.353646 0.558333 0.354167 0.558333 0.357812 0.551852 0.357292 0.551852 0.356771 0.550926 0.356250 0.550926 0.319271 0.485185 0.319271 0.484259
0 0.404427 0.522685 0.081771 0.078704 0.401562 0.483333 0.397917 0.489815 0.397396 0.489815 0.379167 0.522222 0.378646 0.522222 0.363542 0.549074 0.363542 0.551852 0.364063 0.552778 0.364063 0.553704 0.364583 0.554630 0.365104 0.554630 0.365625 0.555556 0.366146 0.555556 0.366667 0.554630 0.367188 0.554630 0.369792 0.550000 0.370312 0.550000 0.375000 0.541667 0.375521 0.541667 0.380208 0.533333 0.380729 0.533333 0.383854 0.527778 0.384375 0.527778 0.387500 0.522222 0.388021 0.522222 0.390104 0.518519 0.390625 0.518519 0.392708 0.514815 0.393229 0.514815 0.394792 0.512037 0.395313 0.512037 0.396354 0.510185 0.396875 0.510185 0.397396 0.509259 0.397917 0.509259 0.398438 0.508333 0.399479 0.508333 0.400000 0.507407 0.403125 0.507407 0.403646 0.508333 0.404687 0.508333 0.405729 0.510185 0.406250 0.510185 0.407813 0.512963 0.408333 0.512963 0.423438 0.539815 0.423438 0.540741 0.429688 0.551852 0.429688 0.552778 0.434375 0.561111 0.434896 0.561111 0.435417 0.562037 0.437500 0.562037 0.439063 0.559259 0.439063 0.558333 0.440104 0.556481 0.440104 0.555556 0.440625 0.554630 0.440625 0.553704 0.441667 0.551852 0.441667 0.550926 0.442708 0.549074 0.442708 0.548148 0.443229 0.547222 0.443229 0.546296 0.444271 0.544444 0.444271 0.543519 0.445312 0.541667 0.443750 0.544444 0.443229 0.544444 0.441146 0.548148 0.440625 0.548148 0.440104 0.549074 0.439583 0.549074 0.439063 0.548148 0.438542 0.548148 0.436979 0.545370 0.436458 0.545370 0.422396 0.520370 0.422396 0.519444 0.402083 0.483333
0 0.483854 0.512500 0.077083 0.086111 0.482812 0.469444 0.482812 0.470370 0.482292 0.471296 0.482292 0.472222 0.481250 0.474074 0.481250 0.475000 0.480729 0.475926 0.480729 0.476852 0.480208 0.477778 0.480208 0.478704 0.479687 0.479630 0.479687 0.480556 0.479167 0.481481 0.479167 0.482407 0.478646 0.483333 0.478646 0.484259 0.467708 0.503704 0.467187 0.503704 0.454688 0.525926 0.454167 0.525926 0.448958 0.535185 0.448958 0.536111 0.448437 0.537037 0.448437 0.537963 0.447396 0.539815 0.447396 0.540741 0.446875 0.541667 0.446875 0.542593 0.445833 0.544444 0.445833 0.545370 0.445312 0.546296 0.445312 0.549074 0.445833 0.550000 0.445833 0.550926 0.446354 0.551852 0.448437 0.551852 0.448958 0.550926 0.449479 0.550926 0.455208 0.540741 0.455729 0.540741 0.463542 0.526852 0.464062 0.526852 0.468750 0.518519 0.469271 0.518519 0.472917 0.512037 0.473438 0.512037 0.475521 0.508333 0.476042 0.508333 0.477604 0.505556 0.478125 0.505556 0.479167 0.503704 0.479687 0.503704 0.480208 0.502778 0.480729 0.502778 0.481250 0.501852 0.483333 0.501852 0.483854 0.500926 0.484375 0.501852 0.485938 0.501852 0.486458 0.502778 0.486979 0.502778 0.487500 0.503704 0.488021 0.503704 0.489063 0.505556 0.489583 0.505556 0.491667 0.509259 0.492188 0.509259 0.497396 0.518519 0.497917 0.518519 0.512500 0.544444 0.512500 0.545370 0.515625 0.550926 0.516146 0.550926 0.518229 0.554630 0.518750 0.554630 0.519271 0.555556 0.520312 0.555556 0.520833 0.554630 0.521354 0.554630 0.521354 0.553704 0.521875 0.552778 0.521875 0.550926 0.522396 0.550000 0.522396 0.549074 0.492708 0.496296 0.492708 0.495370 0.490625 0.491667 0.490625 0.490741 0.490104 0.489815 0.490104 0.487037 0.490625 0.486111 0.490625 0.485185 0.491146 0.484259 0.491146 0.483333 0.491667 0.482407 0.491667 0.480556 0.492188 0.479630 0.489583 0.475000 0.489063 0.475000 0.487500 0.472222 0.486979 0.472222 0.486458 0.471296 0.485938 0.471296 0.485417 0.470370 0.484375 0.470370 0.483854 0.469444
0 0.576823 0.513426 0.078646 0.095370 0.575521 0.465741 0.575000 0.466667 0.574479 0.466667 0.573958 0.467593 0.573438 0.467593 0.572396 0.469444 0.571875 0.469444 0.570833 0.471296 0.570312 0.471296 0.569271 0.473148 0.569792 0.474074 0.569792 0.492593 0.569271 0.493519 0.569271 0.494444 0.561979 0.507407 0.561458 0.507407 0.553125 0.522222 0.552604 0.522222 0.544271 0.537037 0.543750 0.537037 0.538021 0.547222 0.538021 0.550000 0.537500 0.550926 0.537500 0.555556 0.539062 0.558333 0.540625 0.558333 0.541146 0.557407 0.541667 0.557407 0.545312 0.550926 0.545833 0.550926 0.553125 0.537963 0.553646 0.537963 0.558854 0.528704 0.559375 0.528704 0.563021 0.522222 0.563542 0.522222 0.566667 0.516667 0.567187 0.516667 0.568750 0.513889 0.569271 0.513889 0.570833 0.511111 0.571354 0.511111 0.572396 0.509259 0.572917 0.509259 0.573438 0.508333 0.573958 0.508333 0.574479 0.507407 0.575521 0.507407 0.576042 0.506481 0.578646 0.506481 0.579167 0.507407 0.580208 0.507407 0.581250 0.509259 0.581771 0.509259 0.582812 0.511111 0.583333 0.511111 0.584896 0.513889 0.585417 0.513889 0.589583 0.521296 0.590104 0.521296 0.611458 0.559259 0.611979 0.559259 0.612500 0.560185 0.613021 0.560185 0.613542 0.561111 0.614062 0.561111 0.614583 0.560185 0.615104 0.560185 0.615625 0.559259 0.615625 0.558333 0.616146 0.557407 0.616146 0.556481 0.615625 0.555556 0.615625 0.552778 0.615104 0.551852 0.615104 0.550926 0.598437 0.521296 0.598437 0.520370 0.586979 0.500000 0.586979 0.499074 0.585938 0.497222 0.585938 0.491667 0.585417 0.490741 0.585417 0.484259 0.584896 0.483333 0.584896 0.476852 0.584375 0.475926 0.584375 0.471296 0.582812 0.468519 0.582292 0.468519 0.581771 0.467593 0.581250 0.467593 0.580729 0.466667 0.580208 0.466667 0.579688 0.465741
0 0.666406 0.528241 0.078646 0.086111 0.669271 0.485185 0.668750 0.486111 0.667708 0.486111 0.667188 0.487037 0.666146 0.487037 0.665104 0.488889 0.665104 0.489815 0.666146 0.491667 0.666146 0.492593 0.666667 0.493519 0.666667 0.494444 0.667708 0.496296 0.667708 0.500000 0.659375 0.514815 0.658854 0.514815 0.653125 0.525000 0.652604 0.525000 0.646875 0.535185 0.646354 0.535185 0.640625 0.545370 0.640104 0.545370 0.634375 0.555556 0.633854 0.555556 0.629167 0.563889 0.628646 0.563889 0.627083 0.566667 0.628125 0.568519 0.628646 0.568519 0.629167 0.569444 0.629687 0.569444 0.630208 0.568519 0.630729 0.568519 0.632812 0.564815 0.633333 0.564815 0.638542 0.555556 0.639062 0.555556 0.643750 0.547222 0.644271 0.547222 0.648438 0.539815 0.648958 0.539815 0.652083 0.534259 0.652604 0.534259 0.655208 0.529630 0.655729 0.529630 0.657813 0.525926 0.658333 0.525926 0.659896 0.523148 0.660417 0.523148 0.661458 0.521296 0.661979 0.521296 0.663021 0.519444 0.663542 0.519444 0.664062 0.518519 0.665104 0.518519 0.665625 0.517593 0.669271 0.517593 0.669792 0.518519 0.670833 0.518519 0.671875 0.520370 0.672396 0.520370 0.673438 0.522222 0.673958 0.522222 0.677083 0.527778 0.677604 0.527778 0.701042 0.569444 0.701562 0.569444 0.702604 0.571296 0.704167 0.571296 0.704688 0.570370 0.705208 0.570370 0.705729 0.569444 0.705729 0.565741 0.704688 0.563889 0.704688 0.562963 0.703646 0.561111 0.703646 0.560185 0.702604 0.558333 0.702604 0.557407 0.702083 0.556481 0.702083 0.555556 0.701042 0.553704 0.701042 0.552778 0.700000 0.550926 0.700000 0.550000 0.688021 0.528704 0.688021 0.527778 0.677083 0.508333 0.677083 0.507407 0.675521 0.504630 0.675521 0.503704 0.675000 0.502778 0.675000 0.501852 0.673958 0.500000 0.673958 0.499074 0.673438 0.498148 0.673438 0.497222 0.672396 0.495370 0.672396 0.494444 0.671354 0.492593 0.671354 0.491667 0.670833 0.490741 0.670833 0.489815 0.669792 0.487963 0.669792 0.487037 0.669271 0.486111
0 0.361198 0.509722 0.084896 0.082407 0.327604 0.468519 0.326562 0.470370 0.326042 0.470370 0.325000 0.472222 0.324479 0.472222 0.323437 0.474074 0.322917 0.474074 0.321875 0.475926 0.321354 0.475926 0.320312 0.477778 0.319792 0.477778 0.318750 0.479630 0.318750 0.482407 0.319792 0.484259 0.319792 0.485185 0.356250 0.550000 0.356771 0.550000 0.357292 0.550926 0.358333 0.550926 0.359375 0.549074 0.359896 0.549074 0.368750 0.533333 0.369271 0.533333 0.388542 0.499074 0.389062 0.499074 0.401042 0.477778 0.401042 0.476852 0.403646 0.472222 0.403125 0.472222 0.402604 0.471296 0.401042 0.471296 0.400521 0.470370 0.398958 0.470370 0.398438 0.471296 0.397396 0.471296 0.396875 0.472222 0.396354 0.472222 0.395313 0.474074 0.394792 0.474074 0.393750 0.475926 0.393229 0.475926 0.387500 0.486111 0.386979 0.486111 0.381250 0.496296 0.380729 0.496296 0.374479 0.507407 0.373958 0.507407 0.367708 0.518519 0.367188 0.518519 0.365625 0.521296 0.365104 0.521296 0.364583 0.522222 0.364063 0.521296 0.363542 0.521296 0.361979 0.518519 0.361979 0.517593 0.361458 0.516667 0.361458 0.515741 0.361979 0.514815 0.361979 0.513889 0.382812 0.476852 0.379167 0.483333 0.378646 0.483333 0.375000 0.489815 0.374479 0.489815 0.371354 0.495370 0.370833 0.495370 0.367188 0.501852 0.366667 0.501852 0.363021 0.508333 0.362500 0.508333 0.358854 0.514815 0.358333 0.514815 0.357812 0.515741 0.355729 0.515741 0.354687 0.513889 0.354167 0.513889 0.336979 0.483333 0.336458 0.483333 0.330729 0.473148 0.330208 0.473148
0 0.441927 0.508796 0.080729 0.078704 0.481771 0.469444 0.481250 0.470370 0.480208 0.470370 0.479687 0.471296 0.479167 0.471296 0.478646 0.472222 0.478125 0.472222 0.477083 0.474074 0.476562 0.474074 0.475000 0.476852 0.474479 0.476852 0.472396 0.480556 0.471875 0.480556 0.468229 0.487037 0.467708 0.487037 0.462500 0.496296 0.461979 0.496296 0.452083 0.513889 0.451562 0.513889 0.447396 0.521296 0.446875 0.521296 0.446354 0.522222 0.445833 0.522222 0.445312 0.521296 0.444792 0.521296 0.443229 0.518519 0.443229 0.514815 0.443750 0.513889 0.443750 0.512963 0.444792 0.511111 0.444792 0.510185 0.445833 0.508333 0.445833 0.507407 0.446875 0.505556 0.446875 0.504630 0.447917 0.502778 0.447917 0.501852 0.448958 0.500000 0.448958 0.499074 0.450000 0.497222 0.450000 0.496296 0.451042 0.494444 0.445312 0.504630 0.445312 0.505556 0.444271 0.507407 0.444271 0.508333 0.443229 0.510185 0.443229 0.511111 0.441667 0.513889 0.441667 0.514815 0.440625 0.516667 0.440625 0.517593 0.439583 0.519444 0.439583 0.520370 0.436979 0.525000 0.435937 0.525000 0.435417 0.524074 0.434896 0.524074 0.433854 0.522222 0.433333 0.522222 0.410938 0.482407 0.410417 0.482407 0.407292 0.476852 0.406771 0.476852 0.405208 0.474074 0.404687 0.474074 0.404167 0.473148 0.403646 0.473148 0.401562 0.476852 0.401562 0.480556 0.402083 0.481481 0.402083 0.482407 0.422917 0.519444 0.422917 0.520370 0.436458 0.544444 0.436979 0.544444 0.438542 0.547222 0.439063 0.547222 0.439583 0.548148 0.440104 0.548148 0.440625 0.547222 0.441146 0.547222 0.443229 0.543519 0.443750 0.543519 0.454167 0.525000 0.454688 0.525000 0.467187 0.502778 0.467708 0.502778 0.478125 0.484259 0.478125 0.483333 0.478646 0.482407 0.478646 0.481481 0.479167 0.480556 0.479167 0.479630 0.479687 0.478704 0.479687 0.477778 0.480208 0.476852 0.480208 0.475926 0.480729 0.475000 0.480729 0.474074 0.481771 0.472222 0.481771 0.471296 0.482292 0.470370 0.482292 0.469444
0 0.529948 0.516204 0.078646 0.084259 0.568750 0.474074 0.568229 0.475000 0.567708 0.475000 0.565104 0.479630 0.564583 0.479630 0.560937 0.486111 0.560417 0.486111 0.554688 0.496296 0.554167 0.496296 0.545833 0.511111 0.545312 0.511111 0.542188 0.516667 0.541667 0.516667 0.541146 0.517593 0.540104 0.517593 0.538021 0.513889 0.538021 0.509259 0.536458 0.512037 0.535937 0.512037 0.531771 0.519444 0.531250 0.519444 0.530729 0.520370 0.529167 0.520370 0.527604 0.517593 0.527083 0.517593 0.523438 0.511111 0.523438 0.513889 0.522917 0.514815 0.522917 0.518519 0.522396 0.519444 0.522396 0.521296 0.520833 0.524074 0.520312 0.524074 0.519792 0.525000 0.519271 0.525000 0.518750 0.524074 0.518229 0.524074 0.517188 0.522222 0.516667 0.522222 0.505729 0.502778 0.505729 0.501852 0.501042 0.493519 0.500521 0.493519 0.492708 0.479630 0.492188 0.480556 0.492188 0.482407 0.491667 0.483333 0.491667 0.484259 0.491146 0.485185 0.491146 0.486111 0.490625 0.487037 0.490625 0.489815 0.491146 0.490741 0.491146 0.491667 0.493229 0.495370 0.493229 0.496296 0.527604 0.557407 0.528125 0.557407 0.528646 0.558333 0.530208 0.558333 0.530729 0.557407 0.531250 0.557407 0.535417 0.550000 0.535937 0.550000 0.543750 0.536111 0.544271 0.536111 0.552604 0.521296 0.553125 0.521296 0.561458 0.506481 0.561979 0.506481 0.568750 0.494444 0.568750 0.493519 0.569271 0.492593 0.569271 0.474074
0 0.626042 0.518981 0.082292 0.095370 0.584896 0.471296 0.584896 0.475926 0.585417 0.476852 0.585417 0.483333 0.585938 0.484259 0.585938 0.490741 0.586458 0.491667 0.586458 0.497222 0.587500 0.499074 0.587500 0.500000 0.598958 0.520370 0.598958 0.521296 0.623958 0.565741 0.624479 0.565741 0.625000 0.566667 0.626042 0.566667 0.626563 0.565741 0.627083 0.565741 0.628646 0.562963 0.629167 0.562963 0.633854 0.554630 0.634375 0.554630 0.640104 0.544444 0.640625 0.544444 0.646354 0.534259 0.646875 0.534259 0.652604 0.524074 0.653125 0.524074 0.658854 0.513889 0.659375 0.513889 0.667188 0.500000 0.667188 0.496296 0.666146 0.494444 0.666146 0.493519 0.665625 0.492593 0.665625 0.491667 0.664583 0.489815 0.664583 0.488889 0.664062 0.489815 0.663542 0.489815 0.661979 0.492593 0.661458 0.492593 0.659896 0.495370 0.659375 0.495370 0.657292 0.499074 0.656771 0.499074 0.653646 0.504630 0.653125 0.504630 0.649479 0.511111 0.648958 0.511111 0.644271 0.519444 0.643750 0.519444 0.638021 0.529630 0.637500 0.529630 0.633333 0.537037 0.632812 0.537037 0.631771 0.538889 0.630208 0.538889 0.628125 0.535185 0.628125 0.533333 0.627604 0.532407 0.627604 0.530556 0.627083 0.529630 0.627083 0.527778 0.625000 0.527778 0.623958 0.525926 0.623437 0.525926 0.616667 0.513889 0.616667 0.515741 0.614583 0.519444 0.613542 0.519444 0.613021 0.518519 0.612500 0.518519 0.611979 0.517593 0.611458 0.517593 0.588542 0.476852 0.588021 0.476852
0 0.713281 0.529167 0.086979 0.087963 0.669792 0.485185 0.669792 0.486111 0.670312 0.487037 0.670312 0.487963 0.671354 0.489815 0.671354 0.490741 0.671875 0.491667 0.671875 0.492593 0.672917 0.494444 0.672917 0.495370 0.673958 0.497222 0.673958 0.498148 0.674479 0.499074 0.674479 0.500000 0.675521 0.501852 0.675521 0.502778 0.676042 0.503704 0.676042 0.504630 0.677604 0.507407 0.677604 0.508333 0.688542 0.527778 0.688542 0.528704 0.704688 0.557407 0.704688 0.558333 0.711979 0.571296 0.712500 0.571296 0.713021 0.572222 0.713542 0.572222 0.714063 0.573148 0.714583 0.573148 0.715104 0.572222 0.715625 0.572222 0.716667 0.570370 0.717187 0.570370 0.719792 0.565741 0.720313 0.565741 0.724479 0.558333 0.725000 0.558333 0.729688 0.550000 0.730208 0.550000 0.734375 0.542593 0.734896 0.542593 0.739583 0.534259 0.740104 0.534259 0.744271 0.526852 0.744792 0.526852 0.749479 0.518519 0.750000 0.518519 0.756250 0.507407 0.756250 0.506481 0.756771 0.505556 0.756771 0.504630 0.756250 0.503704 0.756250 0.502778 0.752604 0.496296 0.752083 0.496296 0.750000 0.492593 0.749479 0.492593 0.745833 0.499074 0.745313 0.499074 0.741146 0.506481 0.740625 0.506481 0.735938 0.514815 0.735417 0.514815 0.730729 0.523148 0.730208 0.523148 0.725521 0.531481 0.725000 0.531481 0.721354 0.537963 0.720833 0.537963 0.719792 0.539815 0.719271 0.539815 0.718750 0.540741 0.717708 0.540741 0.716667 0.538889 0.716146 0.538889 0.707812 0.524074 0.707812 0.523148 0.696354 0.502778 0.697917 0.505556 0.697917 0.506481 0.699479 0.509259 0.699479 0.510185 0.700521 0.512037 0.700521 0.512963 0.702083 0.515741 0.702083 0.516667 0.703646 0.519444 0.703646 0.520370 0.705208 0.523148 0.705208 0.524074 0.706771 0.526852 0.706771 0.527778 0.707812 0.529630 0.707812 0.530556 0.709375 0.533333 0.709375 0.534259 0.709896 0.535185 0.709896 0.537037 0.707812 0.540741 0.705729 0.540741 0.704688 0.538889 0.704167 0.538889 0.693750 0.520370 0.693750 0.519444 0.684896 0.503704 0.684375 0.503704 0.678646 0.493519 0.678125 0.493519 0.676042 0.489815 0.675521 0.489815 0.674479 0.487963 0.673958 0.487963 0.673438 0.487037 0.672917 0.487037 0.672396 0.486111 0.671354 0.486111 0.670833 0.485185
0 0.322656 0.478241 0.076563 0.073148 0.321354 0.441667 0.320312 0.443519 0.319792 0.443519 0.318750 0.445370 0.318229 0.445370 0.287500 0.500000 0.287500 0.500926 0.284896 0.505556 0.284896 0.506481 0.284375 0.507407 0.284375 0.509259 0.286458 0.512963 0.286979 0.512963 0.287500 0.512037 0.288021 0.512037 0.289062 0.510185 0.289583 0.510185 0.290625 0.508333 0.291146 0.508333 0.292187 0.506481 0.292708 0.506481 0.293750 0.504630 0.294271 0.504630 0.307812 0.480556 0.308333 0.480556 0.309375 0.478704 0.309896 0.478704 0.310937 0.476852 0.311458 0.476852 0.311979 0.475926 0.312500 0.475926 0.313542 0.474074 0.314063 0.474074 0.315104 0.472222 0.315625 0.472222 0.316667 0.470370 0.317188 0.470370 0.318229 0.468519 0.318750 0.468519 0.319271 0.467593 0.319792 0.467593 0.320833 0.465741 0.321354 0.465741 0.322396 0.463889 0.322917 0.463889 0.323437 0.462963 0.323958 0.463889 0.324479 0.463889 0.325000 0.464815 0.325521 0.464815 0.327083 0.467593 0.327604 0.467593 0.330208 0.472222 0.330729 0.472222 0.336458 0.482407 0.336979 0.482407 0.354167 0.512963 0.354687 0.512963 0.355729 0.514815 0.357812 0.514815 0.358333 0.513889 0.358854 0.513889 0.360938 0.510185 0.359896 0.510185 0.359375 0.509259 0.358854 0.509259 0.322917 0.445370 0.322917 0.444444 0.321875 0.442593 0.321875 0.441667
0 0.403385 0.484722 0.082812 0.078704 0.402083 0.445370 0.398438 0.451852 0.397917 0.451852 0.385937 0.473148 0.385417 0.473148 0.362500 0.513889 0.362500 0.514815 0.361979 0.515741 0.361979 0.516667 0.362500 0.517593 0.362500 0.518519 0.363542 0.520370 0.364063 0.520370 0.364583 0.521296 0.365104 0.520370 0.365625 0.520370 0.367188 0.517593 0.367708 0.517593 0.373958 0.506481 0.374479 0.506481 0.380729 0.495370 0.381250 0.495370 0.386979 0.485185 0.387500 0.485185 0.393229 0.475000 0.393750 0.475000 0.394792 0.473148 0.395313 0.473148 0.396354 0.471296 0.396875 0.471296 0.397396 0.470370 0.398438 0.470370 0.398958 0.469444 0.400521 0.469444 0.401042 0.470370 0.402604 0.470370 0.403125 0.471296 0.403646 0.471296 0.404687 0.473148 0.405208 0.473148 0.406771 0.475926 0.407292 0.475926 0.410417 0.481481 0.410938 0.481481 0.433333 0.521296 0.433854 0.521296 0.434896 0.523148 0.435417 0.523148 0.435937 0.524074 0.436979 0.524074 0.439063 0.520370 0.439063 0.519444 0.440104 0.517593 0.440104 0.516667 0.441146 0.514815 0.441146 0.513889 0.442708 0.511111 0.442708 0.510185 0.443750 0.508333 0.443750 0.507407 0.444792 0.505556 0.443750 0.507407 0.443229 0.507407 0.441667 0.510185 0.439583 0.510185 0.439063 0.509259 0.438542 0.509259 0.407292 0.453704 0.407292 0.452778 0.403125 0.445370
0 0.483333 0.477315 0.079167 0.093519 0.484375 0.430556 0.483854 0.431481 0.483854 0.432407 0.483333 0.433333 0.483333 0.434259 0.482292 0.436111 0.482292 0.437037 0.481771 0.437963 0.481771 0.438889 0.480729 0.440741 0.480729 0.441667 0.479687 0.443519 0.479687 0.444444 0.479167 0.445370 0.479167 0.446296 0.468229 0.465741 0.467708 0.465741 0.454167 0.489815 0.453646 0.489815 0.451562 0.493519 0.451562 0.494444 0.450521 0.496296 0.450521 0.497222 0.449479 0.499074 0.449479 0.500000 0.448437 0.501852 0.448437 0.502778 0.447396 0.504630 0.447396 0.505556 0.446354 0.507407 0.446354 0.508333 0.445312 0.510185 0.445312 0.511111 0.444271 0.512963 0.444271 0.513889 0.443750 0.514815 0.443750 0.518519 0.444792 0.520370 0.445312 0.520370 0.445833 0.521296 0.446354 0.521296 0.446875 0.520370 0.447396 0.520370 0.451562 0.512963 0.452083 0.512963 0.461979 0.495370 0.462500 0.495370 0.467708 0.486111 0.468229 0.486111 0.471875 0.479630 0.472396 0.479630 0.474479 0.475926 0.475000 0.475926 0.476562 0.473148 0.477083 0.473148 0.478125 0.471296 0.478646 0.471296 0.479167 0.470370 0.479687 0.470370 0.480208 0.469444 0.481250 0.469444 0.481771 0.468519 0.483854 0.468519 0.484375 0.469444 0.485417 0.469444 0.485938 0.470370 0.486458 0.470370 0.486979 0.471296 0.487500 0.471296 0.489063 0.474074 0.489583 0.474074 0.492188 0.478704 0.492708 0.478704 0.500521 0.492593 0.501042 0.492593 0.506250 0.501852 0.506250 0.502778 0.516667 0.521296 0.517188 0.521296 0.518229 0.523148 0.518750 0.523148 0.519271 0.524074 0.519792 0.524074 0.520312 0.523148 0.520833 0.523148 0.521875 0.521296 0.521875 0.519444 0.522396 0.518519 0.522396 0.514815 0.522917 0.513889 0.522917 0.510185 0.513021 0.492593 0.513021 0.491667 0.491667 0.453704 0.491667 0.452778 0.491146 0.451852 0.491146 0.450926 0.490625 0.450000 0.490625 0.449074 0.491146 0.448148 0.491146 0.447222 0.491667 0.446296 0.491667 0.445370 0.492188 0.444444 0.492188 0.442593 0.492708 0.441667 0.492708 0.439815 0.490625 0.436111 0.490104 0.436111 0.488542 0.433333 0.488021 0.433333 0.487500 0.432407 0.486979 0.432407 0.486458 0.431481 0.485938 0.431481 0.485417 0.430556
0 0.577344 0.475926 0.077604 0.085185 0.577604 0.433333 0.577083 0.434259 0.576042 0.434259 0.575521 0.435185 0.575000 0.435185 0.574479 0.436111 0.573958 0.436111 0.573438 0.437037 0.572917 0.437037 0.571354 0.439815 0.570833 0.439815 0.570312 0.440741 0.570312 0.453704 0.568750 0.456481 0.568750 0.457407 0.566667 0.461111 0.566146 0.461111 0.556250 0.478704 0.555729 0.478704 0.546354 0.495370 0.545833 0.495370 0.538542 0.508333 0.538542 0.513889 0.540104 0.516667 0.541146 0.516667 0.541667 0.515741 0.542188 0.515741 0.545312 0.510185 0.545833 0.510185 0.554167 0.495370 0.554688 0.495370 0.560417 0.485185 0.560937 0.485185 0.564583 0.478704 0.565104 0.478704 0.567708 0.474074 0.568229 0.474074 0.570312 0.470370 0.570833 0.470370 0.571875 0.468519 0.572396 0.468519 0.573438 0.466667 0.573958 0.466667 0.574479 0.465741 0.575000 0.465741 0.575521 0.464815 0.579688 0.464815 0.580208 0.465741 0.580729 0.465741 0.581250 0.466667 0.581771 0.466667 0.582292 0.467593 0.582812 0.467593 0.584375 0.470370 0.584896 0.470370 0.588021 0.475926 0.588542 0.475926 0.611458 0.516667 0.611979 0.516667 0.612500 0.517593 0.613021 0.517593 0.613542 0.518519 0.614583 0.518519 0.616146 0.515741 0.616146 0.512963 0.613542 0.508333 0.613542 0.507407 0.591667 0.468519 0.591667 0.467593 0.586979 0.459259 0.586979 0.458333 0.586458 0.457407 0.586458 0.453704 0.585938 0.452778 0.585938 0.448148 0.585417 0.447222 0.585417 0.441667 0.584896 0.440741 0.584896 0.438889 0.583854 0.437037 0.583333 0.437037 0.582292 0.435185 0.581771 0.435185 0.581250 0.434259 0.580208 0.434259 0.579688 0.433333
0 0.668229 0.492130 0.082292 0.095370 0.667708 0.444444 0.667188 0.445370 0.666146 0.445370 0.665625 0.446296 0.665104 0.446296 0.664583 0.447222 0.664583 0.448148 0.665625 0.450000 0.665625 0.450926 0.666667 0.452778 0.666667 0.453704 0.667708 0.455556 0.667708 0.456481 0.668229 0.457407 0.668229 0.459259 0.667708 0.460185 0.667708 0.461111 0.663021 0.469444 0.662500 0.469444 0.655729 0.481481 0.655208 0.481481 0.648958 0.492593 0.648438 0.492593 0.642188 0.503704 0.641667 0.503704 0.635417 0.514815 0.634896 0.514815 0.629687 0.524074 0.629167 0.524074 0.627604 0.526852 0.627083 0.526852 0.627604 0.527778 0.627604 0.529630 0.628125 0.530556 0.628125 0.532407 0.628646 0.533333 0.628646 0.535185 0.630208 0.537963 0.631771 0.537963 0.632812 0.536111 0.633333 0.536111 0.637500 0.528704 0.638021 0.528704 0.643750 0.518519 0.644271 0.518519 0.648958 0.510185 0.649479 0.510185 0.653125 0.503704 0.653646 0.503704 0.656771 0.498148 0.657292 0.498148 0.659375 0.494444 0.659896 0.494444 0.661458 0.491667 0.661979 0.491667 0.663542 0.488889 0.664062 0.488889 0.664583 0.487963 0.665104 0.487963 0.666146 0.486111 0.667188 0.486111 0.667708 0.485185 0.668750 0.485185 0.669271 0.484259 0.670833 0.484259 0.671354 0.485185 0.672396 0.485185 0.672917 0.486111 0.673438 0.486111 0.673958 0.487037 0.674479 0.487037 0.675521 0.488889 0.676042 0.488889 0.678125 0.492593 0.678646 0.492593 0.684375 0.502778 0.684896 0.502778 0.694271 0.519444 0.694271 0.520370 0.704167 0.537963 0.704688 0.537963 0.705729 0.539815 0.707812 0.539815 0.709375 0.537037 0.709375 0.535185 0.708854 0.534259 0.708854 0.533333 0.707292 0.530556 0.707292 0.529630 0.706250 0.527778 0.706250 0.526852 0.704688 0.524074 0.704688 0.523148 0.703125 0.520370 0.703125 0.519444 0.701562 0.516667 0.701562 0.515741 0.700000 0.512963 0.700000 0.512037 0.698958 0.510185 0.698958 0.509259 0.697396 0.506481 0.697396 0.505556 0.695833 0.502778 0.695833 0.501852 0.692708 0.496296 0.692708 0.495370 0.681771 0.475926 0.681771 0.475000 0.680208 0.472222 0.680208 0.471296 0.678646 0.468519 0.678646 0.467593 0.677604 0.465741 0.677604 0.464815 0.676042 0.462037 0.676042 0.461111 0.674479 0.458333 0.674479 0.457407 0.673438 0.455556 0.673438 0.454630 0.671875 0.451852 0.671875 0.450926 0.670833 0.449074 0.670833 0.448148 0.669271 0.445370 0.669271 0.444444
0 0.362500 0.471296 0.081250 0.075926 0.399479 0.433333 0.398958 0.434259 0.398438 0.434259 0.397396 0.436111 0.396875 0.436111 0.394792 0.439815 0.394271 0.439815 0.383854 0.458333 0.383333 0.458333 0.381250 0.462037 0.380729 0.462037 0.378125 0.466667 0.377604 0.466667 0.375521 0.470370 0.375000 0.470370 0.372396 0.475000 0.371875 0.475000 0.369792 0.478704 0.369271 0.478704 0.366667 0.483333 0.366146 0.483333 0.365104 0.485185 0.364583 0.485185 0.364063 0.486111 0.363542 0.485185 0.363021 0.485185 0.361458 0.482407 0.361458 0.481481 0.360938 0.480556 0.360938 0.479630 0.361458 0.478704 0.361458 0.477778 0.372917 0.457407 0.370833 0.461111 0.370312 0.461111 0.368229 0.464815 0.367708 0.464815 0.365625 0.468519 0.365104 0.468519 0.363542 0.471296 0.363021 0.471296 0.360938 0.475000 0.360417 0.475000 0.358333 0.478704 0.357812 0.478704 0.356771 0.480556 0.354687 0.480556 0.354167 0.479630 0.353646 0.479630 0.338021 0.451852 0.337500 0.451852 0.330208 0.438889 0.329688 0.438889 0.327083 0.434259 0.326042 0.434259 0.325521 0.435185 0.325000 0.435185 0.324479 0.436111 0.323958 0.436111 0.322917 0.437963 0.322396 0.437963 0.322396 0.438889 0.321875 0.439815 0.321875 0.440741 0.322396 0.441667 0.322396 0.442593 0.323437 0.444444 0.323437 0.445370 0.358854 0.508333 0.359375 0.508333 0.359896 0.509259 0.361458 0.509259 0.362500 0.507407 0.363021 0.507407 0.366667 0.500926 0.367188 0.500926 0.370833 0.494444 0.371354 0.494444 0.374479 0.488889 0.375000 0.488889 0.378646 0.482407 0.379167 0.482407 0.382812 0.475926 0.383333 0.475926 0.386979 0.469444 0.387500 0.469444 0.397917 0.450926 0.398438 0.450926 0.402083 0.444444 0.402604 0.444444 0.402083 0.443519 0.402083 0.442593 0.401562 0.441667 0.401562 0.438889 0.403125 0.436111 0.403125 0.435185 0.402604 0.435185 0.402083 0.434259 0.400521 0.434259 0.400000 0.433333
0 0.442969 0.469907 0.081771 0.078704 0.481250 0.430556 0.480729 0.431481 0.480208 0.431481 0.479687 0.432407 0.479167 0.432407 0.478646 0.433333 0.478125 0.433333 0.476562 0.436111 0.476042 0.436111 0.473958 0.439815 0.473438 0.439815 0.470313 0.445370 0.469792 0.445370 0.463542 0.456481 0.463021 0.456481 0.450000 0.479630 0.449479 0.479630 0.447396 0.483333 0.446354 0.483333 0.445833 0.482407 0.445312 0.482407 0.444271 0.480556 0.444271 0.479630 0.443750 0.478704 0.443750 0.475926 0.445312 0.473148 0.445312 0.472222 0.446875 0.469444 0.446875 0.468519 0.448437 0.465741 0.448437 0.464815 0.450000 0.462037 0.450000 0.461111 0.451562 0.458333 0.451562 0.457407 0.453125 0.454630 0.452604 0.454630 0.450000 0.459259 0.450000 0.460185 0.447917 0.463889 0.447917 0.464815 0.446354 0.467593 0.446354 0.468519 0.444271 0.472222 0.444271 0.473148 0.442708 0.475926 0.442708 0.476852 0.441146 0.479630 0.441146 0.480556 0.439063 0.484259 0.439063 0.485185 0.437500 0.487963 0.435417 0.487963 0.434896 0.487037 0.434375 0.487037 0.415625 0.453704 0.415104 0.453704 0.408854 0.442593 0.408333 0.442593 0.406250 0.438889 0.405729 0.438889 0.404687 0.437037 0.404167 0.437037 0.403646 0.436111 0.402083 0.438889 0.402083 0.441667 0.402604 0.442593 0.402604 0.443519 0.407813 0.452778 0.407813 0.453704 0.438542 0.508333 0.439063 0.508333 0.439583 0.509259 0.441667 0.509259 0.443229 0.506481 0.443750 0.506481 0.453646 0.488889 0.454167 0.488889 0.467708 0.464815 0.468229 0.464815 0.478646 0.446296 0.478646 0.445370 0.479167 0.444444 0.479167 0.443519 0.480208 0.441667 0.480208 0.440741 0.481250 0.438889 0.481250 0.437963 0.481771 0.437037 0.481771 0.436111 0.482812 0.434259 0.482812 0.433333 0.483333 0.432407 0.483333 0.431481 0.483854 0.430556
0 0.530469 0.480093 0.078646 0.078704 0.493229 0.440741 0.493229 0.441667 0.492708 0.442593 0.492708 0.444444 0.492188 0.445370 0.492188 0.446296 0.491667 0.447222 0.491667 0.448148 0.491146 0.449074 0.491146 0.450000 0.491667 0.450926 0.491667 0.451852 0.492188 0.452778 0.492188 0.453704 0.513542 0.491667 0.513542 0.492593 0.527083 0.516667 0.527604 0.516667 0.529167 0.519444 0.530729 0.519444 0.531250 0.518519 0.531771 0.518519 0.535937 0.511111 0.536458 0.511111 0.545833 0.494444 0.546354 0.494444 0.555729 0.477778 0.556250 0.477778 0.566146 0.460185 0.566667 0.460185 0.568229 0.457407 0.568229 0.456481 0.569792 0.453704 0.569792 0.441667 0.569271 0.442593 0.568750 0.442593 0.566146 0.447222 0.565625 0.447222 0.561458 0.454630 0.560937 0.454630 0.555208 0.464815 0.554688 0.464815 0.545833 0.480556 0.545312 0.480556 0.541667 0.487037 0.539583 0.487037 0.538021 0.484259 0.538021 0.483333 0.537500 0.482407 0.537500 0.479630 0.538021 0.478704 0.538021 0.474074 0.538542 0.473148 0.538542 0.472222 0.532813 0.482407 0.532292 0.482407 0.531250 0.484259 0.529167 0.484259 0.528125 0.482407 0.527604 0.482407 0.523958 0.475926 0.523438 0.476852 0.523438 0.478704 0.522917 0.479630 0.522917 0.481481 0.522396 0.482407 0.522396 0.483333 0.521875 0.484259 0.521354 0.484259 0.520833 0.485185 0.519792 0.485185 0.519271 0.484259 0.518750 0.484259 0.517188 0.481481 0.516667 0.481481 0.494271 0.441667 0.493750 0.441667
0 0.626563 0.483333 0.082292 0.087037 0.585417 0.439815 0.585417 0.440741 0.585938 0.441667 0.585938 0.447222 0.586458 0.448148 0.586458 0.452778 0.586979 0.453704 0.586979 0.457407 0.587500 0.458333 0.587500 0.459259 0.592187 0.467593 0.592187 0.468519 0.614062 0.507407 0.614062 0.508333 0.623437 0.525000 0.623958 0.525000 0.625000 0.526852 0.626563 0.526852 0.627083 0.525926 0.627604 0.525926 0.629167 0.523148 0.629687 0.523148 0.634896 0.513889 0.635417 0.513889 0.641667 0.502778 0.642188 0.502778 0.648438 0.491667 0.648958 0.491667 0.655208 0.480556 0.655729 0.480556 0.662500 0.468519 0.663021 0.468519 0.667188 0.461111 0.667188 0.460185 0.667708 0.459259 0.667708 0.457407 0.667188 0.456481 0.667188 0.455556 0.666146 0.453704 0.666146 0.452778 0.665104 0.450926 0.665104 0.450000 0.664062 0.448148 0.663542 0.448148 0.662500 0.450000 0.661979 0.450000 0.659896 0.453704 0.659375 0.453704 0.657292 0.457407 0.656771 0.457407 0.653646 0.462963 0.653125 0.462963 0.649479 0.469444 0.648958 0.469444 0.643750 0.478704 0.643229 0.478704 0.636979 0.489815 0.636458 0.489815 0.632812 0.496296 0.632292 0.496296 0.631771 0.497222 0.630208 0.497222 0.628125 0.493519 0.628125 0.491667 0.627604 0.490741 0.627604 0.489815 0.627083 0.488889 0.627083 0.487037 0.625000 0.487037 0.623958 0.485185 0.623437 0.485185 0.616146 0.472222 0.616667 0.473148 0.616667 0.475000 0.617188 0.475926 0.617188 0.477778 0.617708 0.478704 0.617708 0.480556 0.618229 0.481481 0.618229 0.486111 0.616667 0.488889 0.614583 0.488889 0.613542 0.487037 0.613021 0.487037 0.589583 0.445370 0.589063 0.445370 0.585938 0.439815
0 0.715104 0.491667 0.090625 0.096296 0.669792 0.443519 0.669792 0.445370 0.671354 0.448148 0.671354 0.449074 0.672396 0.450926 0.672396 0.451852 0.673958 0.454630 0.673958 0.455556 0.675000 0.457407 0.675000 0.458333 0.676562 0.461111 0.676562 0.462037 0.678125 0.464815 0.678125 0.465741 0.679167 0.467593 0.679167 0.468519 0.680729 0.471296 0.680729 0.472222 0.682292 0.475000 0.682292 0.475926 0.693229 0.495370 0.693229 0.496296 0.708333 0.523148 0.708333 0.524074 0.716146 0.537963 0.716667 0.537963 0.717708 0.539815 0.718750 0.539815 0.719271 0.538889 0.719792 0.538889 0.720833 0.537037 0.721354 0.537037 0.725000 0.530556 0.725521 0.530556 0.730208 0.522222 0.730729 0.522222 0.735417 0.513889 0.735938 0.513889 0.740625 0.505556 0.741146 0.505556 0.745313 0.498148 0.745833 0.498148 0.750521 0.489815 0.751042 0.489815 0.756250 0.480556 0.756771 0.480556 0.759896 0.475000 0.759896 0.474074 0.760417 0.473148 0.760417 0.471296 0.759896 0.470370 0.759896 0.469444 0.759375 0.468519 0.758854 0.468519 0.757292 0.465741 0.752604 0.474074 0.752083 0.474074 0.747396 0.482407 0.746875 0.482407 0.742188 0.490741 0.741667 0.490741 0.736979 0.499074 0.736458 0.499074 0.731771 0.507407 0.731250 0.507407 0.728125 0.512963 0.727604 0.512963 0.726562 0.514815 0.724479 0.514815 0.722917 0.512037 0.722396 0.512037 0.718750 0.505556 0.718750 0.504630 0.705208 0.480556 0.705208 0.479630 0.691667 0.455556 0.691667 0.454630 0.690625 0.452778 0.691146 0.453704 0.691146 0.454630 0.693750 0.459259 0.693750 0.460185 0.696354 0.464815 0.696354 0.465741 0.698958 0.470370 0.698958 0.471296 0.701562 0.475926 0.701562 0.476852 0.704167 0.481481 0.704167 0.482407 0.706771 0.487037 0.706771 0.487963 0.708854 0.491667 0.708854 0.492593 0.709375 0.493519 0.709375 0.494444 0.708854 0.495370 0.708854 0.496296 0.707292 0.499074 0.705208 0.499074 0.704167 0.497222 0.703646 0.497222 0.694792 0.481481 0.694792 0.480556 0.682813 0.459259 0.682292 0.459259 0.677604 0.450926 0.677083 0.450926 0.675521 0.448148 0.675000 0.448148 0.673958 0.446296 0.673438 0.446296 0.672917 0.445370 0.672396 0.445370 0.671875 0.444444 0.670312 0.444444
0 0.328125 0.444907 0.090625 0.069444 0.316667 0.410185 0.286979 0.462963 0.286979 0.463889 0.283333 0.470370 0.283333 0.471296 0.282813 0.472222 0.282813 0.475000 0.284375 0.477778 0.285938 0.477778 0.286458 0.476852 0.286979 0.476852 0.298958 0.455556 0.299479 0.455556 0.300521 0.453704 0.301042 0.453704 0.302083 0.451852 0.302604 0.451852 0.303125 0.450926 0.303646 0.450926 0.304167 0.450000 0.304688 0.450000 0.305729 0.448148 0.306250 0.448148 0.306771 0.447222 0.307292 0.447222 0.307812 0.446296 0.308333 0.446296 0.309375 0.444444 0.309896 0.444444 0.310417 0.443519 0.310937 0.443519 0.311458 0.442593 0.311979 0.442593 0.312500 0.441667 0.313021 0.441667 0.314063 0.439815 0.314583 0.439815 0.315104 0.438889 0.315625 0.438889 0.316146 0.437963 0.316667 0.437963 0.317708 0.436111 0.318229 0.436111 0.318750 0.435185 0.319271 0.435185 0.319792 0.434259 0.320312 0.434259 0.321354 0.432407 0.321875 0.432407 0.322396 0.431481 0.322917 0.431481 0.323437 0.430556 0.323958 0.430556 0.324479 0.429630 0.326042 0.432407 0.326562 0.432407 0.329688 0.437963 0.330208 0.437963 0.337500 0.450926 0.338021 0.450926 0.353646 0.478704 0.354167 0.478704 0.354687 0.479630 0.356771 0.479630 0.357292 0.478704 0.355729 0.478704 0.355208 0.477778 0.354687 0.477778 0.317188 0.411111 0.317188 0.410185
0 0.405469 0.447222 0.088021 0.079630 0.403125 0.407407 0.401562 0.410185 0.401042 0.410185 0.399479 0.412963 0.398958 0.412963 0.396875 0.416667 0.396354 0.416667 0.361979 0.477778 0.361979 0.478704 0.361458 0.479630 0.361458 0.480556 0.361979 0.481481 0.361979 0.482407 0.363021 0.484259 0.363542 0.484259 0.364063 0.485185 0.364583 0.484259 0.365104 0.484259 0.366146 0.482407 0.366667 0.482407 0.369271 0.477778 0.369792 0.477778 0.371875 0.474074 0.372396 0.474074 0.375000 0.469444 0.375521 0.469444 0.377604 0.465741 0.378125 0.465741 0.380729 0.461111 0.381250 0.461111 0.383333 0.457407 0.383854 0.457407 0.394271 0.438889 0.394792 0.438889 0.396875 0.435185 0.397396 0.435185 0.398438 0.433333 0.398958 0.433333 0.399479 0.432407 0.400000 0.432407 0.400521 0.433333 0.402083 0.433333 0.402604 0.434259 0.403125 0.434259 0.404167 0.436111 0.404687 0.436111 0.405729 0.437963 0.406250 0.437963 0.408333 0.441667 0.408854 0.441667 0.415104 0.452778 0.415625 0.452778 0.434375 0.486111 0.434896 0.486111 0.435417 0.487037 0.437500 0.487037 0.438542 0.485185 0.438542 0.484259 0.440625 0.480556 0.440625 0.479630 0.442188 0.476852 0.442188 0.475926 0.443750 0.473148 0.443750 0.472222 0.445833 0.468519 0.445833 0.467593 0.447396 0.464815 0.447396 0.463889 0.449479 0.460185 0.443229 0.471296 0.442708 0.471296 0.442188 0.472222 0.441667 0.472222 0.441146 0.473148 0.440625 0.473148 0.439583 0.471296 0.439063 0.471296 0.403646 0.408333 0.403646 0.407407
0 0.483854 0.438426 0.079167 0.091667 0.485417 0.392593 0.485417 0.393519 0.483854 0.396296 0.483854 0.397222 0.482812 0.399074 0.482812 0.400000 0.481250 0.402778 0.481250 0.403704 0.480208 0.405556 0.480208 0.406481 0.453646 0.453704 0.453646 0.454630 0.452083 0.457407 0.452083 0.458333 0.450521 0.461111 0.450521 0.462037 0.448958 0.464815 0.448958 0.465741 0.447396 0.468519 0.447396 0.469444 0.445833 0.472222 0.445833 0.473148 0.444271 0.475926 0.444271 0.478704 0.444792 0.479630 0.444792 0.480556 0.445312 0.481481 0.445833 0.481481 0.446354 0.482407 0.447396 0.482407 0.449479 0.478704 0.450000 0.478704 0.463021 0.455556 0.463542 0.455556 0.469792 0.444444 0.470313 0.444444 0.473438 0.438889 0.473958 0.438889 0.476042 0.435185 0.476562 0.435185 0.478125 0.432407 0.478646 0.432407 0.479167 0.431481 0.479687 0.431481 0.480208 0.430556 0.480729 0.430556 0.481250 0.429630 0.485417 0.429630 0.485938 0.430556 0.486458 0.430556 0.486979 0.431481 0.487500 0.431481 0.488021 0.432407 0.488542 0.432407 0.490104 0.435185 0.490625 0.435185 0.493750 0.440741 0.494271 0.440741 0.516667 0.480556 0.517188 0.480556 0.518750 0.483333 0.519271 0.483333 0.519792 0.484259 0.520833 0.484259 0.521354 0.483333 0.521875 0.483333 0.521875 0.482407 0.522396 0.481481 0.522396 0.479630 0.522917 0.478704 0.522917 0.476852 0.523438 0.475926 0.523438 0.475000 0.509896 0.450926 0.509896 0.450000 0.491667 0.417593 0.491667 0.416667 0.490625 0.414815 0.490625 0.411111 0.491667 0.409259 0.491667 0.408333 0.492188 0.407407 0.492188 0.406481 0.492708 0.405556 0.492708 0.404630 0.493750 0.402778 0.493750 0.401852 0.493229 0.400926 0.492708 0.400926 0.490104 0.396296 0.489583 0.396296 0.488542 0.394444 0.488021 0.394444 0.486979 0.392593
0 0.577865 0.441204 0.079687 0.093519 0.577083 0.394444 0.576562 0.395370 0.576042 0.395370 0.575521 0.396296 0.575000 0.396296 0.574479 0.397222 0.573958 0.397222 0.572917 0.399074 0.572396 0.399074 0.570833 0.401852 0.570833 0.416667 0.570312 0.417593 0.570312 0.418519 0.563021 0.431481 0.562500 0.431481 0.551562 0.450926 0.551042 0.450926 0.540104 0.470370 0.539583 0.470370 0.539062 0.471296 0.539062 0.473148 0.538542 0.474074 0.538542 0.478704 0.538021 0.479630 0.538021 0.482407 0.538542 0.483333 0.538542 0.484259 0.539583 0.486111 0.541667 0.486111 0.545312 0.479630 0.545833 0.479630 0.554688 0.463889 0.555208 0.463889 0.560937 0.453704 0.561458 0.453704 0.565625 0.446296 0.566146 0.446296 0.568750 0.441667 0.569271 0.441667 0.570833 0.438889 0.571354 0.438889 0.572917 0.436111 0.573438 0.436111 0.573958 0.435185 0.574479 0.435185 0.575000 0.434259 0.575521 0.434259 0.576042 0.433333 0.577083 0.433333 0.577604 0.432407 0.579688 0.432407 0.580208 0.433333 0.581250 0.433333 0.581771 0.434259 0.582292 0.434259 0.583333 0.436111 0.583854 0.436111 0.585417 0.438889 0.585938 0.438889 0.589063 0.444444 0.589583 0.444444 0.613021 0.486111 0.613542 0.486111 0.614583 0.487963 0.616667 0.487963 0.617708 0.486111 0.617708 0.481481 0.617188 0.480556 0.617188 0.478704 0.616667 0.477778 0.616667 0.475926 0.616146 0.475000 0.616146 0.473148 0.615625 0.472222 0.615625 0.471296 0.614062 0.468519 0.614062 0.467593 0.594271 0.432407 0.594271 0.431481 0.587500 0.419444 0.587500 0.418519 0.586979 0.417593 0.586979 0.416667 0.586458 0.415741 0.586458 0.411111 0.585938 0.410185 0.585938 0.406481 0.585417 0.405556 0.585417 0.400926 0.584896 0.400000 0.584896 0.399074 0.583854 0.397222 0.583333 0.397222 0.582812 0.396296 0.582292 0.396296 0.581771 0.395370 0.581250 0.395370 0.580729 0.394444
0 0.668229 0.451852 0.081250 0.092593 0.665104 0.405556 0.664583 0.406481 0.664062 0.406481 0.664062 0.407407 0.665625 0.410185 0.665625 0.411111 0.667708 0.414815 0.667708 0.415741 0.668229 0.416667 0.668229 0.417593 0.667708 0.418519 0.667708 0.419444 0.667188 0.420370 0.667188 0.421296 0.663542 0.427778 0.663021 0.427778 0.656250 0.439815 0.655729 0.439815 0.648438 0.452778 0.647917 0.452778 0.641146 0.464815 0.640625 0.464815 0.633854 0.476852 0.633333 0.476852 0.628646 0.485185 0.628125 0.485185 0.627604 0.486111 0.627604 0.488889 0.628125 0.489815 0.628125 0.490741 0.628646 0.491667 0.628646 0.493519 0.630208 0.496296 0.631771 0.496296 0.632292 0.495370 0.632812 0.495370 0.636458 0.488889 0.636979 0.488889 0.643229 0.477778 0.643750 0.477778 0.648958 0.468519 0.649479 0.468519 0.653125 0.462037 0.653646 0.462037 0.656771 0.456481 0.657292 0.456481 0.659375 0.452778 0.659896 0.452778 0.661979 0.449074 0.662500 0.449074 0.663542 0.447222 0.664062 0.447222 0.665104 0.445370 0.665625 0.445370 0.666146 0.444444 0.667188 0.444444 0.667708 0.443519 0.669271 0.443519 0.669792 0.442593 0.670312 0.443519 0.671875 0.443519 0.672396 0.444444 0.672917 0.444444 0.673438 0.445370 0.673958 0.445370 0.675000 0.447222 0.675521 0.447222 0.677083 0.450000 0.677604 0.450000 0.682292 0.458333 0.682813 0.458333 0.695312 0.480556 0.695312 0.481481 0.703646 0.496296 0.704167 0.496296 0.705208 0.498148 0.707292 0.498148 0.708333 0.496296 0.708333 0.495370 0.708854 0.494444 0.708854 0.493519 0.708333 0.492593 0.708333 0.491667 0.706250 0.487963 0.706250 0.487037 0.703646 0.482407 0.703646 0.481481 0.701042 0.476852 0.701042 0.475926 0.698438 0.471296 0.698438 0.470370 0.695833 0.465741 0.695833 0.464815 0.693229 0.460185 0.693229 0.459259 0.690625 0.454630 0.690625 0.453704 0.687500 0.448148 0.687500 0.447222 0.684896 0.442593 0.684896 0.441667 0.682292 0.437037 0.682292 0.436111 0.679688 0.431481 0.679688 0.430556 0.674479 0.421296 0.674479 0.420370 0.666146 0.405556
0 0.361458 0.435648 0.088542 0.084259 0.401562 0.393519 0.400521 0.395370 0.400000 0.395370 0.398958 0.397222 0.398438 0.397222 0.397396 0.399074 0.396875 0.399074 0.395833 0.400926 0.395313 0.400926 0.393750 0.403704 0.393229 0.403704 0.392188 0.405556 0.391667 0.405556 0.389583 0.409259 0.389062 0.409259 0.372396 0.438889 0.371875 0.438889 0.370833 0.440741 0.370312 0.440741 0.368750 0.443519 0.368229 0.443519 0.367188 0.445370 0.366146 0.445370 0.365625 0.444444 0.365104 0.444444 0.364063 0.442593 0.364063 0.441667 0.363542 0.440741 0.363542 0.438889 0.364063 0.437963 0.364063 0.437037 0.369792 0.426852 0.368750 0.428704 0.368229 0.428704 0.367188 0.430556 0.366667 0.430556 0.365104 0.433333 0.364583 0.433333 0.363542 0.435185 0.363021 0.435185 0.361979 0.437037 0.361458 0.437037 0.360417 0.438889 0.359896 0.438889 0.358333 0.441667 0.357812 0.441667 0.357292 0.442593 0.355729 0.442593 0.355208 0.441667 0.354687 0.441667 0.352604 0.437963 0.352083 0.437963 0.333854 0.405556 0.333333 0.405556 0.329167 0.398148 0.328646 0.398148 0.327604 0.396296 0.327083 0.396296 0.326562 0.397222 0.326042 0.397222 0.325521 0.398148 0.325000 0.398148 0.324479 0.399074 0.323958 0.399074 0.323437 0.400000 0.322917 0.400000 0.322396 0.400926 0.321875 0.400926 0.321354 0.401852 0.320833 0.401852 0.320312 0.402778 0.319792 0.402778 0.319271 0.403704 0.318750 0.403704 0.318229 0.404630 0.317708 0.404630 0.317188 0.405556 0.317188 0.409259 0.317708 0.410185 0.317708 0.411111 0.354687 0.476852 0.355208 0.476852 0.355729 0.477778 0.357812 0.477778 0.359375 0.475000 0.359896 0.475000 0.361979 0.471296 0.362500 0.471296 0.364063 0.468519 0.364583 0.468519 0.366146 0.465741 0.366667 0.465741 0.368750 0.462037 0.369271 0.462037 0.370833 0.459259 0.371354 0.459259 0.373437 0.455556 0.373958 0.455556 0.396354 0.415741 0.396875 0.415741 0.398958 0.412037 0.399479 0.412037 0.401042 0.409259 0.401562 0.409259 0.403125 0.406481 0.402083 0.404630 0.402083 0.400926 0.404167 0.397222 0.404687 0.397222 0.405729 0.395370 0.405208 0.395370 0.404687 0.394444 0.404167 0.394444 0.403646 0.393519
0 0.444010 0.431944 0.082812 0.080556 0.482292 0.391667 0.481771 0.392593 0.480729 0.392593 0.480208 0.393519 0.479687 0.393519 0.478646 0.395370 0.478125 0.395370 0.477083 0.397222 0.476562 0.397222 0.473958 0.401852 0.473438 0.401852 0.469792 0.408333 0.469271 0.408333 0.461979 0.421296 0.461458 0.421296 0.448958 0.443519 0.448437 0.443519 0.447396 0.445370 0.446875 0.445370 0.446354 0.444444 0.445833 0.444444 0.444271 0.441667 0.444271 0.437963 0.444792 0.437037 0.444792 0.436111 0.447396 0.431481 0.447396 0.430556 0.451042 0.424074 0.451042 0.423148 0.454688 0.416667 0.454688 0.415741 0.458333 0.409259 0.458333 0.408333 0.461979 0.401852 0.457813 0.409259 0.457813 0.410185 0.453646 0.417593 0.453646 0.418519 0.450000 0.425000 0.450000 0.425926 0.445833 0.433333 0.445833 0.434259 0.441667 0.441667 0.441667 0.442593 0.439583 0.446296 0.439063 0.446296 0.438542 0.447222 0.437500 0.447222 0.436979 0.446296 0.436458 0.446296 0.434896 0.443519 0.434375 0.443519 0.412500 0.404630 0.411979 0.404630 0.408854 0.399074 0.408333 0.399074 0.406771 0.396296 0.405729 0.396296 0.404687 0.398148 0.404167 0.398148 0.402604 0.400926 0.402604 0.404630 0.404167 0.407407 0.404167 0.408333 0.439063 0.470370 0.439583 0.470370 0.440625 0.472222 0.441146 0.472222 0.441667 0.471296 0.442188 0.471296 0.442708 0.470370 0.443229 0.470370 0.452604 0.453704 0.453125 0.453704 0.479687 0.406481 0.479687 0.405556 0.480729 0.403704 0.480729 0.402778 0.482292 0.400000 0.482292 0.399074 0.483333 0.397222 0.483333 0.396296 0.484896 0.393519 0.484896 0.392593 0.485417 0.391667
0 0.530729 0.442593 0.079167 0.081481 0.570312 0.401852 0.567708 0.406481 0.567187 0.406481 0.564063 0.412037 0.563542 0.412037 0.557813 0.422222 0.557292 0.422222 0.548438 0.437963 0.547917 0.437963 0.542708 0.447222 0.542188 0.447222 0.541667 0.448148 0.540104 0.448148 0.538021 0.444444 0.538021 0.439815 0.538542 0.438889 0.538542 0.437963 0.535417 0.443519 0.534896 0.443519 0.531771 0.449074 0.531250 0.449074 0.530729 0.450000 0.529167 0.450000 0.527604 0.447222 0.527083 0.447222 0.523438 0.440741 0.523438 0.442593 0.522917 0.443519 0.522917 0.444444 0.521875 0.446296 0.519792 0.446296 0.519271 0.445370 0.518750 0.445370 0.499479 0.411111 0.498958 0.411111 0.494271 0.402778 0.493229 0.404630 0.493229 0.405556 0.492708 0.406481 0.492708 0.407407 0.492188 0.408333 0.492188 0.409259 0.491146 0.411111 0.491146 0.414815 0.492188 0.416667 0.492188 0.417593 0.510417 0.450000 0.510417 0.450926 0.527604 0.481481 0.528125 0.481481 0.529167 0.483333 0.531250 0.483333 0.532292 0.481481 0.532813 0.481481 0.539583 0.469444 0.540104 0.469444 0.551042 0.450000 0.551562 0.450000 0.562500 0.430556 0.563021 0.430556 0.569792 0.418519 0.569792 0.417593 0.570312 0.416667
0 0.626563 0.443056 0.082292 0.086111 0.585417 0.400000 0.585938 0.400926 0.585938 0.405556 0.586458 0.406481 0.586458 0.410185 0.586979 0.411111 0.586979 0.415741 0.587500 0.416667 0.587500 0.417593 0.588021 0.418519 0.588021 0.419444 0.594792 0.431481 0.594792 0.432407 0.614583 0.467593 0.614583 0.468519 0.623437 0.484259 0.623958 0.484259 0.625000 0.486111 0.627083 0.486111 0.628125 0.484259 0.628646 0.484259 0.633333 0.475926 0.633854 0.475926 0.640625 0.463889 0.641146 0.463889 0.647917 0.451852 0.648438 0.451852 0.655729 0.438889 0.656250 0.438889 0.663021 0.426852 0.663542 0.426852 0.666667 0.421296 0.666667 0.420370 0.667188 0.419444 0.667188 0.418519 0.667708 0.417593 0.667708 0.416667 0.667188 0.415741 0.667188 0.414815 0.665104 0.411111 0.665104 0.410185 0.663542 0.407407 0.663021 0.408333 0.662500 0.408333 0.660937 0.411111 0.660417 0.411111 0.658333 0.414815 0.657813 0.414815 0.655208 0.419444 0.654687 0.419444 0.651042 0.425926 0.650521 0.425926 0.645312 0.435185 0.644792 0.435185 0.638542 0.446296 0.638021 0.446296 0.632812 0.455556 0.632292 0.455556 0.631771 0.456481 0.630208 0.456481 0.629687 0.455556 0.629167 0.455556 0.628646 0.454630 0.628646 0.453704 0.628125 0.452778 0.628125 0.451852 0.627604 0.450926 0.627604 0.450000 0.627083 0.449074 0.626042 0.449074 0.625521 0.448148 0.625000 0.448148 0.616146 0.432407 0.616667 0.433333 0.616667 0.434259 0.617188 0.435185 0.617188 0.437037 0.617708 0.437963 0.617708 0.439815 0.618229 0.440741 0.618229 0.442593 0.618750 0.443519 0.618750 0.446296 0.618229 0.447222 0.618229 0.448148 0.617708 0.449074 0.617188 0.449074 0.616667 0.450000 0.615104 0.450000 0.614062 0.448148 0.613542 0.448148 0.589063 0.404630 0.588542 0.404630 0.585938 0.400000
0 0.717708 0.451852 0.100000 0.124074 0.724479 0.389815 0.722917 0.392593 0.722396 0.392593 0.716667 0.402778 0.716146 0.402778 0.711458 0.411111 0.710938 0.411111 0.706771 0.418519 0.706250 0.418519 0.703646 0.423148 0.703125 0.423148 0.701042 0.426852 0.700521 0.426852 0.698958 0.429630 0.698438 0.429630 0.697917 0.430556 0.697396 0.430556 0.706250 0.446296 0.706250 0.447222 0.708333 0.450926 0.708333 0.455556 0.707292 0.457407 0.706771 0.457407 0.706250 0.458333 0.705208 0.458333 0.704688 0.457407 0.704167 0.457407 0.703125 0.455556 0.702604 0.455556 0.696354 0.444444 0.696354 0.443519 0.680729 0.415741 0.680208 0.415741 0.676562 0.409259 0.676042 0.409259 0.674479 0.406481 0.673958 0.406481 0.672917 0.404630 0.671875 0.404630 0.671354 0.403704 0.667708 0.403704 0.668750 0.405556 0.668750 0.406481 0.671354 0.411111 0.671354 0.412037 0.673958 0.416667 0.673958 0.417593 0.676562 0.422222 0.676562 0.423148 0.679688 0.428704 0.679688 0.429630 0.682292 0.434259 0.682292 0.435185 0.684896 0.439815 0.684896 0.440741 0.687500 0.445370 0.687500 0.446296 0.692187 0.454630 0.692187 0.455556 0.705729 0.479630 0.705729 0.480556 0.719271 0.504630 0.719271 0.505556 0.722396 0.511111 0.722917 0.511111 0.724479 0.513889 0.726562 0.513889 0.727604 0.512037 0.728125 0.512037 0.731250 0.506481 0.731771 0.506481 0.736458 0.498148 0.736979 0.498148 0.741667 0.489815 0.742188 0.489815 0.746875 0.481481 0.747396 0.481481 0.752083 0.473148 0.752604 0.473148 0.757812 0.463889 0.758333 0.463889 0.763021 0.455556 0.763542 0.455556 0.767708 0.448148 0.767708 0.443519 0.766667 0.441667 0.766146 0.441667 0.764583 0.438889 0.764062 0.438889 0.763021 0.437037 0.762500 0.437037 0.760938 0.434259 0.760417 0.434259 0.759375 0.432407 0.758854 0.432407 0.757292 0.429630 0.756771 0.429630 0.755729 0.427778 0.755208 0.427778 0.753646 0.425000 0.753125 0.425000 0.752083 0.423148 0.751563 0.423148 0.750000 0.420370 0.749479 0.420370 0.748437 0.418519 0.747917 0.418519 0.746354 0.415741 0.745833 0.415741 0.744792 0.413889 0.744271 0.413889 0.742708 0.411111 0.742188 0.411111 0.741146 0.409259 0.740625 0.409259 0.739062 0.406481 0.738542 0.406481 0.737500 0.404630 0.736979 0.404630 0.735938 0.402778 0.735417 0.402778 0.733854 0.400000 0.733333 0.400000 0.732292 0.398148 0.731771 0.398148 0.730208 0.395370 0.729688 0.395370 0.728646 0.393519 0.728125 0.393519 0.726562 0.390741 0.726042 0.390741 0.725521 0.389815
0 0.327344 0.405093 0.088021 0.073148 0.320312 0.368519 0.319792 0.369444 0.319271 0.369444 0.318750 0.370370 0.318229 0.370370 0.300521 0.401852 0.300521 0.402778 0.285417 0.429630 0.285417 0.430556 0.283854 0.433333 0.283854 0.434259 0.283333 0.435185 0.283333 0.436111 0.283854 0.437037 0.283854 0.437963 0.284896 0.439815 0.286979 0.439815 0.287500 0.438889 0.288021 0.438889 0.288542 0.437963 0.289062 0.437963 0.289583 0.437037 0.290104 0.437037 0.290625 0.436111 0.290625 0.435185 0.297396 0.423148 0.297917 0.423148 0.298438 0.422222 0.298958 0.422222 0.299479 0.421296 0.300000 0.421296 0.300521 0.420370 0.301042 0.420370 0.301563 0.419444 0.302083 0.419444 0.302604 0.418519 0.303125 0.418519 0.303646 0.417593 0.304167 0.417593 0.304688 0.416667 0.305208 0.416667 0.305729 0.415741 0.306250 0.415741 0.306771 0.414815 0.307292 0.414815 0.307812 0.413889 0.308333 0.413889 0.308854 0.412963 0.309375 0.412963 0.309896 0.412037 0.310417 0.412037 0.310937 0.411111 0.311458 0.411111 0.311979 0.410185 0.312500 0.410185 0.313021 0.409259 0.313542 0.409259 0.314063 0.408333 0.314583 0.408333 0.315104 0.407407 0.315625 0.407407 0.316146 0.406481 0.316667 0.406481 0.316667 0.405556 0.317708 0.403704 0.318229 0.403704 0.318750 0.402778 0.319271 0.402778 0.319792 0.401852 0.320312 0.401852 0.320833 0.400926 0.321354 0.400926 0.321875 0.400000 0.322396 0.400000 0.322917 0.399074 0.323437 0.399074 0.323958 0.398148 0.324479 0.398148 0.325000 0.397222 0.325521 0.397222 0.326042 0.396296 0.326562 0.396296 0.327083 0.395370 0.327604 0.395370 0.328646 0.397222 0.329167 0.397222 0.333333 0.404630 0.333854 0.404630 0.352083 0.437037 0.352604 0.437037 0.354687 0.440741 0.355208 0.440741 0.355729 0.441667 0.357292 0.441667 0.357812 0.440741 0.358333 0.440741 0.359896 0.437963 0.360417 0.437963 0.361458 0.436111 0.361979 0.436111 0.363021 0.434259 0.363542 0.434259 0.364583 0.432407 0.365104 0.432407 0.366667 0.429630 0.367188 0.429630 0.368229 0.427778 0.368750 0.427778 0.369792 0.425926 0.370312 0.425926 0.371354 0.424074 0.370312 0.425926 0.369792 0.425926 0.368750 0.427778 0.368229 0.427778 0.367188 0.429630 0.366667 0.429630 0.365625 0.431481 0.365104 0.431481 0.364063 0.433333 0.363542 0.433333 0.362500 0.435185 0.361979 0.435185 0.361458 0.436111 0.360938 0.436111 0.360417 0.437037 0.359896 0.436111 0.359375 0.436111 0.358854 0.435185 0.358333 0.435185 0.321875 0.370370 0.321875 0.369444 0.321354 0.368519
0 0.410677 0.408796 0.093229 0.075000 0.402604 0.371296 0.402083 0.372222 0.401562 0.372222 0.400521 0.374074 0.400000 0.374074 0.364583 0.437037 0.364583 0.437963 0.364063 0.438889 0.364063 0.440741 0.364583 0.441667 0.364583 0.442593 0.365104 0.443519 0.365625 0.443519 0.366146 0.444444 0.367188 0.444444 0.368229 0.442593 0.368750 0.442593 0.370312 0.439815 0.370833 0.439815 0.371875 0.437963 0.372396 0.437963 0.389062 0.408333 0.389583 0.408333 0.391667 0.404630 0.392188 0.404630 0.393229 0.402778 0.393750 0.402778 0.395313 0.400000 0.395833 0.400000 0.396875 0.398148 0.397396 0.398148 0.398438 0.396296 0.398958 0.396296 0.400000 0.394444 0.400521 0.394444 0.401562 0.392593 0.403646 0.392593 0.404167 0.393519 0.404687 0.393519 0.405208 0.394444 0.405729 0.394444 0.406250 0.395370 0.406771 0.395370 0.408333 0.398148 0.408854 0.398148 0.411979 0.403704 0.412500 0.403704 0.434375 0.442593 0.434896 0.442593 0.436458 0.445370 0.436979 0.445370 0.437500 0.446296 0.438542 0.446296 0.439063 0.445370 0.439583 0.445370 0.441146 0.442593 0.441146 0.441667 0.445312 0.434259 0.445312 0.433333 0.449479 0.425926 0.449479 0.425000 0.453125 0.418519 0.453125 0.417593 0.457292 0.410185 0.451042 0.421296 0.450521 0.421296 0.442708 0.435185 0.442188 0.435185 0.441667 0.436111 0.441146 0.436111 0.440625 0.437037 0.440104 0.436111 0.439583 0.436111 0.438542 0.434259 0.438021 0.434259 0.413021 0.389815 0.413021 0.388889 0.403125 0.371296
0 0.483854 0.390278 0.078125 0.110185 0.499479 0.335185 0.498958 0.336111 0.498437 0.336111 0.480208 0.368519 0.480208 0.369444 0.462500 0.400926 0.462500 0.401852 0.458854 0.408333 0.458854 0.409259 0.455208 0.415741 0.455208 0.416667 0.451562 0.423148 0.451562 0.424074 0.447917 0.430556 0.447917 0.431481 0.445312 0.436111 0.445312 0.437037 0.444792 0.437963 0.444792 0.441667 0.445833 0.443519 0.446354 0.443519 0.446875 0.444444 0.447396 0.444444 0.448437 0.442593 0.448958 0.442593 0.461458 0.420370 0.461979 0.420370 0.469271 0.407407 0.469792 0.407407 0.473438 0.400926 0.473958 0.400926 0.476562 0.396296 0.477083 0.396296 0.478125 0.394444 0.478646 0.394444 0.479687 0.392593 0.480208 0.392593 0.480729 0.391667 0.481771 0.391667 0.482292 0.390741 0.485417 0.390741 0.485938 0.391667 0.486979 0.391667 0.488021 0.393519 0.488542 0.393519 0.489583 0.395370 0.490104 0.395370 0.492708 0.400000 0.493229 0.400000 0.498958 0.410185 0.499479 0.410185 0.518750 0.444444 0.519271 0.444444 0.519792 0.445370 0.521875 0.445370 0.522396 0.444444 0.522396 0.443519 0.522917 0.442593 0.522917 0.439815 0.515104 0.425926 0.515104 0.425000 0.491667 0.383333 0.491667 0.382407 0.490104 0.379630 0.490104 0.378704 0.489583 0.377778 0.489583 0.376852 0.490104 0.375926 0.490104 0.375000 0.490625 0.374074 0.490625 0.373148 0.492188 0.370370 0.492188 0.369444 0.493229 0.367593 0.493229 0.366667 0.494271 0.364815 0.494271 0.363889 0.495312 0.362037 0.495312 0.361111 0.496875 0.358333 0.496875 0.357407 0.497917 0.355556 0.497917 0.354630 0.498958 0.352778 0.498958 0.351852 0.500000 0.350000 0.500000 0.349074 0.501563 0.346296 0.501563 0.345370 0.502604 0.343519 0.502604 0.342593 0.503646 0.340741 0.503646 0.339815 0.501042 0.335185
0 0.578385 0.392593 0.079687 0.112963 0.575000 0.336111 0.570312 0.344444 0.570312 0.353704 0.570833 0.354630 0.570833 0.366667 0.571354 0.367593 0.571354 0.380556 0.570833 0.381481 0.570833 0.382407 0.560937 0.400000 0.560417 0.400000 0.547396 0.423148 0.546875 0.423148 0.539062 0.437037 0.539062 0.438889 0.538542 0.439815 0.538542 0.444444 0.540104 0.447222 0.541667 0.447222 0.542188 0.446296 0.542708 0.446296 0.547917 0.437037 0.548438 0.437037 0.557292 0.421296 0.557813 0.421296 0.563542 0.411111 0.564063 0.411111 0.567187 0.405556 0.567708 0.405556 0.570312 0.400926 0.570833 0.400926 0.572396 0.398148 0.572917 0.398148 0.573958 0.396296 0.574479 0.396296 0.575000 0.395370 0.575521 0.395370 0.576042 0.394444 0.576562 0.394444 0.577083 0.393519 0.580729 0.393519 0.581250 0.394444 0.581771 0.394444 0.582292 0.395370 0.582812 0.395370 0.583333 0.396296 0.583854 0.396296 0.585417 0.399074 0.585938 0.399074 0.588542 0.403704 0.589063 0.403704 0.613542 0.447222 0.614062 0.447222 0.615104 0.449074 0.616667 0.449074 0.617188 0.448148 0.617708 0.448148 0.617708 0.447222 0.618229 0.446296 0.618229 0.443519 0.617708 0.442593 0.617708 0.440741 0.617188 0.439815 0.617188 0.437963 0.616667 0.437037 0.616667 0.435185 0.616146 0.434259 0.616146 0.433333 0.615625 0.432407 0.615625 0.431481 0.608333 0.418519 0.608333 0.417593 0.591146 0.387037 0.591146 0.386111 0.587500 0.379630 0.587500 0.378704 0.586979 0.377778 0.586979 0.374074 0.586458 0.373148 0.586458 0.369444 0.585938 0.368519 0.585938 0.365741 0.585417 0.364815 0.585417 0.361111 0.584896 0.360185 0.584896 0.357407 0.584375 0.356481 0.584375 0.352778 0.583854 0.351852 0.583854 0.348148 0.583333 0.347222 0.583333 0.346296 0.578125 0.337037 0.577604 0.337037 0.577083 0.336111
0 0.667708 0.417130 0.080208 0.080556 0.668229 0.376852 0.668750 0.377778 0.668750 0.379630 0.667708 0.381481 0.667708 0.382407 0.663542 0.389815 0.663021 0.389815 0.655208 0.403704 0.654687 0.403704 0.647396 0.416667 0.646875 0.416667 0.639062 0.430556 0.638542 0.430556 0.631771 0.442593 0.631250 0.442593 0.628646 0.447222 0.628125 0.447222 0.627604 0.448148 0.627604 0.449074 0.628125 0.450000 0.628125 0.450926 0.628646 0.451852 0.628646 0.452778 0.629167 0.453704 0.629167 0.454630 0.629687 0.454630 0.630208 0.455556 0.631771 0.455556 0.632292 0.454630 0.632812 0.454630 0.638021 0.445370 0.638542 0.445370 0.644792 0.434259 0.645312 0.434259 0.650521 0.425000 0.651042 0.425000 0.654687 0.418519 0.655208 0.418519 0.657813 0.413889 0.658333 0.413889 0.660417 0.410185 0.660937 0.410185 0.662500 0.407407 0.663021 0.407407 0.664062 0.405556 0.664583 0.405556 0.665104 0.404630 0.665625 0.404630 0.666146 0.403704 0.666667 0.403704 0.667188 0.402778 0.671354 0.402778 0.671875 0.403704 0.672917 0.403704 0.673958 0.405556 0.674479 0.405556 0.676042 0.408333 0.676562 0.408333 0.680208 0.414815 0.680729 0.414815 0.696875 0.443519 0.696875 0.444444 0.702604 0.454630 0.703125 0.454630 0.704167 0.456481 0.704688 0.456481 0.705208 0.457407 0.706250 0.457407 0.706771 0.456481 0.707292 0.456481 0.707812 0.455556 0.707812 0.450926 0.705729 0.447222 0.705729 0.446296 0.694792 0.426852 0.694792 0.425926 0.682292 0.403704 0.682292 0.402778 0.668750 0.378704 0.668750 0.377778