0 0.277604 0.548611 0.080208 0.084259 0.301042 0.506481 0.295312 0.516667 0.294792 0.516667 0.289062 0.526852 0.288542 0.526852 0.282813 0.537037 0.282292 0.537037 0.277083 0.546296 0.276562 0.546296 0.271354 0.555556 0.270833 0.555556 0.270313 0.556481 0.268229 0.556481 0.264062 0.549074 0.263542 0.549074 0.252604 0.529630 0.252083 0.529630 0.243750 0.514815 0.242708 0.516667 0.242188 0.516667 0.239583 0.521296 0.239063 0.521296 0.237500 0.524074 0.237500 0.529630 0.240625 0.535185 0.241146 0.535185 0.241667 0.536111 0.241667 0.537037 0.243750 0.540741 0.244271 0.540741 0.250521 0.551852 0.251042 0.551852 0.257292 0.562963 0.257812 0.562963 0.264583 0.575000 0.265104 0.575000 0.270833 0.585185 0.271354 0.585185 0.274479 0.590741 0.281250 0.590741 0.313542 0.533333 0.313542 0.532407 0.315625 0.528704 0.315625 0.527778 0.317708 0.524074 0.317708 0.521296 0.316667 0.519444 0.316667 0.518519 0.316146 0.517593 0.316146 0.516667 0.315625 0.515741 0.315625 0.511111 0.315104 0.511111 0.314583 0.510185 0.310937 0.510185 0.310417 0.511111 0.309896 0.511111 0.309375 0.512037 0.308854 0.512037 0.307812 0.513889 0.307292 0.513889 0.306250 0.515741 0.305729 0.515741 0.304167 0.518519 0.303646 0.518519 0.300000 0.525000 0.299479 0.525000 0.286458 0.548148 0.285938 0.548148 0.278125 0.562037 0.276042 0.562037 0.274479 0.559259 0.274479 0.555556 0.301042 0.508333
0 0.275781 0.511574 0.093229 0.089815 0.316146 0.466667 0.315104 0.468519 0.314583 0.468519 0.311979 0.473148 0.311458 0.473148 0.308333 0.478704 0.307812 0.478704 0.304688 0.484259 0.304167 0.484259 0.301042 0.489815 0.300521 0.489815 0.296875 0.496296 0.296354 0.496296 0.293229 0.501852 0.292708 0.501852 0.289583 0.507407 0.289062 0.507407 0.285938 0.512963 0.285417 0.512963 0.282292 0.518519 0.280208 0.518519 0.278646 0.515741 0.278646 0.514815 0.278125 0.513889 0.278125 0.512037 0.279167 0.510185 0.279167 0.509259 0.283854 0.500926 0.281250 0.505556 0.280729 0.505556 0.278646 0.509259 0.278125 0.509259 0.275521 0.513889 0.275000 0.513889 0.272396 0.518519 0.271875 0.518519 0.269792 0.522222 0.269271 0.522222 0.266667 0.526852 0.266146 0.526852 0.264062 0.530556 0.263542 0.530556 0.263021 0.531481 0.262500 0.531481 0.261979 0.532407 0.261458 0.532407 0.260417 0.530556 0.259896 0.530556 0.257292 0.525926 0.256771 0.525926 0.246875 0.508333 0.246354 0.508333 0.235417 0.488889 0.234896 0.488889 0.231771 0.483333 0.231250 0.483333 0.230208 0.485185 0.229687 0.485185 0.229687 0.486111 0.229167 0.487037 0.229167 0.488889 0.229687 0.489815 0.229687 0.490741 0.240104 0.509259 0.240625 0.509259 0.251563 0.528704 0.252083 0.528704 0.263021 0.548148 0.263542 0.548148 0.267708 0.555556 0.268229 0.555556 0.268750 0.556481 0.270313 0.556481 0.271354 0.554630 0.271875 0.554630 0.277083 0.545370 0.277604 0.545370 0.282813 0.536111 0.283333 0.536111 0.289062 0.525926 0.289583 0.525926 0.295312 0.515741 0.295833 0.515741 0.301042 0.506481 0.301563 0.506481 0.309896 0.491667 0.310417 0.491667 0.316667 0.480556 0.317188 0.480556 0.322396 0.471296 0.321354 0.469444 0.320833 0.469444 0.320312 0.468519 0.319792 0.468519 0.319271 0.467593 0.318750 0.467593 0.318229 0.466667
0 0.271354 0.481481 0.101042 0.100000 0.316667 0.431481 0.315104 0.434259 0.314583 0.434259 0.312500 0.437963 0.311979 0.437963 0.310417 0.440741 0.309896 0.440741 0.308333 0.443519 0.307812 0.443519 0.306250 0.446296 0.305729 0.446296 0.304167 0.449074 0.303646 0.449074 0.302083 0.451852 0.301563 0.451852 0.300000 0.454630 0.299479 0.454630 0.297917 0.457407 0.297396 0.457407 0.295312 0.461111 0.294792 0.461111 0.288021 0.473148 0.287500 0.473148 0.285417 0.476852 0.284896 0.476852 0.283333 0.479630 0.282813 0.479630 0.281250 0.482407 0.280729 0.482407 0.280208 0.483333 0.279167 0.483333 0.278646 0.482407 0.278125 0.482407 0.277083 0.480556 0.277083 0.479630 0.276562 0.478704 0.276042 0.478704 0.275000 0.480556 0.274479 0.480556 0.272917 0.483333 0.272396 0.483333 0.270833 0.486111 0.270313 0.486111 0.268750 0.488889 0.268229 0.488889 0.266667 0.491667 0.266146 0.491667 0.265104 0.493519 0.264583 0.493519 0.263021 0.496296 0.262500 0.496296 0.260937 0.499074 0.259896 0.499074 0.259375 0.500000 0.258854 0.499074 0.258333 0.499074 0.257292 0.497222 0.256771 0.497222 0.251042 0.487037 0.250521 0.487037 0.240625 0.469444 0.240104 0.469444 0.230729 0.452778 0.230208 0.452778 0.229167 0.450926 0.228646 0.451852 0.228125 0.451852 0.227604 0.452778 0.227083 0.452778 0.226562 0.453704 0.226042 0.453704 0.225521 0.454630 0.225000 0.454630 0.223958 0.456481 0.223438 0.456481 0.222917 0.457407 0.222396 0.457407 0.221875 0.458333 0.221354 0.458333 0.221354 0.459259 0.220833 0.460185 0.220833 0.462037 0.221354 0.462963 0.221354 0.463889 0.234896 0.487963 0.235417 0.487963 0.246354 0.507407 0.246875 0.507407 0.256771 0.525000 0.257292 0.525000 0.259896 0.529630 0.260417 0.529630 0.261458 0.531481 0.261979 0.531481 0.262500 0.530556 0.263021 0.530556 0.263542 0.529630 0.264062 0.529630 0.266146 0.525926 0.266667 0.525926 0.269271 0.521296 0.269792 0.521296 0.271875 0.517593 0.272396 0.517593 0.275000 0.512963 0.275521 0.512963 0.278125 0.508333 0.278646 0.508333 0.280729 0.504630 0.281250 0.504630 0.283854 0.500000 0.284375 0.500000 0.314063 0.447222 0.314583 0.447222 0.316667 0.443519 0.317188 0.443519 0.317708 0.442593 0.317708 0.441667 0.319271 0.438889 0.319792 0.438889 0.321354 0.436111 0.321875 0.436111 0.320833 0.434259 0.320312 0.434259 0.319271 0.432407 0.318750 0.432407 0.318229 0.431481
0 0.270573 0.447222 0.103646 0.103704 0.320312 0.395370 0.319271 0.397222 0.318750 0.397222 0.317708 0.399074 0.317188 0.399074 0.316146 0.400926 0.315625 0.400926 0.315104 0.401852 0.314583 0.401852 0.313542 0.403704 0.313021 0.403704 0.311979 0.405556 0.311458 0.405556 0.310417 0.407407 0.309896 0.407407 0.308854 0.409259 0.308333 0.409259 0.307292 0.411111 0.306771 0.411111 0.305729 0.412963 0.305208 0.412963 0.304167 0.414815 0.303646 0.414815 0.302604 0.416667 0.302083 0.416667 0.301042 0.418519 0.300521 0.418519 0.300000 0.419444 0.299479 0.419444 0.298438 0.421296 0.297917 0.421296 0.296875 0.423148 0.296354 0.423148 0.295312 0.425000 0.294792 0.425000 0.293750 0.426852 0.293229 0.426852 0.286979 0.437963 0.286458 0.437963 0.285417 0.439815 0.284896 0.439815 0.283854 0.441667 0.283333 0.441667 0.282292 0.443519 0.281771 0.443519 0.281250 0.444444 0.280729 0.444444 0.280208 0.445370 0.279687 0.444444 0.279167 0.444444 0.278646 0.443519 0.278125 0.444444 0.277604 0.444444 0.276562 0.446296 0.276042 0.446296 0.275000 0.448148 0.274479 0.448148 0.273438 0.450000 0.272917 0.450000 0.271875 0.451852 0.271354 0.451852 0.270313 0.453704 0.269792 0.453704 0.268750 0.455556 0.268229 0.455556 0.267188 0.457407 0.266667 0.457407 0.266146 0.458333 0.265625 0.458333 0.264583 0.460185 0.264062 0.460185 0.263021 0.462037 0.262500 0.462037 0.261458 0.463889 0.260937 0.463889 0.259896 0.465741 0.259375 0.465741 0.258333 0.467593 0.257812 0.467593 0.256771 0.469444 0.256250 0.469444 0.255208 0.471296 0.254688 0.471296 0.253646 0.473148 0.253125 0.473148 0.252604 0.474074 0.251563 0.474074 0.251042 0.473148 0.250521 0.473148 0.247917 0.468519 0.247396 0.468519 0.240104 0.455556 0.239583 0.455556 0.231771 0.441667 0.231250 0.441667 0.222917 0.426852 0.222396 0.426852 0.221354 0.425000 0.220833 0.425000 0.220312 0.425926 0.219792 0.425926 0.218750 0.427778 0.218750 0.430556 0.219271 0.431481 0.219271 0.432407 0.230208 0.451852 0.230729 0.451852 0.240104 0.468519 0.240625 0.468519 0.250521 0.486111 0.251042 0.486111 0.256771 0.496296 0.257292 0.496296 0.258333 0.498148 0.258854 0.498148 0.259375 0.499074 0.259896 0.498148 0.260937 0.498148 0.262500 0.495370 0.263021 0.495370 0.264583 0.492593 0.265104 0.492593 0.266146 0.490741 0.266667 0.490741 0.268229 0.487963 0.268750 0.487963 0.270313 0.485185 0.270833 0.485185 0.272396 0.482407 0.272917 0.482407 0.274479 0.479630 0.275000 0.479630 0.276042 0.477778 0.276562 0.477778 0.276562 0.476852 0.277083 0.475926 0.277083 0.475000 0.295833 0.441667 0.295833 0.440741 0.311979 0.412037 0.312500 0.412037 0.313542 0.410185 0.313542 0.409259 0.316146 0.404630 0.316667 0.404630 0.317708 0.402778 0.318229 0.402778 0.318750 0.401852 0.319271 0.401852 0.320312 0.400000 0.320833 0.400000 0.321875 0.398148 0.322396 0.398148 0.322396 0.397222 0.321875 0.396296 0.321354 0.396296 0.320833 0.395370
0 0.263281 0.415278 0.105729 0.115741 0.269271 0.357407 0.268750 0.358333 0.267708 0.358333 0.267188 0.359259 0.266667 0.359259 0.266146 0.360185 0.265104 0.360185 0.264583 0.361111 0.264062 0.361111 0.263542 0.362037 0.263021 0.362037 0.262500 0.362963 0.261458 0.362963 0.260937 0.363889 0.260417 0.363889 0.259896 0.364815 0.258854 0.364815 0.258333 0.365741 0.257812 0.365741 0.257292 0.366667 0.256250 0.366667 0.255729 0.367593 0.255208 0.367593 0.254688 0.368519 0.254167 0.368519 0.253646 0.369444 0.252604 0.369444 0.252083 0.370370 0.251563 0.370370 0.251042 0.371296 0.250000 0.371296 0.249479 0.372222 0.248958 0.372222 0.248438 0.373148 0.247917 0.373148 0.247396 0.374074 0.246354 0.374074 0.245833 0.375000 0.245312 0.375000 0.244792 0.375926 0.243750 0.375926 0.243229 0.376852 0.242708 0.376852 0.242188 0.377778 0.241146 0.377778 0.240625 0.378704 0.240104 0.378704 0.239583 0.379630 0.239063 0.379630 0.238542 0.380556 0.237500 0.380556 0.236979 0.381481 0.236458 0.381481 0.235937 0.382407 0.234896 0.382407 0.234375 0.383333 0.233854 0.383333 0.233333 0.384259 0.232813 0.384259 0.232292 0.385185 0.231250 0.385185 0.230729 0.386111 0.230208 0.386111 0.229687 0.387037 0.228646 0.387037 0.228125 0.387963 0.227604 0.387963 0.227083 0.388889 0.226042 0.388889 0.225521 0.389815 0.225000 0.389815 0.224479 0.390741 0.223958 0.390741 0.223438 0.391667 0.222396 0.391667 0.221875 0.392593 0.221354 0.392593 0.220833 0.393519 0.219792 0.393519 0.219271 0.394444 0.218750 0.394444 0.218229 0.395370 0.217708 0.395370 0.217188 0.396296 0.216146 0.396296 0.215625 0.397222 0.215104 0.397222 0.214583 0.398148 0.213542 0.398148 0.213021 0.399074 0.212500 0.399074 0.211979 0.400000 0.211458 0.400000 0.210417 0.401852 0.210417 0.403704 0.210938 0.404630 0.210938 0.405556 0.212500 0.408333 0.212500 0.409259 0.213542 0.411111 0.214062 0.411111 0.222396 0.425926 0.222917 0.425926 0.231250 0.440741 0.231771 0.440741 0.239583 0.454630 0.240104 0.454630 0.247396 0.467593 0.247917 0.467593 0.250521 0.472222 0.251042 0.472222 0.251563 0.473148 0.252604 0.473148 0.253125 0.472222 0.253646 0.472222 0.254688 0.470370 0.255208 0.470370 0.256250 0.468519 0.256771 0.468519 0.257812 0.466667 0.258333 0.466667 0.259375 0.464815 0.259896 0.464815 0.260937 0.462963 0.261458 0.462963 0.262500 0.461111 0.263021 0.461111 0.264062 0.459259 0.264583 0.459259 0.265625 0.457407 0.266146 0.457407 0.266667 0.456481 0.267188 0.456481 0.268229 0.454630 0.268750 0.454630 0.269792 0.452778 0.270313 0.452778 0.271354 0.450926 0.271875 0.450926 0.272917 0.449074 0.273438 0.449074 0.274479 0.447222 0.275000 0.447222 0.276042 0.445370 0.276562 0.445370 0.277604 0.443519 0.278125 0.443519 0.278125 0.442593 0.277083 0.440741 0.277083 0.437963 0.278646 0.435185 0.278646 0.434259 0.297396 0.400926 0.297396 0.400000 0.312500 0.373148 0.311979 0.374074 0.311458 0.374074 0.310937 0.375000 0.310417 0.375000 0.309375 0.376852 0.308854 0.376852 0.308333 0.377778 0.307812 0.377778 0.307292 0.378704 0.306771 0.378704 0.306250 0.379630 0.305729 0.379630 0.304688 0.381481 0.304167 0.381481 0.303646 0.382407 0.303125 0.382407 0.302604 0.383333 0.302083 0.383333 0.301042 0.385185 0.300521 0.385185 0.300000 0.386111 0.299479 0.386111 0.298958 0.387037 0.298438 0.387037 0.297917 0.387963 0.297396 0.387963 0.296354 0.389815 0.295833 0.389815 0.295312 0.390741 0.294792 0.390741 0.294271 0.391667 0.293750 0.391667 0.293229 0.392593 0.292187 0.392593 0.291146 0.390741 0.290625 0.390741 0.286458 0.383333 0.285938 0.383333 0.278125 0.369444 0.277604 0.369444 0.271875 0.359259 0.271354 0.359259 0.270313 0.357407
0 0.366927 0.383796 0.099479 0.108333 0.355208 0.329630 0.354687 0.330556 0.354167 0.330556 0.353646 0.331481 0.353125 0.331481 0.352604 0.332407 0.352083 0.332407 0.351562 0.333333 0.351042 0.333333 0.350000 0.335185 0.349479 0.335185 0.348958 0.336111 0.348438 0.336111 0.347917 0.337037 0.347396 0.337037 0.346875 0.337963 0.346354 0.337963 0.345833 0.338889 0.345313 0.338889 0.344792 0.339815 0.344271 0.339815 0.343229 0.341667 0.342708 0.341667 0.342187 0.342593 0.341667 0.342593 0.341146 0.343519 0.340625 0.343519 0.340104 0.344444 0.339583 0.344444 0.339062 0.345370 0.338542 0.345370 0.338021 0.346296 0.337500 0.346296 0.336458 0.348148 0.335938 0.348148 0.335417 0.349074 0.334896 0.349074 0.334375 0.350000 0.333854 0.350000 0.333333 0.350926 0.332813 0.350926 0.332292 0.351852 0.331771 0.351852 0.331250 0.352778 0.330729 0.352778 0.329688 0.354630 0.329167 0.354630 0.328646 0.355556 0.328125 0.355556 0.327604 0.356481 0.327083 0.356481 0.326562 0.357407 0.326042 0.357407 0.325521 0.358333 0.325000 0.358333 0.324479 0.359259 0.323958 0.359259 0.322917 0.361111 0.322396 0.361111 0.321875 0.362037 0.321354 0.362037 0.320833 0.362963 0.320312 0.362963 0.319792 0.363889 0.319271 0.363889 0.318750 0.364815 0.318229 0.364815 0.317708 0.365741 0.317708 0.366667 0.317188 0.367593 0.317188 0.368519 0.317708 0.369444 0.317708 0.370370 0.318229 0.371296 0.318229 0.372222 0.329688 0.392593 0.330208 0.392593 0.351042 0.429630 0.351562 0.429630 0.355729 0.437037 0.356250 0.437037 0.356771 0.437963 0.358333 0.437963 0.358854 0.437037 0.359375 0.437037 0.378646 0.402778 0.379167 0.402778 0.399479 0.366667 0.399479 0.364815 0.410417 0.345370 0.410938 0.345370 0.416667 0.335185 0.416667 0.332407 0.415625 0.330556 0.414062 0.330556 0.413021 0.332407 0.412500 0.332407 0.407292 0.341667 0.406771 0.341667 0.401562 0.350926 0.401042 0.350926 0.395833 0.360185 0.395313 0.360185 0.388542 0.372222 0.388021 0.372222 0.387500 0.373148 0.383854 0.373148 0.383333 0.372222 0.382812 0.372222 0.382292 0.371296 0.381771 0.371296 0.380729 0.369444 0.380208 0.369444 0.378125 0.365741 0.377604 0.365741 0.372396 0.356481 0.371875 0.356481 0.357812 0.331481 0.357292 0.331481 0.356771 0.330556 0.356250 0.330556 0.355729 0.329630
0 0.441406 0.382870 0.082812 0.108333 0.420833 0.328704 0.410938 0.346296 0.410417 0.346296 0.400000 0.364815 0.400000 0.368519 0.402083 0.372222 0.402083 0.373148 0.414062 0.394444 0.414583 0.394444 0.437500 0.435185 0.438021 0.435185 0.438542 0.436111 0.439063 0.436111 0.439583 0.437037 0.440104 0.436111 0.440625 0.436111 0.441146 0.435185 0.441667 0.435185 0.456771 0.408333 0.457292 0.408333 0.477604 0.372222 0.477604 0.371296 0.478646 0.369444 0.478646 0.368519 0.479167 0.367593 0.479167 0.363889 0.479687 0.362963 0.479687 0.359259 0.480208 0.358333 0.480208 0.354630 0.480729 0.353704 0.480729 0.350000 0.481250 0.349074 0.481250 0.346296 0.481771 0.345370 0.481771 0.341667 0.482292 0.340741 0.482292 0.337037 0.482812 0.336111 0.482812 0.330556 0.481771 0.328704 0.480208 0.328704 0.466667 0.352778 0.466146 0.352778 0.460417 0.362963 0.459896 0.362963 0.457292 0.367593 0.456771 0.367593 0.455729 0.369444 0.455208 0.369444 0.454167 0.371296 0.453125 0.371296 0.452604 0.372222 0.450000 0.372222 0.449479 0.371296 0.448958 0.371296 0.448437 0.370370 0.447917 0.370370 0.446354 0.367593 0.445833 0.367593 0.443750 0.363889 0.443229 0.363889 0.435937 0.350926 0.435417 0.350926 0.423438 0.329630 0.422917 0.329630 0.422396 0.328704
0 0.531510 0.391667 0.080729 0.112963 0.493750 0.335185 0.492708 0.337037 0.492708 0.344444 0.492188 0.345370 0.492188 0.358333 0.491667 0.359259 0.491667 0.373148 0.491146 0.374074 0.491146 0.377778 0.491667 0.378704 0.491667 0.379630 0.493229 0.382407 0.493229 0.383333 0.529167 0.447222 0.529687 0.447222 0.530208 0.448148 0.532292 0.448148 0.534375 0.444444 0.534896 0.444444 0.548438 0.420370 0.548958 0.420370 0.566146 0.389815 0.566667 0.389815 0.570312 0.383333 0.570312 0.382407 0.571875 0.379630 0.571875 0.375926 0.570833 0.374074 0.570833 0.373148 0.569792 0.371296 0.569792 0.370370 0.568750 0.368519 0.568750 0.367593 0.567187 0.364815 0.567187 0.363889 0.566146 0.362037 0.566146 0.361111 0.565104 0.359259 0.565104 0.358333 0.564063 0.356481 0.564063 0.355556 0.562500 0.352778 0.562500 0.351852 0.561458 0.350000 0.561458 0.349074 0.560417 0.347222 0.560417 0.346296 0.559375 0.344444 0.559375 0.343519 0.557813 0.340741 0.557813 0.339815 0.556771 0.337963 0.556771 0.337037 0.555729 0.335185 0.554688 0.335185 0.554167 0.336111 0.553646 0.336111 0.543229 0.354630 0.542708 0.354630 0.535417 0.367593 0.534896 0.367593 0.531771 0.373148 0.531250 0.373148 0.529687 0.375926 0.529167 0.375926 0.528125 0.377778 0.527604 0.377778 0.527083 0.378704 0.526563 0.378704 0.526042 0.379630 0.522917 0.379630 0.522396 0.378704 0.521875 0.378704 0.521354 0.377778 0.520833 0.377778 0.519271 0.375000 0.518750 0.375000 0.516146 0.370370 0.515625 0.370370 0.497396 0.337963 0.496875 0.337963 0.495312 0.335185
0 0.618229 0.389815 0.096875 0.111111 0.570312 0.334259 0.569792 0.335185 0.569792 0.338889 0.571354 0.341667 0.571354 0.342593 0.573438 0.346296 0.573438 0.347222 0.576042 0.351852 0.576042 0.352778 0.578125 0.356481 0.578125 0.357407 0.580729 0.362037 0.580729 0.362963 0.582812 0.366667 0.582812 0.367593 0.585417 0.372222 0.585417 0.373148 0.587500 0.376852 0.587500 0.377778 0.592708 0.387037 0.592708 0.387963 0.612500 0.423148 0.612500 0.424074 0.623437 0.443519 0.623958 0.443519 0.625000 0.445370 0.626563 0.445370 0.627604 0.443519 0.628125 0.443519 0.632812 0.435185 0.633333 0.435185 0.643750 0.416667 0.644271 0.416667 0.654687 0.398148 0.655208 0.398148 0.666667 0.377778 0.666667 0.374074 0.665104 0.371296 0.664583 0.371296 0.664062 0.370370 0.663542 0.370370 0.662500 0.368519 0.661979 0.368519 0.660937 0.366667 0.660417 0.366667 0.659375 0.364815 0.658854 0.364815 0.658333 0.363889 0.657813 0.363889 0.656771 0.362037 0.656250 0.362037 0.655208 0.360185 0.654687 0.360185 0.654167 0.359259 0.653646 0.359259 0.652604 0.357407 0.652083 0.357407 0.651042 0.355556 0.650521 0.355556 0.650000 0.354630 0.649479 0.354630 0.648438 0.352778 0.647917 0.352778 0.646875 0.350926 0.646354 0.350926 0.645312 0.349074 0.644792 0.349074 0.644271 0.348148 0.643750 0.348148 0.642708 0.346296 0.642188 0.346296 0.641146 0.344444 0.640625 0.344444 0.640104 0.343519 0.639583 0.343519 0.638542 0.341667 0.638021 0.341667 0.636979 0.339815 0.636458 0.339815 0.635417 0.337963 0.634896 0.337963 0.634375 0.337037 0.633854 0.337037 0.632812 0.335185 0.632292 0.335185 0.631771 0.334259 0.630208 0.334259 0.626563 0.340741 0.626042 0.340741 0.616146 0.358333 0.615625 0.358333 0.610938 0.366667 0.610417 0.366667 0.607812 0.371296 0.607292 0.371296 0.605729 0.374074 0.605208 0.374074 0.604167 0.375926 0.603646 0.375926 0.603125 0.376852 0.602604 0.376852 0.602083 0.377778 0.598958 0.377778 0.598437 0.376852 0.597917 0.376852 0.596875 0.375000 0.596354 0.375000 0.594792 0.372222 0.594271 0.372222 0.590104 0.364815 0.589583 0.364815 0.578125 0.344444 0.578125 0.343519 0.574479 0.337037 0.573958 0.337037 0.572396 0.334259
0 0.357292 0.550000 0.083333 0.079630 0.398958 0.510185 0.398438 0.511111 0.396875 0.511111 0.396354 0.512037 0.395833 0.512037 0.395313 0.512963 0.394792 0.512963 0.393750 0.514815 0.393229 0.514815 0.392188 0.516667 0.391667 0.516667 0.390104 0.519444 0.389583 0.519444 0.387500 0.523148 0.386979 0.523148 0.384375 0.527778 0.383854 0.527778 0.380729 0.533333 0.380208 0.533333 0.376563 0.539815 0.376042 0.539815 0.371354 0.548148 0.370833 0.548148 0.366146 0.556481 0.365625 0.556481 0.364063 0.559259 0.363542 0.559259 0.363021 0.560185 0.362500 0.560185 0.361979 0.559259 0.361458 0.559259 0.360417 0.557407 0.360417 0.556481 0.359896 0.555556 0.359896 0.553704 0.360417 0.552778 0.360417 0.551852 0.361458 0.550000 0.361458 0.549074 0.362500 0.547222 0.362500 0.546296 0.364063 0.543519 0.358854 0.552778 0.358333 0.552778 0.356771 0.555556 0.355208 0.555556 0.354687 0.556481 0.354687 0.557407 0.353646 0.559259 0.353646 0.560185 0.351562 0.563889 0.349479 0.563889 0.348958 0.562963 0.348438 0.562963 0.346354 0.559259 0.345833 0.559259 0.333333 0.537037 0.332813 0.537037 0.326562 0.525926 0.326042 0.525926 0.322917 0.520370 0.322396 0.520370 0.320312 0.516667 0.319792 0.516667 0.318229 0.513889 0.317708 0.513889 0.317188 0.512963 0.316667 0.512963 0.316146 0.512037 0.315625 0.512963 0.315625 0.514815 0.316146 0.515741 0.316146 0.516667 0.316667 0.517593 0.316667 0.518519 0.317188 0.519444 0.317188 0.520370 0.318229 0.522222 0.318229 0.523148 0.319271 0.525000 0.319271 0.525926 0.320312 0.527778 0.320312 0.528704 0.321875 0.531481 0.321875 0.532407 0.322917 0.534259 0.322917 0.535185 0.323958 0.537037 0.323958 0.537963 0.325000 0.539815 0.325000 0.540741 0.326042 0.542593 0.326042 0.543519 0.327083 0.545370 0.327083 0.546296 0.328646 0.549074 0.328646 0.550000 0.329688 0.551852 0.329688 0.552778 0.330729 0.554630 0.330729 0.555556 0.331771 0.557407 0.331771 0.558333 0.332813 0.560185 0.332813 0.561111 0.334375 0.563889 0.334375 0.564815 0.335417 0.566667 0.335417 0.567593 0.336458 0.569444 0.336458 0.570370 0.337500 0.572222 0.337500 0.573148 0.338542 0.575000 0.338542 0.575926 0.339583 0.577778 0.339583 0.578704 0.341146 0.581481 0.341146 0.582407 0.342187 0.584259 0.342187 0.585185 0.343229 0.587037 0.343229 0.587963 0.344271 0.589815 0.351042 0.589815 0.351562 0.588889 0.352083 0.588889 0.353125 0.587037 0.353646 0.587037 0.354687 0.585185 0.355208 0.585185 0.355729 0.584259 0.356250 0.584259 0.357292 0.582407 0.357812 0.582407 0.358854 0.580556 0.359375 0.580556 0.360417 0.578704 0.360938 0.578704 0.361458 0.577778 0.361979 0.577778 0.363021 0.575926 0.363542 0.575926 0.364583 0.574074 0.365104 0.574074 0.365625 0.573148 0.366146 0.573148 0.367188 0.571296 0.367708 0.571296 0.368750 0.569444 0.369271 0.569444 0.370312 0.567593 0.370833 0.567593 0.371354 0.566667 0.371875 0.566667 0.372917 0.564815 0.373437 0.564815 0.374479 0.562963 0.375000 0.562963 0.376042 0.561111 0.376563 0.561111 0.377083 0.560185 0.377604 0.560185 0.378646 0.558333 0.379167 0.558333 0.380208 0.556481 0.380729 0.556481 0.381250 0.555556 0.381771 0.555556 0.382812 0.553704 0.383333 0.553704 0.384375 0.551852 0.384896 0.551852 0.385937 0.550000 0.386458 0.550000 0.386979 0.549074 0.387500 0.549074 0.388542 0.547222 0.389062 0.547222 0.391667 0.542593 0.391667 0.541667 0.392188 0.540741 0.392188 0.539815 0.391146 0.537963 0.391146 0.535185 0.391667 0.534259 0.391667 0.533333 0.392708 0.531481 0.392708 0.530556 0.393229 0.529630 0.393229 0.528704 0.393750 0.527778 0.393750 0.526852 0.394271 0.525926 0.394271 0.525000 0.394792 0.524074 0.394792 0.523148 0.395833 0.521296 0.395833 0.520370 0.396354 0.519444 0.396354 0.518519 0.396875 0.517593 0.396875 0.516667 0.397396 0.515741 0.397396 0.514815 0.397917 0.513889 0.397917 0.512963 0.398958 0.511111
0 0.432292 0.555556 0.081250 0.090741 0.399479 0.510185 0.399479 0.511111 0.398438 0.512963 0.398438 0.513889 0.397917 0.514815 0.397917 0.515741 0.397396 0.516667 0.397396 0.517593 0.396875 0.518519 0.396875 0.519444 0.396354 0.520370 0.396354 0.521296 0.395313 0.523148 0.395313 0.524074 0.394792 0.525000 0.394792 0.525926 0.394271 0.526852 0.394271 0.527778 0.393750 0.528704 0.393750 0.529630 0.393229 0.530556 0.393229 0.531481 0.392188 0.533333 0.392188 0.534259 0.391667 0.535185 0.391667 0.537963 0.392708 0.539815 0.392708 0.540741 0.398438 0.550926 0.398958 0.550926 0.409896 0.570370 0.410417 0.570370 0.420833 0.588889 0.421354 0.588889 0.428125 0.600926 0.435417 0.600926 0.437500 0.597222 0.438021 0.597222 0.470313 0.539815 0.470313 0.538889 0.470833 0.537963 0.470833 0.537037 0.471354 0.536111 0.471354 0.529630 0.471875 0.528704 0.471875 0.521296 0.472396 0.520370 0.472396 0.513889 0.472917 0.512963 0.470833 0.516667 0.470313 0.516667 0.466146 0.524074 0.465625 0.524074 0.457813 0.537963 0.457292 0.537963 0.448958 0.552778 0.448437 0.552778 0.447396 0.554630 0.445833 0.554630 0.443750 0.550926 0.443750 0.547222 0.444271 0.546296 0.444271 0.544444 0.444792 0.543519 0.444792 0.542593 0.442188 0.547222 0.441667 0.547222 0.440104 0.550000 0.439583 0.550000 0.439583 0.550926 0.439063 0.551852 0.439063 0.553704 0.438542 0.554630 0.438542 0.556481 0.438021 0.557407 0.438021 0.560185 0.437500 0.561111 0.437500 0.562037 0.435937 0.564815 0.435417 0.564815 0.434896 0.565741 0.434375 0.564815 0.433854 0.564815 0.433333 0.563889 0.432812 0.563889 0.423958 0.548148 0.423958 0.547222 0.407813 0.518519 0.407292 0.518519 0.405208 0.514815 0.404687 0.514815 0.403646 0.512963 0.403125 0.512963 0.402604 0.512037 0.402083 0.512037 0.401562 0.511111 0.400521 0.511111 0.400000 0.510185
0 0.529427 0.550926 0.077604 0.083333 0.490625 0.509259 0.490625 0.526852 0.491667 0.528704 0.491667 0.529630 0.526042 0.590741 0.526563 0.590741 0.527604 0.592593 0.529687 0.592593 0.530208 0.591667 0.530729 0.591667 0.533333 0.587037 0.533854 0.587037 0.541667 0.573148 0.542188 0.573148 0.551042 0.557407 0.551562 0.557407 0.560417 0.541667 0.560937 0.541667 0.567708 0.529630 0.567708 0.528704 0.568229 0.527778 0.568229 0.524074 0.567708 0.523148 0.567708 0.521296 0.567187 0.520370 0.567187 0.519444 0.566667 0.518519 0.566667 0.516667 0.565625 0.518519 0.565104 0.518519 0.561979 0.524074 0.561458 0.524074 0.555729 0.534259 0.555208 0.534259 0.546354 0.550000 0.545833 0.550000 0.541667 0.557407 0.541146 0.557407 0.540625 0.558333 0.539062 0.558333 0.537500 0.555556 0.537500 0.554630 0.536979 0.553704 0.536979 0.550000 0.536458 0.549074 0.532292 0.556481 0.531771 0.556481 0.530729 0.558333 0.528646 0.558333 0.528125 0.557407 0.527604 0.557407 0.521875 0.547222 0.521875 0.552778 0.520312 0.555556 0.518229 0.555556 0.517188 0.553704 0.516667 0.553704 0.497396 0.519444 0.496875 0.519444 0.492188 0.511111 0.491667 0.511111
0 0.621354 0.549537 0.082292 0.084259 0.580208 0.507407 0.580729 0.508333 0.580729 0.509259 0.581250 0.510185 0.581250 0.511111 0.581771 0.512037 0.581771 0.513889 0.582292 0.514815 0.582292 0.515741 0.582812 0.516667 0.582812 0.517593 0.583333 0.518519 0.583333 0.519444 0.583854 0.520370 0.583854 0.522222 0.584375 0.523148 0.584375 0.524074 0.584896 0.525000 0.584896 0.525926 0.585417 0.526852 0.585417 0.527778 0.588021 0.532407 0.588021 0.533333 0.620313 0.590741 0.620833 0.590741 0.621354 0.591667 0.623958 0.591667 0.625521 0.588889 0.626042 0.588889 0.631771 0.578704 0.632292 0.578704 0.639583 0.565741 0.640104 0.565741 0.647396 0.552778 0.647917 0.552778 0.655208 0.539815 0.655729 0.539815 0.661979 0.528704 0.661979 0.527778 0.662500 0.526852 0.662500 0.524074 0.660937 0.521296 0.660937 0.520370 0.659896 0.518519 0.659375 0.519444 0.658854 0.519444 0.657292 0.522222 0.656771 0.522222 0.654167 0.526852 0.653646 0.526852 0.651042 0.531481 0.650521 0.531481 0.645833 0.539815 0.645312 0.539815 0.639583 0.550000 0.639062 0.550000 0.631771 0.562963 0.631250 0.562963 0.629167 0.566667 0.627604 0.566667 0.626042 0.563889 0.625000 0.563889 0.624479 0.562963 0.623958 0.562963 0.613021 0.543519 0.613542 0.544444 0.613542 0.545370 0.614062 0.546296 0.614062 0.547222 0.614583 0.548148 0.614583 0.549074 0.615625 0.550926 0.615625 0.551852 0.616146 0.552778 0.616146 0.554630 0.615625 0.555556 0.615625 0.556481 0.614583 0.558333 0.611979 0.558333 0.610938 0.556481 0.610417 0.556481 0.589583 0.519444 0.589063 0.519444 0.585417 0.512963 0.584896 0.512963 0.583333 0.510185 0.582812 0.510185 0.581771 0.508333 0.581250 0.508333 0.580729 0.507407
0 0.703385 0.540741 0.081771 0.098148 0.668750 0.491667 0.668229 0.492593 0.667708 0.492593 0.667708 0.493519 0.679167 0.513889 0.679167 0.514815 0.692187 0.537963 0.692187 0.538889 0.702083 0.556481 0.702083 0.557407 0.703646 0.560185 0.703646 0.562963 0.703125 0.563889 0.703125 0.564815 0.702604 0.565741 0.702083 0.565741 0.701562 0.566667 0.700000 0.566667 0.698958 0.564815 0.698438 0.564815 0.675521 0.524074 0.675000 0.524074 0.672396 0.519444 0.671875 0.519444 0.670312 0.516667 0.669792 0.516667 0.669271 0.515741 0.668750 0.515741 0.668229 0.514815 0.666667 0.514815 0.666146 0.513889 0.665104 0.513889 0.664583 0.514815 0.663542 0.514815 0.663021 0.515741 0.662500 0.515741 0.663542 0.517593 0.663542 0.518519 0.666667 0.524074 0.666667 0.525000 0.672917 0.536111 0.672917 0.537037 0.692708 0.572222 0.692708 0.573148 0.701042 0.587963 0.701562 0.587963 0.702604 0.589815 0.704688 0.589815 0.705208 0.588889 0.705729 0.588889 0.708854 0.583333 0.709375 0.583333 0.715625 0.572222 0.716146 0.572222 0.721875 0.562037 0.722396 0.562037 0.728646 0.550926 0.729167 0.550926 0.734896 0.540741 0.735417 0.540741 0.743750 0.525926 0.743750 0.525000 0.744271 0.524074 0.744271 0.523148 0.743750 0.522222 0.743750 0.521296 0.742708 0.519444 0.740104 0.524074 0.739583 0.524074 0.733333 0.535185 0.732812 0.535185 0.727083 0.545370 0.726562 0.545370 0.720313 0.556481 0.719792 0.556481 0.715104 0.564815 0.714583 0.564815 0.713021 0.567593 0.710938 0.567593 0.710417 0.566667 0.709896 0.566667 0.693750 0.537963 0.693750 0.537037 0.672917 0.500000 0.672917 0.499074
0 0.314583 0.517593 0.080208 0.090741 0.315625 0.483333 0.310417 0.492593 0.309896 0.492593 0.275000 0.554630 0.275000 0.555556 0.274479 0.556481 0.274479 0.559259 0.276042 0.562037 0.277604 0.562037 0.278125 0.561111 0.278646 0.561111 0.286458 0.547222 0.286979 0.547222 0.300000 0.524074 0.300521 0.524074 0.304167 0.517593 0.304688 0.517593 0.306250 0.514815 0.306771 0.514815 0.307812 0.512963 0.308333 0.512963 0.309375 0.511111 0.309896 0.511111 0.310417 0.510185 0.311979 0.510185 0.312500 0.509259 0.313021 0.509259 0.313542 0.510185 0.315104 0.510185 0.315625 0.511111 0.316146 0.511111 0.316667 0.512037 0.317188 0.512037 0.317708 0.512963 0.318229 0.512963 0.319792 0.515741 0.320312 0.515741 0.322396 0.519444 0.322917 0.519444 0.326042 0.525000 0.326562 0.525000 0.332813 0.536111 0.333333 0.536111 0.345833 0.558333 0.346354 0.558333 0.348438 0.562037 0.348958 0.562037 0.349479 0.562963 0.351562 0.562963 0.353125 0.560185 0.353125 0.559259 0.354167 0.557407 0.354167 0.556481 0.354687 0.555556 0.354687 0.554630 0.354167 0.554630 0.352083 0.550926 0.351562 0.550926 0.332292 0.516667 0.331771 0.516667 0.316146 0.488889 0.316146 0.487963 0.315104 0.486111 0.315104 0.484259
0 0.399740 0.518981 0.078646 0.091667 0.400521 0.473148 0.400521 0.474074 0.399479 0.475926 0.399479 0.476852 0.398438 0.478704 0.398438 0.479630 0.397396 0.481481 0.397396 0.482407 0.396875 0.483333 0.396875 0.484259 0.395833 0.486111 0.395833 0.487037 0.394792 0.488889 0.394792 0.489815 0.375000 0.525000 0.374479 0.525000 0.364583 0.542593 0.364583 0.543519 0.363021 0.546296 0.363021 0.547222 0.361979 0.549074 0.361979 0.550000 0.360938 0.551852 0.360938 0.552778 0.360417 0.553704 0.360417 0.555556 0.360938 0.556481 0.360938 0.557407 0.361458 0.558333 0.361979 0.558333 0.362500 0.559259 0.363021 0.559259 0.363542 0.558333 0.364063 0.558333 0.365625 0.555556 0.366146 0.555556 0.370833 0.547222 0.371354 0.547222 0.376042 0.538889 0.376563 0.538889 0.380208 0.532407 0.380729 0.532407 0.383854 0.526852 0.384375 0.526852 0.386979 0.522222 0.387500 0.522222 0.389583 0.518519 0.390104 0.518519 0.391667 0.515741 0.392188 0.515741 0.393229 0.513889 0.393750 0.513889 0.394792 0.512037 0.395313 0.512037 0.395833 0.511111 0.396354 0.511111 0.396875 0.510185 0.398438 0.510185 0.398958 0.509259 0.400000 0.509259 0.400521 0.510185 0.401562 0.510185 0.402083 0.511111 0.402604 0.511111 0.403125 0.512037 0.403646 0.512037 0.404687 0.513889 0.405208 0.513889 0.407292 0.517593 0.407813 0.517593 0.424479 0.547222 0.424479 0.548148 0.432812 0.562963 0.433333 0.562963 0.433854 0.563889 0.434375 0.563889 0.434896 0.564815 0.435417 0.563889 0.435937 0.563889 0.436979 0.562037 0.436979 0.561111 0.437500 0.560185 0.437500 0.557407 0.438021 0.556481 0.438021 0.554630 0.438542 0.553704 0.438542 0.551852 0.439063 0.550926 0.439063 0.550000 0.437500 0.550000 0.433333 0.542593 0.432812 0.542593 0.399479 0.483333 0.399479 0.478704 0.400000 0.477778 0.400000 0.476852 0.401042 0.475000 0.401042 0.473148
0 0.482812 0.512037 0.077083 0.085185 0.483333 0.469444 0.482812 0.470370 0.481250 0.470370 0.480729 0.471296 0.480208 0.471296 0.479687 0.472222 0.479167 0.472222 0.479167 0.475000 0.478646 0.475926 0.478646 0.482407 0.478125 0.483333 0.478125 0.484259 0.477083 0.486111 0.477083 0.487037 0.471354 0.497222 0.470833 0.497222 0.455729 0.524074 0.455208 0.524074 0.445312 0.541667 0.445312 0.543519 0.444792 0.544444 0.444792 0.546296 0.444271 0.547222 0.444271 0.550926 0.445833 0.553704 0.447396 0.553704 0.448437 0.551852 0.448958 0.551852 0.457292 0.537037 0.457813 0.537037 0.465625 0.523148 0.466146 0.523148 0.470313 0.515741 0.470833 0.515741 0.473438 0.511111 0.473958 0.511111 0.476042 0.507407 0.476562 0.507407 0.477604 0.505556 0.478125 0.505556 0.479167 0.503704 0.479687 0.503704 0.480208 0.502778 0.481250 0.502778 0.481771 0.501852 0.484896 0.501852 0.485417 0.502778 0.486458 0.502778 0.487500 0.504630 0.488021 0.504630 0.489063 0.506481 0.489583 0.506481 0.491667 0.510185 0.492188 0.510185 0.496875 0.518519 0.497396 0.518519 0.516667 0.552778 0.517188 0.552778 0.518229 0.554630 0.520312 0.554630 0.521354 0.552778 0.521354 0.546296 0.490625 0.491667 0.490625 0.490741 0.490104 0.489815 0.490104 0.486111 0.490625 0.485185 0.490625 0.475926 0.490104 0.475926 0.488542 0.473148 0.488021 0.473148 0.486979 0.471296 0.485938 0.471296 0.485417 0.470370 0.483854 0.470370
0 0.576302 0.510648 0.078646 0.093519 0.575000 0.463889 0.574479 0.464815 0.573958 0.464815 0.573438 0.465741 0.572917 0.465741 0.572396 0.466667 0.571875 0.466667 0.570312 0.469444 0.569792 0.469444 0.568229 0.472222 0.567708 0.472222 0.566667 0.474074 0.566667 0.475000 0.567187 0.475926 0.567187 0.477778 0.567708 0.478704 0.567708 0.479630 0.568229 0.480556 0.568229 0.481481 0.568750 0.482407 0.568750 0.484259 0.569271 0.485185 0.569271 0.486111 0.569792 0.487037 0.569792 0.488889 0.570312 0.489815 0.569792 0.490741 0.569792 0.491667 0.569271 0.492593 0.569271 0.493519 0.563021 0.504630 0.562500 0.504630 0.551042 0.525000 0.550521 0.525000 0.539583 0.544444 0.539062 0.544444 0.536979 0.548148 0.536979 0.549074 0.537500 0.550000 0.537500 0.553704 0.538021 0.554630 0.538021 0.555556 0.539062 0.557407 0.540625 0.557407 0.541146 0.556481 0.541667 0.556481 0.545833 0.549074 0.546354 0.549074 0.555208 0.533333 0.555729 0.533333 0.561458 0.523148 0.561979 0.523148 0.565104 0.517593 0.565625 0.517593 0.568229 0.512963 0.568750 0.512963 0.570312 0.510185 0.570833 0.510185 0.571875 0.508333 0.572396 0.508333 0.573438 0.506481 0.573958 0.506481 0.574479 0.505556 0.575521 0.505556 0.576042 0.504630 0.578646 0.504630 0.579167 0.505556 0.579688 0.505556 0.580208 0.506481 0.580729 0.506481 0.581250 0.507407 0.581771 0.507407 0.582812 0.509259 0.583333 0.509259 0.584896 0.512037 0.585417 0.512037 0.589063 0.518519 0.589583 0.518519 0.610417 0.555556 0.610938 0.555556 0.611979 0.557407 0.614583 0.557407 0.615104 0.556481 0.615104 0.555556 0.615625 0.554630 0.615625 0.552778 0.615104 0.551852 0.615104 0.550926 0.614062 0.549074 0.614062 0.548148 0.613542 0.547222 0.613542 0.546296 0.613021 0.545370 0.613021 0.544444 0.612500 0.543519 0.612500 0.542593 0.594792 0.511111 0.594792 0.510185 0.587500 0.497222 0.587500 0.496296 0.586979 0.495370 0.586979 0.494444 0.586458 0.493519 0.586458 0.492593 0.585938 0.491667 0.585938 0.490741 0.585417 0.489815 0.585417 0.488889 0.584896 0.487963 0.584896 0.487037 0.583854 0.485185 0.583854 0.484259 0.583333 0.483333 0.583333 0.482407 0.582812 0.481481 0.582812 0.480556 0.582292 0.479630 0.582292 0.478704 0.581771 0.477778 0.581771 0.476852 0.581250 0.475926 0.581250 0.475000 0.580729 0.474074 0.580729 0.473148 0.580208 0.472222 0.580208 0.471296 0.579688 0.470370 0.579688 0.469444 0.579167 0.468519 0.579167 0.467593 0.578646 0.466667 0.578646 0.465741 0.578125 0.464815 0.578125 0.463889
0 0.664844 0.527315 0.076563 0.076852 0.667188 0.493519 0.667708 0.494444 0.667188 0.495370 0.667188 0.496296 0.666146 0.498148 0.666146 0.499074 0.663021 0.504630 0.662500 0.504630 0.654167 0.519444 0.653646 0.519444 0.645833 0.533333 0.645312 0.533333 0.637500 0.547222 0.636979 0.547222 0.630208 0.559259 0.629687 0.559259 0.627604 0.562963 0.627083 0.562963 0.626563 0.563889 0.627604 0.565741 0.629167 0.565741 0.631250 0.562037 0.631771 0.562037 0.639062 0.549074 0.639583 0.549074 0.645312 0.538889 0.645833 0.538889 0.650521 0.530556 0.651042 0.530556 0.653646 0.525926 0.654167 0.525926 0.656771 0.521296 0.657292 0.521296 0.658854 0.518519 0.659375 0.518519 0.660417 0.516667 0.660937 0.516667 0.661979 0.514815 0.663021 0.514815 0.663542 0.513889 0.664583 0.513889 0.665104 0.512963 0.666146 0.512963 0.666667 0.513889 0.668229 0.513889 0.668750 0.514815 0.669271 0.514815 0.669792 0.515741 0.670312 0.515741 0.671875 0.518519 0.672396 0.518519 0.675000 0.523148 0.675521 0.523148 0.698438 0.563889 0.698958 0.563889 0.700000 0.565741 0.701562 0.565741 0.702083 0.564815 0.702604 0.564815 0.702604 0.563889 0.703125 0.562963 0.703125 0.560185 0.701562 0.557407 0.701562 0.556481 0.691667 0.538889 0.691667 0.537963 0.678646 0.514815 0.678646 0.513889
0 0.357812 0.513426 0.084375 0.082407 0.322917 0.472222 0.321875 0.474074 0.321354 0.474074 0.317188 0.481481 0.316667 0.481481 0.316146 0.482407 0.316146 0.483333 0.315625 0.484259 0.315625 0.486111 0.316667 0.487963 0.316667 0.488889 0.331771 0.515741 0.332292 0.515741 0.351562 0.550000 0.352083 0.550000 0.354167 0.553704 0.354687 0.553704 0.355208 0.554630 0.356771 0.554630 0.358333 0.551852 0.358854 0.551852 0.374479 0.524074 0.375000 0.524074 0.394271 0.489815 0.394271 0.488889 0.395313 0.487037 0.395313 0.486111 0.396354 0.484259 0.396354 0.483333 0.396875 0.482407 0.396875 0.481481 0.397917 0.479630 0.397917 0.478704 0.398958 0.476852 0.398958 0.475926 0.400000 0.474074 0.400000 0.473148 0.398958 0.473148 0.398438 0.472222 0.397917 0.473148 0.396354 0.473148 0.395833 0.474074 0.395313 0.474074 0.394792 0.475000 0.394271 0.475000 0.393750 0.475926 0.393229 0.475926 0.391667 0.478704 0.391146 0.478704 0.389062 0.482407 0.388542 0.482407 0.384896 0.488889 0.384375 0.488889 0.377083 0.501852 0.376563 0.501852 0.364063 0.524074 0.363542 0.524074 0.363021 0.525000 0.361458 0.525000 0.359375 0.521296 0.359375 0.518519 0.359896 0.517593 0.359896 0.516667 0.361458 0.513889 0.361458 0.512963 0.363021 0.510185 0.363021 0.509259 0.364583 0.506481 0.364583 0.505556 0.366667 0.501852 0.366667 0.500926 0.368229 0.498148 0.368229 0.497222 0.369792 0.494444 0.359896 0.512037 0.359375 0.512037 0.358333 0.513889 0.357292 0.513889 0.356250 0.515741 0.356250 0.516667 0.354687 0.519444 0.352604 0.519444 0.352083 0.518519 0.351562 0.518519 0.349479 0.514815 0.348958 0.514815 0.335938 0.491667 0.335417 0.491667 0.329167 0.480556 0.328646 0.480556 0.325521 0.475000 0.325000 0.475000 0.323437 0.472222
0 0.439323 0.511111 0.078646 0.075926 0.478125 0.473148 0.477083 0.475000 0.476562 0.475000 0.474479 0.478704 0.473958 0.478704 0.471354 0.483333 0.470833 0.483333 0.466667 0.490741 0.466146 0.490741 0.458333 0.504630 0.457813 0.504630 0.448437 0.521296 0.447917 0.521296 0.446875 0.523148 0.445312 0.523148 0.443229 0.519444 0.443229 0.515741 0.443750 0.514815 0.443750 0.512963 0.444271 0.512037 0.444271 0.509259 0.444792 0.508333 0.444792 0.506481 0.445312 0.505556 0.445312 0.503704 0.445833 0.502778 0.441667 0.510185 0.441146 0.510185 0.440104 0.512037 0.440104 0.512963 0.439583 0.513889 0.439583 0.515741 0.439063 0.516667 0.439063 0.518519 0.438542 0.519444 0.438542 0.521296 0.438021 0.522222 0.438021 0.523148 0.436458 0.525926 0.434375 0.525926 0.433854 0.525000 0.433333 0.525000 0.428646 0.516667 0.428125 0.516667 0.411979 0.487963 0.411458 0.487963 0.407813 0.481481 0.407292 0.481481 0.405208 0.477778 0.404687 0.477778 0.403646 0.475926 0.403125 0.475926 0.402083 0.474074 0.401562 0.474074 0.401562 0.475000 0.400521 0.476852 0.400521 0.477778 0.400000 0.478704 0.400000 0.483333 0.432812 0.541667 0.433333 0.541667 0.437500 0.549074 0.440104 0.549074 0.441667 0.546296 0.442188 0.546296 0.455208 0.523148 0.455729 0.523148 0.470833 0.496296 0.471354 0.496296 0.476562 0.487037 0.476562 0.486111 0.477604 0.484259 0.477604 0.483333 0.478125 0.482407 0.478125 0.475926 0.478646 0.475000 0.478646 0.473148
0 0.530208 0.516204 0.079167 0.082407 0.566146 0.475000 0.565104 0.476852 0.564583 0.476852 0.560417 0.484259 0.559896 0.484259 0.552604 0.497222 0.552083 0.497222 0.542708 0.513889 0.542188 0.513889 0.540625 0.516667 0.539583 0.516667 0.539062 0.515741 0.538542 0.515741 0.537500 0.513889 0.537500 0.512963 0.536979 0.512037 0.536979 0.510185 0.535417 0.512963 0.534896 0.512963 0.531771 0.518519 0.531250 0.518519 0.530729 0.519444 0.529167 0.519444 0.528646 0.518519 0.528125 0.518519 0.522396 0.508333 0.522396 0.513889 0.522917 0.514815 0.522917 0.521296 0.521354 0.524074 0.519271 0.524074 0.518750 0.523148 0.518229 0.523148 0.500000 0.490741 0.499479 0.490741 0.493229 0.479630 0.492708 0.479630 0.491146 0.476852 0.491146 0.485185 0.490625 0.486111 0.490625 0.489815 0.491146 0.490741 0.491146 0.491667 0.527604 0.556481 0.528125 0.556481 0.528646 0.557407 0.530729 0.557407 0.531771 0.555556 0.532292 0.555556 0.539062 0.543519 0.539583 0.543519 0.550521 0.524074 0.551042 0.524074 0.562500 0.503704 0.563021 0.503704 0.568750 0.493519 0.568750 0.492593 0.569271 0.491667 0.569271 0.490741 0.569792 0.489815 0.569271 0.488889 0.569271 0.487037 0.568750 0.486111 0.568750 0.485185 0.568229 0.484259 0.568229 0.482407 0.567708 0.481481 0.567708 0.480556 0.567187 0.479630 0.567187 0.478704 0.566667 0.477778 0.566667 0.475926
0 0.622917 0.513426 0.088542 0.099074 0.578646 0.463889 0.578646 0.464815 0.579167 0.465741 0.579167 0.466667 0.579688 0.467593 0.579688 0.468519 0.580208 0.469444 0.580208 0.470370 0.580729 0.471296 0.580729 0.472222 0.581250 0.473148 0.581250 0.474074 0.581771 0.475000 0.581771 0.475926 0.582292 0.476852 0.582292 0.477778 0.582812 0.478704 0.582812 0.479630 0.583333 0.480556 0.583333 0.481481 0.583854 0.482407 0.583854 0.483333 0.584375 0.484259 0.584375 0.485185 0.585417 0.487037 0.585417 0.487963 0.585938 0.488889 0.585938 0.489815 0.586458 0.490741 0.586458 0.491667 0.586979 0.492593 0.586979 0.493519 0.587500 0.494444 0.587500 0.495370 0.588021 0.496296 0.588021 0.497222 0.595313 0.510185 0.595313 0.511111 0.623958 0.562037 0.624479 0.562037 0.625000 0.562963 0.626563 0.562963 0.627083 0.562037 0.627604 0.562037 0.629687 0.558333 0.630208 0.558333 0.636979 0.546296 0.637500 0.546296 0.645312 0.532407 0.645833 0.532407 0.653646 0.518519 0.654167 0.518519 0.662500 0.503704 0.663021 0.503704 0.665625 0.499074 0.665625 0.498148 0.666667 0.496296 0.666667 0.495370 0.667188 0.494444 0.666667 0.493519 0.666667 0.492593 0.664583 0.488889 0.664583 0.487963 0.663542 0.486111 0.663021 0.487037 0.662500 0.487037 0.660937 0.489815 0.660417 0.489815 0.658333 0.493519 0.657813 0.493519 0.654687 0.499074 0.654167 0.499074 0.650000 0.506481 0.649479 0.506481 0.643750 0.516667 0.643229 0.516667 0.635417 0.530556 0.634896 0.530556 0.632292 0.535185 0.631771 0.535185 0.631250 0.536111 0.630729 0.535185 0.630208 0.535185 0.627604 0.530556 0.627604 0.529630 0.626563 0.527778 0.626563 0.526852 0.626042 0.525926 0.626042 0.525000 0.625521 0.525000 0.625000 0.524074 0.624479 0.524074 0.611979 0.501852 0.613021 0.503704 0.613021 0.504630 0.613542 0.505556 0.613542 0.506481 0.614583 0.508333 0.614583 0.509259 0.615104 0.510185 0.615104 0.513889 0.614062 0.515741 0.613542 0.515741 0.613021 0.516667 0.611979 0.516667 0.611458 0.515741 0.610938 0.515741 0.609375 0.512963 0.608854 0.512963 0.600000 0.497222 0.600000 0.496296 0.596875 0.490741 0.596354 0.490741 0.586979 0.474074 0.586458 0.474074 0.583854 0.469444 0.583333 0.469444 0.581771 0.466667 0.581250 0.466667 0.580729 0.465741 0.580208 0.465741 0.579688 0.464815 0.579167 0.464815
0 0.709115 0.524074 0.088021 0.085185 0.668750 0.481481 0.668229 0.482407 0.667188 0.482407 0.666667 0.483333 0.665625 0.483333 0.665104 0.484259 0.673438 0.499074 0.673438 0.500000 0.694271 0.537037 0.694271 0.537963 0.709896 0.565741 0.710417 0.565741 0.710938 0.566667 0.713021 0.566667 0.714583 0.563889 0.715104 0.563889 0.719792 0.555556 0.720313 0.555556 0.726562 0.544444 0.727083 0.544444 0.732812 0.534259 0.733333 0.534259 0.739583 0.523148 0.740104 0.523148 0.746354 0.512037 0.746875 0.512037 0.752604 0.501852 0.752604 0.500926 0.753125 0.500000 0.753125 0.499074 0.752604 0.498148 0.752604 0.497222 0.751042 0.494444 0.750521 0.494444 0.749479 0.492593 0.748958 0.492593 0.747917 0.490741 0.747396 0.490741 0.745833 0.487963 0.744792 0.487963 0.742708 0.491667 0.742188 0.491667 0.735938 0.502778 0.735417 0.502778 0.728646 0.514815 0.728125 0.514815 0.721875 0.525926 0.721354 0.525926 0.717187 0.533333 0.716667 0.533333 0.716146 0.534259 0.715625 0.534259 0.715104 0.535185 0.714583 0.535185 0.714063 0.534259 0.713542 0.534259 0.711979 0.531481 0.711458 0.531481 0.706250 0.522222 0.705729 0.522222 0.700000 0.512037 0.699479 0.512037 0.693750 0.501852 0.701562 0.515741 0.701562 0.516667 0.707292 0.526852 0.707292 0.527778 0.707812 0.528704 0.707812 0.529630 0.708333 0.530556 0.708333 0.531481 0.707812 0.532407 0.707812 0.533333 0.706771 0.535185 0.704167 0.535185 0.703646 0.534259 0.703125 0.534259 0.695312 0.520370 0.694792 0.520370 0.680729 0.495370 0.680208 0.495370 0.673958 0.484259 0.673438 0.484259 0.672917 0.483333 0.672396 0.483333 0.671875 0.482407 0.670833 0.482407 0.670312 0.481481
0 0.317708 0.481019 0.078125 0.075000 0.317708 0.443519 0.317188 0.444444 0.316667 0.444444 0.314583 0.448148 0.314063 0.448148 0.279687 0.509259 0.279687 0.510185 0.278646 0.512037 0.278646 0.513889 0.279167 0.514815 0.279167 0.515741 0.280208 0.517593 0.282292 0.517593 0.285417 0.512037 0.285938 0.512037 0.289062 0.506481 0.289583 0.506481 0.292708 0.500926 0.293229 0.500926 0.296354 0.495370 0.296875 0.495370 0.300521 0.488889 0.301042 0.488889 0.304167 0.483333 0.304688 0.483333 0.307812 0.477778 0.308333 0.477778 0.311458 0.472222 0.311979 0.472222 0.315625 0.465741 0.318229 0.465741 0.318750 0.466667 0.319271 0.466667 0.319792 0.467593 0.320312 0.467593 0.320833 0.468519 0.321354 0.468519 0.322917 0.471296 0.323437 0.471296 0.325000 0.474074 0.325521 0.474074 0.328646 0.479630 0.329167 0.479630 0.335417 0.490741 0.335938 0.490741 0.348958 0.513889 0.349479 0.513889 0.351562 0.517593 0.352083 0.517593 0.352604 0.518519 0.354687 0.518519 0.355729 0.516667 0.355729 0.515741 0.356771 0.513889 0.356771 0.512963 0.356250 0.512963 0.351042 0.503704 0.350521 0.503704 0.327604 0.462963 0.327083 0.462963 0.319271 0.449074 0.319271 0.448148 0.317708 0.445370
0 0.399740 0.480556 0.079687 0.088889 0.401042 0.436111 0.400521 0.437037 0.400521 0.437963 0.398958 0.440741 0.398958 0.441667 0.397917 0.443519 0.397917 0.444444 0.396354 0.447222 0.396354 0.448148 0.371354 0.492593 0.370833 0.492593 0.370312 0.493519 0.370312 0.494444 0.368750 0.497222 0.368750 0.498148 0.367188 0.500926 0.367188 0.501852 0.365104 0.505556 0.365104 0.506481 0.363542 0.509259 0.363542 0.510185 0.361979 0.512963 0.361979 0.513889 0.360417 0.516667 0.360417 0.517593 0.359896 0.518519 0.359896 0.521296 0.361458 0.524074 0.363021 0.524074 0.363542 0.523148 0.364063 0.523148 0.376563 0.500926 0.377083 0.500926 0.384375 0.487963 0.384896 0.487963 0.388542 0.481481 0.389062 0.481481 0.391146 0.477778 0.391667 0.477778 0.393229 0.475000 0.393750 0.475000 0.394271 0.474074 0.394792 0.474074 0.395313 0.473148 0.395833 0.473148 0.396354 0.472222 0.397917 0.472222 0.398438 0.471296 0.398958 0.472222 0.401042 0.472222 0.401562 0.473148 0.402083 0.473148 0.403125 0.475000 0.403646 0.475000 0.404687 0.476852 0.405208 0.476852 0.407292 0.480556 0.407813 0.480556 0.411458 0.487037 0.411979 0.487037 0.428125 0.515741 0.428646 0.515741 0.433333 0.524074 0.433854 0.524074 0.434375 0.525000 0.436458 0.525000 0.437500 0.523148 0.437500 0.522222 0.438021 0.521296 0.438021 0.519444 0.438542 0.518519 0.438542 0.516667 0.439063 0.515741 0.439063 0.513889 0.439583 0.512963 0.439583 0.512037 0.438542 0.512037 0.438021 0.511111 0.437500 0.511111 0.418750 0.477778 0.418229 0.477778 0.401562 0.448148 0.401562 0.447222 0.400000 0.444444 0.400000 0.443519 0.399479 0.442593 0.399479 0.441667 0.400000 0.440741 0.400000 0.439815 0.401042 0.437963
0 0.483073 0.476852 0.078646 0.092593 0.481771 0.430556 0.481250 0.431481 0.480208 0.431481 0.479687 0.432407 0.479687 0.436111 0.479167 0.437037 0.479167 0.442593 0.478646 0.443519 0.478646 0.445370 0.478125 0.446296 0.478125 0.447222 0.468229 0.464815 0.467708 0.464815 0.451562 0.493519 0.451042 0.493519 0.446354 0.501852 0.446354 0.502778 0.445833 0.503704 0.445833 0.505556 0.445312 0.506481 0.445312 0.508333 0.444792 0.509259 0.444792 0.512037 0.444271 0.512963 0.444271 0.514815 0.443750 0.515741 0.443750 0.519444 0.445312 0.522222 0.446875 0.522222 0.447917 0.520370 0.448437 0.520370 0.457813 0.503704 0.458333 0.503704 0.466146 0.489815 0.466667 0.489815 0.470833 0.482407 0.471354 0.482407 0.473958 0.477778 0.474479 0.477778 0.476562 0.474074 0.477083 0.474074 0.478125 0.472222 0.478646 0.472222 0.479167 0.471296 0.479687 0.471296 0.480208 0.470370 0.480729 0.470370 0.481250 0.469444 0.482812 0.469444 0.483333 0.468519 0.483854 0.469444 0.485417 0.469444 0.485938 0.470370 0.486979 0.470370 0.488021 0.472222 0.488542 0.472222 0.490104 0.475000 0.490625 0.475000 0.492708 0.478704 0.493229 0.478704 0.499479 0.489815 0.500000 0.489815 0.518229 0.522222 0.518750 0.522222 0.519271 0.523148 0.521354 0.523148 0.522396 0.521296 0.522396 0.514815 0.521875 0.513889 0.521875 0.507407 0.491146 0.452778 0.491146 0.451852 0.490625 0.450926 0.490625 0.440741 0.491146 0.439815 0.491146 0.437037 0.490625 0.436111 0.490104 0.436111 0.488542 0.433333 0.488021 0.433333 0.487500 0.432407 0.486979 0.432407 0.486458 0.431481 0.485938 0.431481 0.485417 0.430556
0 0.576042 0.474074 0.077083 0.083333 0.577083 0.432407 0.576562 0.433333 0.575521 0.433333 0.574479 0.435185 0.573958 0.435185 0.572917 0.437037 0.572396 0.437037 0.570833 0.439815 0.570312 0.439815 0.568750 0.442593 0.568750 0.444444 0.569271 0.445370 0.569271 0.446296 0.569792 0.447222 0.569792 0.448148 0.570312 0.449074 0.570312 0.451852 0.569271 0.453704 0.569271 0.454630 0.562500 0.466667 0.561979 0.466667 0.548958 0.489815 0.548438 0.489815 0.537500 0.509259 0.537500 0.512037 0.538021 0.512963 0.538021 0.513889 0.538542 0.514815 0.539062 0.514815 0.539583 0.515741 0.540625 0.515741 0.542188 0.512963 0.542708 0.512963 0.552083 0.496296 0.552604 0.496296 0.559896 0.483333 0.560417 0.483333 0.564583 0.475926 0.565104 0.475926 0.567708 0.471296 0.568229 0.471296 0.569792 0.468519 0.570312 0.468519 0.571875 0.465741 0.572396 0.465741 0.572917 0.464815 0.573438 0.464815 0.573958 0.463889 0.574479 0.463889 0.575000 0.462963 0.578646 0.462963 0.579167 0.463889 0.579688 0.463889 0.580208 0.464815 0.580729 0.464815 0.581250 0.465741 0.581771 0.465741 0.583333 0.468519 0.583854 0.468519 0.586458 0.473148 0.586979 0.473148 0.596354 0.489815 0.596875 0.489815 0.600521 0.496296 0.600521 0.497222 0.608854 0.512037 0.609375 0.512037 0.610938 0.514815 0.611458 0.514815 0.611979 0.515741 0.613021 0.515741 0.613542 0.514815 0.614062 0.514815 0.614583 0.513889 0.614583 0.510185 0.614062 0.509259 0.614062 0.508333 0.613021 0.506481 0.613021 0.505556 0.612500 0.504630 0.612500 0.503704 0.611458 0.501852 0.611458 0.500926 0.591667 0.465741 0.591667 0.464815 0.587500 0.457407 0.587500 0.456481 0.586458 0.454630 0.586458 0.453704 0.585938 0.452778 0.585938 0.451852 0.585417 0.450926 0.585417 0.450000 0.584375 0.448148 0.584375 0.447222 0.583854 0.446296 0.583854 0.445370 0.582812 0.443519 0.582812 0.442593 0.582292 0.441667 0.582292 0.440741 0.581771 0.439815 0.581771 0.438889 0.580729 0.437037 0.580729 0.436111 0.580208 0.435185 0.580208 0.434259 0.579167 0.432407
0 0.667188 0.495370 0.081250 0.079630 0.667188 0.455556 0.667188 0.457407 0.659896 0.470370 0.659375 0.470370 0.650521 0.486111 0.650000 0.486111 0.641667 0.500926 0.641146 0.500926 0.632292 0.516667 0.631771 0.516667 0.628125 0.523148 0.627604 0.523148 0.627083 0.524074 0.626563 0.524074 0.626563 0.525926 0.627083 0.526852 0.627083 0.527778 0.628125 0.529630 0.628125 0.530556 0.630208 0.534259 0.630729 0.534259 0.631250 0.535185 0.631771 0.534259 0.632292 0.534259 0.634896 0.529630 0.635417 0.529630 0.643229 0.515741 0.643750 0.515741 0.649479 0.505556 0.650000 0.505556 0.654167 0.498148 0.654687 0.498148 0.657813 0.492593 0.658333 0.492593 0.660417 0.488889 0.660937 0.488889 0.662500 0.486111 0.663021 0.486111 0.664062 0.484259 0.664583 0.484259 0.665625 0.482407 0.666667 0.482407 0.667188 0.481481 0.668229 0.481481 0.668750 0.480556 0.670312 0.480556 0.670833 0.481481 0.671875 0.481481 0.672396 0.482407 0.672917 0.482407 0.673438 0.483333 0.673958 0.483333 0.680208 0.494444 0.680729 0.494444 0.694792 0.519444 0.695312 0.519444 0.703125 0.533333 0.703646 0.533333 0.704167 0.534259 0.706771 0.534259 0.707292 0.533333 0.707292 0.532407 0.707812 0.531481 0.707812 0.530556 0.707292 0.529630 0.707292 0.528704 0.706771 0.527778 0.706771 0.526852 0.701042 0.516667 0.701042 0.515741 0.686458 0.489815 0.686458 0.488889 0.669271 0.458333 0.668750 0.458333
0 0.359375 0.474074 0.082292 0.077778 0.397396 0.435185 0.396875 0.436111 0.395833 0.436111 0.395313 0.437037 0.394792 0.437037 0.394271 0.437963 0.393750 0.437963 0.392708 0.439815 0.392188 0.439815 0.390625 0.442593 0.390104 0.442593 0.386979 0.448148 0.386458 0.448148 0.381250 0.457407 0.380729 0.457407 0.364583 0.486111 0.364063 0.486111 0.362500 0.488889 0.361458 0.488889 0.360938 0.487963 0.360417 0.487963 0.359375 0.486111 0.359375 0.485185 0.358854 0.484259 0.358854 0.481481 0.360938 0.477778 0.360938 0.476852 0.364063 0.471296 0.364063 0.470370 0.367708 0.463889 0.367708 0.462963 0.370833 0.457407 0.370833 0.456481 0.374479 0.450000 0.359896 0.475926 0.359375 0.475926 0.356250 0.481481 0.355729 0.481481 0.355208 0.482407 0.354687 0.482407 0.354167 0.483333 0.353646 0.483333 0.353125 0.484259 0.352083 0.484259 0.351562 0.483333 0.351042 0.483333 0.349479 0.480556 0.348958 0.480556 0.337500 0.460185 0.336979 0.460185 0.329688 0.447222 0.329167 0.447222 0.325521 0.440741 0.325000 0.440741 0.322396 0.436111 0.321875 0.437037 0.321354 0.437037 0.319792 0.439815 0.319271 0.439815 0.318229 0.441667 0.318229 0.445370 0.319792 0.448148 0.319792 0.449074 0.327083 0.462037 0.327604 0.462037 0.350521 0.502778 0.351042 0.502778 0.356250 0.512037 0.356771 0.512037 0.357292 0.512963 0.358333 0.512963 0.359375 0.511111 0.359896 0.511111 0.370833 0.491667 0.371354 0.491667 0.395833 0.448148 0.395833 0.447222 0.397396 0.444444 0.397396 0.443519 0.398438 0.441667 0.398438 0.440741 0.400000 0.437963 0.400000 0.437037 0.400521 0.436111 0.400000 0.436111 0.399479 0.435185
0 0.439583 0.472222 0.079167 0.077778 0.478646 0.433333 0.478125 0.434259 0.477604 0.434259 0.476042 0.437037 0.475521 0.437037 0.472917 0.441667 0.472396 0.441667 0.467708 0.450000 0.467187 0.450000 0.457292 0.467593 0.456771 0.467593 0.447917 0.483333 0.447396 0.483333 0.446875 0.484259 0.445833 0.484259 0.443750 0.480556 0.443750 0.479630 0.443229 0.478704 0.443750 0.477778 0.443750 0.475926 0.444271 0.475000 0.444271 0.473148 0.444792 0.472222 0.444792 0.470370 0.445312 0.469444 0.445312 0.467593 0.445833 0.466667 0.445833 0.465741 0.442708 0.471296 0.442188 0.471296 0.440625 0.474074 0.440625 0.475000 0.440104 0.475926 0.440104 0.477778 0.439583 0.478704 0.439583 0.480556 0.439063 0.481481 0.439063 0.482407 0.438542 0.483333 0.438542 0.485185 0.438021 0.486111 0.438021 0.487037 0.436979 0.488889 0.436458 0.488889 0.435937 0.489815 0.434896 0.489815 0.434375 0.488889 0.433854 0.488889 0.430729 0.483333 0.430208 0.483333 0.412500 0.451852 0.411979 0.451852 0.407813 0.444444 0.407292 0.444444 0.405208 0.440741 0.404687 0.440741 0.403125 0.437963 0.402604 0.437963 0.402083 0.437037 0.401562 0.437037 0.401562 0.437963 0.400521 0.439815 0.400521 0.440741 0.400000 0.441667 0.400000 0.442593 0.400521 0.443519 0.400521 0.444444 0.402083 0.447222 0.402083 0.448148 0.418229 0.476852 0.418750 0.476852 0.437500 0.510185 0.438021 0.510185 0.438542 0.511111 0.440104 0.511111 0.441146 0.509259 0.441667 0.509259 0.451042 0.492593 0.451562 0.492593 0.467708 0.463889 0.468229 0.463889 0.477604 0.447222 0.477604 0.446296 0.478125 0.445370 0.478125 0.443519 0.478646 0.442593 0.478646 0.437037 0.479167 0.436111 0.479167 0.433333
0 0.530469 0.478241 0.078646 0.080556 0.491667 0.437963 0.491667 0.439815 0.491146 0.440741 0.491146 0.450926 0.491667 0.451852 0.491667 0.452778 0.528125 0.517593 0.528646 0.517593 0.529167 0.518519 0.530729 0.518519 0.531250 0.517593 0.531771 0.517593 0.534896 0.512037 0.535417 0.512037 0.548438 0.488889 0.548958 0.488889 0.561979 0.465741 0.562500 0.465741 0.568750 0.454630 0.568750 0.453704 0.569792 0.451852 0.569792 0.449074 0.569271 0.448148 0.569271 0.447222 0.568750 0.446296 0.568750 0.445370 0.568229 0.444444 0.568229 0.443519 0.567708 0.444444 0.567187 0.444444 0.563542 0.450926 0.563021 0.450926 0.556771 0.462037 0.556250 0.462037 0.545312 0.481481 0.544792 0.481481 0.542188 0.486111 0.540104 0.486111 0.538542 0.483333 0.538542 0.482407 0.538021 0.481481 0.538021 0.477778 0.537500 0.476852 0.537500 0.474074 0.533854 0.480556 0.533333 0.480556 0.531771 0.483333 0.531250 0.483333 0.530729 0.484259 0.530208 0.484259 0.529687 0.483333 0.529167 0.483333 0.527604 0.480556 0.527083 0.480556 0.522396 0.472222 0.522917 0.473148 0.522917 0.478704 0.523438 0.479630 0.522917 0.480556 0.522917 0.481481 0.521354 0.484259 0.519271 0.484259 0.518229 0.482407 0.517708 0.482407 0.498437 0.448148 0.497917 0.448148 0.493229 0.439815 0.492708 0.439815
0 0.623437 0.478241 0.087500 0.091667 0.579688 0.432407 0.580729 0.434259 0.580729 0.435185 0.581250 0.436111 0.581250 0.437037 0.582292 0.438889 0.582292 0.439815 0.582812 0.440741 0.582812 0.441667 0.583333 0.442593 0.583333 0.443519 0.584375 0.445370 0.584375 0.446296 0.584896 0.447222 0.584896 0.448148 0.585938 0.450000 0.585938 0.450926 0.586458 0.451852 0.586458 0.452778 0.586979 0.453704 0.586979 0.454630 0.588021 0.456481 0.588021 0.457407 0.592187 0.464815 0.592187 0.465741 0.624479 0.523148 0.625000 0.523148 0.625521 0.524074 0.626042 0.524074 0.626563 0.523148 0.627083 0.523148 0.627604 0.522222 0.628125 0.522222 0.631771 0.515741 0.632292 0.515741 0.641146 0.500000 0.641667 0.500000 0.650000 0.485185 0.650521 0.485185 0.659375 0.469444 0.659896 0.469444 0.666667 0.457407 0.666667 0.455556 0.667188 0.454630 0.666667 0.453704 0.666667 0.452778 0.662500 0.445370 0.661979 0.445370 0.660417 0.448148 0.659896 0.448148 0.657813 0.451852 0.657292 0.451852 0.654167 0.457407 0.653646 0.457407 0.649479 0.464815 0.648958 0.464815 0.642708 0.475926 0.642188 0.475926 0.633854 0.490741 0.633333 0.490741 0.631250 0.494444 0.629687 0.494444 0.626563 0.488889 0.626563 0.487963 0.625000 0.485185 0.625000 0.484259 0.624479 0.484259 0.623958 0.483333 0.623437 0.483333 0.609896 0.459259 0.609896 0.458333 0.608333 0.455556 0.609896 0.458333 0.609896 0.459259 0.610938 0.461111 0.610938 0.462037 0.612500 0.464815 0.612500 0.465741 0.613542 0.467593 0.613542 0.468519 0.615104 0.471296 0.615104 0.472222 0.616667 0.475000 0.616667 0.475926 0.617708 0.477778 0.617708 0.478704 0.618229 0.479630 0.618229 0.480556 0.618750 0.481481 0.618229 0.482407 0.618229 0.483333 0.616667 0.486111 0.614583 0.486111 0.614062 0.485185 0.613542 0.485185 0.591146 0.445370 0.590625 0.445370 0.586979 0.438889 0.586458 0.438889 0.584896 0.436111 0.584375 0.436111 0.583333 0.434259 0.582812 0.434259 0.582292 0.433333 0.581771 0.433333 0.581250 0.432407
0 0.709375 0.487500 0.092708 0.093519 0.666667 0.440741 0.666146 0.441667 0.665625 0.441667 0.665104 0.442593 0.664583 0.442593 0.664062 0.443519 0.663542 0.443519 0.663021 0.444444 0.663021 0.445370 0.667188 0.452778 0.667188 0.453704 0.667708 0.454630 0.667708 0.455556 0.668750 0.457407 0.669271 0.457407 0.686979 0.488889 0.686979 0.489815 0.693229 0.500926 0.693750 0.500926 0.699479 0.511111 0.700000 0.511111 0.705729 0.521296 0.706250 0.521296 0.711458 0.530556 0.711979 0.530556 0.713542 0.533333 0.714063 0.533333 0.714583 0.534259 0.715104 0.534259 0.715625 0.533333 0.716146 0.533333 0.716667 0.532407 0.717187 0.532407 0.721354 0.525000 0.721875 0.525000 0.728125 0.513889 0.728646 0.513889 0.735417 0.501852 0.735938 0.501852 0.742188 0.490741 0.742708 0.490741 0.749479 0.478704 0.750000 0.478704 0.755208 0.469444 0.755208 0.468519 0.755729 0.467593 0.755729 0.466667 0.755208 0.465741 0.755208 0.464815 0.753646 0.462037 0.752604 0.462037 0.752083 0.462963 0.751563 0.462963 0.745313 0.474074 0.744792 0.474074 0.738021 0.486111 0.737500 0.486111 0.730729 0.498148 0.730208 0.498148 0.725521 0.506481 0.725000 0.506481 0.723437 0.509259 0.721354 0.509259 0.720833 0.508333 0.720313 0.508333 0.718750 0.505556 0.718229 0.505556 0.715625 0.500926 0.715104 0.500926 0.712500 0.496296 0.711979 0.496296 0.709896 0.492593 0.709375 0.492593 0.706771 0.487963 0.706771 0.491667 0.705208 0.494444 0.703125 0.494444 0.702083 0.492593 0.701562 0.492593 0.698958 0.487963 0.698438 0.487963 0.695312 0.482407 0.694792 0.482407 0.691667 0.476852 0.691146 0.476852 0.688542 0.472222 0.688021 0.472222 0.684896 0.466667 0.684375 0.466667 0.681250 0.461111 0.680729 0.461111 0.677604 0.455556 0.677083 0.455556 0.674479 0.450926 0.673958 0.450926 0.673438 0.450000 0.672917 0.450000 0.669792 0.444444 0.669271 0.444444 0.667188 0.440741
0 0.315625 0.447222 0.077083 0.072222 0.313542 0.411111 0.312500 0.412963 0.311979 0.412963 0.296354 0.440741 0.296354 0.441667 0.277604 0.475000 0.277604 0.475926 0.277083 0.476852 0.277083 0.478704 0.277604 0.479630 0.277604 0.480556 0.278125 0.481481 0.278646 0.481481 0.279167 0.482407 0.280208 0.482407 0.280729 0.481481 0.281250 0.481481 0.282813 0.478704 0.283333 0.478704 0.284896 0.475926 0.285417 0.475926 0.287500 0.472222 0.288021 0.472222 0.294792 0.460185 0.295312 0.460185 0.297396 0.456481 0.297917 0.456481 0.299479 0.453704 0.300000 0.453704 0.301563 0.450926 0.302083 0.450926 0.303646 0.448148 0.304167 0.448148 0.305729 0.445370 0.306250 0.445370 0.307812 0.442593 0.308333 0.442593 0.309896 0.439815 0.310417 0.439815 0.311979 0.437037 0.312500 0.437037 0.314583 0.433333 0.315104 0.433333 0.316667 0.430556 0.318229 0.430556 0.318750 0.431481 0.319271 0.431481 0.320312 0.433333 0.320833 0.433333 0.321875 0.435185 0.322396 0.435185 0.325000 0.439815 0.325521 0.439815 0.329167 0.446296 0.329688 0.446296 0.336979 0.459259 0.337500 0.459259 0.348958 0.479630 0.349479 0.479630 0.351042 0.482407 0.351562 0.482407 0.352083 0.483333 0.353125 0.483333 0.353646 0.482407 0.354167 0.482407 0.354167 0.481481 0.353646 0.481481 0.352604 0.479630 0.352083 0.479630 0.339062 0.456481 0.338542 0.456481 0.314063 0.412963 0.314063 0.412037
0 0.400000 0.443056 0.081250 0.091667 0.402604 0.397222 0.400000 0.401852 0.400000 0.402778 0.396875 0.408333 0.396875 0.409259 0.393750 0.414815 0.393750 0.415741 0.375000 0.449074 0.375000 0.450000 0.371354 0.456481 0.371354 0.457407 0.368229 0.462963 0.368229 0.463889 0.364583 0.470370 0.364583 0.471296 0.361458 0.476852 0.361458 0.477778 0.359375 0.481481 0.359375 0.484259 0.359896 0.485185 0.359896 0.486111 0.360417 0.487037 0.360938 0.487037 0.361458 0.487963 0.362500 0.487963 0.364063 0.485185 0.364583 0.485185 0.380729 0.456481 0.381250 0.456481 0.386458 0.447222 0.386979 0.447222 0.390104 0.441667 0.390625 0.441667 0.392188 0.438889 0.392708 0.438889 0.393750 0.437037 0.394271 0.437037 0.394792 0.436111 0.395313 0.436111 0.395833 0.435185 0.396875 0.435185 0.397396 0.434259 0.399479 0.434259 0.400000 0.435185 0.401042 0.435185 0.401562 0.436111 0.402083 0.436111 0.402604 0.437037 0.403125 0.437037 0.404687 0.439815 0.405208 0.439815 0.407292 0.443519 0.407813 0.443519 0.411979 0.450926 0.412500 0.450926 0.430208 0.482407 0.430729 0.482407 0.433854 0.487963 0.434375 0.487963 0.434896 0.488889 0.435937 0.488889 0.436458 0.487963 0.436979 0.487963 0.437500 0.487037 0.437500 0.486111 0.438021 0.485185 0.438021 0.483333 0.438542 0.482407 0.438542 0.481481 0.439063 0.480556 0.439063 0.478704 0.439583 0.477778 0.439583 0.475926 0.440104 0.475000 0.440104 0.474074 0.440625 0.473148 0.440104 0.474074 0.439063 0.474074 0.438542 0.473148 0.438021 0.473148 0.421354 0.443519 0.420833 0.443519 0.401042 0.408333 0.401042 0.407407 0.400000 0.405556 0.400000 0.402778 0.400521 0.401852 0.400521 0.400926
0 0.483333 0.437500 0.079167 0.091667 0.481771 0.391667 0.481250 0.392593 0.480729 0.392593 0.480208 0.393519 0.480208 0.397222 0.479687 0.398148 0.479687 0.402778 0.479167 0.403704 0.479167 0.406481 0.478125 0.408333 0.478125 0.409259 0.463542 0.435185 0.463021 0.435185 0.446354 0.464815 0.446354 0.466667 0.445833 0.467593 0.445833 0.469444 0.445312 0.470370 0.445312 0.472222 0.444792 0.473148 0.444792 0.475000 0.444271 0.475926 0.444271 0.477778 0.443750 0.478704 0.444271 0.479630 0.444271 0.480556 0.445833 0.483333 0.446875 0.483333 0.447396 0.482407 0.447917 0.482407 0.456771 0.466667 0.457292 0.466667 0.467187 0.449074 0.467708 0.449074 0.472396 0.440741 0.472917 0.440741 0.475521 0.436111 0.476042 0.436111 0.477604 0.433333 0.478125 0.433333 0.478646 0.432407 0.479167 0.432407 0.480208 0.430556 0.481250 0.430556 0.481771 0.429630 0.485417 0.429630 0.485938 0.430556 0.486458 0.430556 0.486979 0.431481 0.487500 0.431481 0.488021 0.432407 0.488542 0.432407 0.490104 0.435185 0.490625 0.435185 0.492708 0.438889 0.493229 0.438889 0.497917 0.447222 0.498437 0.447222 0.517708 0.481481 0.518229 0.481481 0.519271 0.483333 0.521354 0.483333 0.522396 0.481481 0.522396 0.480556 0.522917 0.479630 0.522396 0.478704 0.522396 0.473148 0.521875 0.472222 0.521875 0.471296 0.493750 0.421296 0.493750 0.420370 0.491146 0.415741 0.491146 0.414815 0.490625 0.413889 0.490625 0.408333 0.491146 0.407407 0.491146 0.398148 0.490625 0.397222 0.490104 0.397222 0.488542 0.394444 0.488021 0.394444 0.487500 0.393519 0.486979 0.393519 0.486458 0.392593 0.485938 0.392593 0.485417 0.391667
0 0.578125 0.439352 0.080208 0.091667 0.577083 0.393519 0.576562 0.394444 0.575521 0.394444 0.574479 0.396296 0.573958 0.396296 0.572917 0.398148 0.572396 0.398148 0.570312 0.401852 0.569792 0.401852 0.568750 0.403704 0.568750 0.405556 0.569271 0.406481 0.569271 0.407407 0.570312 0.409259 0.570312 0.410185 0.570833 0.411111 0.570833 0.412037 0.571354 0.412963 0.571354 0.414815 0.570312 0.416667 0.570312 0.417593 0.561979 0.432407 0.561458 0.432407 0.546354 0.459259 0.545833 0.459259 0.538021 0.473148 0.538021 0.476852 0.538542 0.477778 0.538542 0.481481 0.539062 0.482407 0.539062 0.483333 0.540104 0.485185 0.542188 0.485185 0.544792 0.480556 0.545312 0.480556 0.556250 0.461111 0.556771 0.461111 0.563021 0.450000 0.563542 0.450000 0.567187 0.443519 0.567708 0.443519 0.570312 0.438889 0.570833 0.438889 0.572396 0.436111 0.572917 0.436111 0.573958 0.434259 0.574479 0.434259 0.575521 0.432407 0.576562 0.432407 0.577083 0.431481 0.581250 0.431481 0.581771 0.432407 0.582292 0.432407 0.582812 0.433333 0.583333 0.433333 0.584375 0.435185 0.584896 0.435185 0.586458 0.437963 0.586979 0.437963 0.590625 0.444444 0.591146 0.444444 0.613542 0.484259 0.614062 0.484259 0.614583 0.485185 0.616667 0.485185 0.617708 0.483333 0.617708 0.482407 0.618229 0.481481 0.617708 0.480556 0.617708 0.479630 0.617188 0.478704 0.617188 0.477778 0.616146 0.475926 0.616146 0.475000 0.614583 0.472222 0.614583 0.471296 0.613021 0.468519 0.613021 0.467593 0.611979 0.465741 0.611979 0.464815 0.610417 0.462037 0.610417 0.461111 0.609375 0.459259 0.609375 0.458333 0.607812 0.455556 0.607812 0.454630 0.589063 0.421296 0.589063 0.420370 0.586979 0.416667 0.586979 0.415741 0.585938 0.413889 0.585938 0.412963 0.584896 0.411111 0.584896 0.410185 0.583333 0.407407 0.583333 0.406481 0.582292 0.404630 0.582292 0.403704 0.581250 0.401852 0.581250 0.400926 0.580208 0.399074 0.580208 0.398148 0.579167 0.396296 0.579167 0.395370 0.578125 0.393519
0 0.665885 0.454630 0.080729 0.077778 0.666667 0.415741 0.666667 0.416667 0.656771 0.434259 0.656250 0.434259 0.646875 0.450926 0.646354 0.450926 0.636979 0.467593 0.636458 0.467593 0.628646 0.481481 0.628125 0.481481 0.626563 0.484259 0.625521 0.484259 0.625521 0.485185 0.627083 0.487963 0.627083 0.488889 0.629687 0.493519 0.631250 0.493519 0.633333 0.489815 0.633854 0.489815 0.642188 0.475000 0.642708 0.475000 0.648958 0.463889 0.649479 0.463889 0.653646 0.456481 0.654167 0.456481 0.657292 0.450926 0.657813 0.450926 0.659896 0.447222 0.660417 0.447222 0.661979 0.444444 0.662500 0.444444 0.663542 0.442593 0.664062 0.442593 0.664583 0.441667 0.665104 0.441667 0.665625 0.440741 0.666146 0.440741 0.666667 0.439815 0.667708 0.439815 0.670312 0.444444 0.670833 0.444444 0.673958 0.450000 0.674479 0.450000 0.677083 0.454630 0.677604 0.454630 0.680729 0.460185 0.681250 0.460185 0.684375 0.465741 0.684896 0.465741 0.688021 0.471296 0.688542 0.471296 0.691146 0.475926 0.691667 0.475926 0.694792 0.481481 0.695312 0.481481 0.698438 0.487037 0.698958 0.487037 0.701562 0.491667 0.702083 0.491667 0.703125 0.493519 0.705208 0.493519 0.706250 0.491667 0.706250 0.487963 0.705729 0.487037 0.705729 0.486111 0.701042 0.477778 0.701042 0.476852 0.688021 0.453704 0.688021 0.452778 0.675000 0.429630 0.675000 0.428704 0.671875 0.423148 0.671354 0.423148 0.669271 0.419444 0.668750 0.419444
0 0.358333 0.437963 0.088542 0.087037 0.397917 0.394444 0.397396 0.395370 0.396875 0.395370 0.396354 0.396296 0.395833 0.396296 0.395313 0.397222 0.394792 0.397222 0.393229 0.400000 0.392708 0.400000 0.391146 0.402778 0.390625 0.402778 0.386458 0.410185 0.385937 0.410185 0.372917 0.433333 0.372396 0.433333 0.364583 0.447222 0.364063 0.447222 0.363542 0.448148 0.363021 0.447222 0.362500 0.447222 0.360417 0.443519 0.360417 0.441667 0.360938 0.440741 0.360938 0.439815 0.362500 0.437037 0.362500 0.436111 0.380208 0.404630 0.379688 0.404630 0.379167 0.403704 0.378646 0.403704 0.359375 0.437963 0.358854 0.437963 0.358333 0.438889 0.357292 0.438889 0.353646 0.445370 0.352083 0.445370 0.351042 0.443519 0.350521 0.443519 0.345833 0.435185 0.345313 0.435185 0.332813 0.412963 0.332292 0.412963 0.327604 0.404630 0.327083 0.404630 0.324479 0.400000 0.323958 0.400000 0.322917 0.398148 0.322396 0.399074 0.321875 0.399074 0.320833 0.400926 0.320312 0.400926 0.319271 0.402778 0.318750 0.402778 0.318229 0.403704 0.317708 0.403704 0.316667 0.405556 0.316146 0.405556 0.314063 0.409259 0.314063 0.411111 0.314583 0.412037 0.314583 0.412963 0.338542 0.455556 0.339062 0.455556 0.352083 0.478704 0.352604 0.478704 0.353646 0.480556 0.354167 0.480556 0.354687 0.481481 0.355208 0.481481 0.355729 0.480556 0.356250 0.480556 0.359375 0.475000 0.359896 0.475000 0.393229 0.415741 0.393229 0.414815 0.396354 0.409259 0.396354 0.408333 0.399479 0.402778 0.399479 0.401852 0.402083 0.397222 0.402083 0.396296 0.402604 0.395370 0.401562 0.395370 0.401042 0.394444
0 0.440104 0.433333 0.079167 0.079630 0.479687 0.393519 0.479167 0.394444 0.478646 0.394444 0.477083 0.397222 0.476562 0.397222 0.474479 0.400926 0.473958 0.400926 0.470833 0.406481 0.470313 0.406481 0.463542 0.418519 0.463021 0.418519 0.448437 0.444444 0.447917 0.444444 0.447396 0.445370 0.445312 0.445370 0.443750 0.442593 0.443750 0.437963 0.444271 0.437037 0.444271 0.436111 0.444792 0.435185 0.444792 0.433333 0.445312 0.432407 0.445312 0.431481 0.445833 0.430556 0.445833 0.428704 0.446354 0.427778 0.441667 0.436111 0.441146 0.436111 0.441146 0.437037 0.440625 0.437963 0.440625 0.438889 0.440104 0.439815 0.440104 0.440741 0.439583 0.441667 0.439583 0.443519 0.439063 0.444444 0.439063 0.445370 0.437500 0.448148 0.435937 0.448148 0.435417 0.447222 0.434896 0.447222 0.434375 0.446296 0.433854 0.446296 0.417708 0.417593 0.417187 0.417593 0.410938 0.406481 0.410417 0.406481 0.407292 0.400926 0.406771 0.400926 0.405208 0.398148 0.404687 0.398148 0.404167 0.397222 0.403646 0.397222 0.403125 0.396296 0.403125 0.397222 0.401042 0.400926 0.401042 0.401852 0.400521 0.402778 0.400521 0.405556 0.401562 0.407407 0.401562 0.408333 0.420833 0.442593 0.421354 0.442593 0.438021 0.472222 0.438542 0.472222 0.439063 0.473148 0.440104 0.473148 0.440625 0.472222 0.441146 0.472222 0.442188 0.470370 0.442708 0.470370 0.463021 0.434259 0.463542 0.434259 0.477604 0.409259 0.477604 0.408333 0.478646 0.406481 0.478646 0.403704 0.479167 0.402778 0.479167 0.398148 0.479687 0.397222
0 0.530990 0.441204 0.079687 0.084259 0.491667 0.399074 0.491667 0.407407 0.491146 0.408333 0.491146 0.413889 0.491667 0.414815 0.491667 0.415741 0.494271 0.420370 0.494271 0.421296 0.527083 0.479630 0.527604 0.479630 0.529167 0.482407 0.529687 0.482407 0.530208 0.483333 0.530729 0.483333 0.531250 0.482407 0.531771 0.482407 0.533333 0.479630 0.533854 0.479630 0.545833 0.458333 0.546354 0.458333 0.561458 0.431481 0.561979 0.431481 0.569792 0.417593 0.569792 0.416667 0.570833 0.414815 0.570833 0.412963 0.570312 0.412037 0.570312 0.411111 0.569792 0.410185 0.569792 0.409259 0.568750 0.407407 0.568750 0.406481 0.568229 0.405556 0.568229 0.404630 0.567187 0.406481 0.566667 0.406481 0.562500 0.413889 0.561979 0.413889 0.554167 0.427778 0.553646 0.427778 0.543229 0.446296 0.542708 0.446296 0.542188 0.447222 0.540625 0.447222 0.540104 0.446296 0.539583 0.446296 0.539062 0.445370 0.539062 0.444444 0.538542 0.443519 0.538542 0.442593 0.538021 0.441667 0.538021 0.439815 0.534896 0.445370 0.534375 0.445370 0.532292 0.449074 0.530208 0.449074 0.529687 0.448148 0.529167 0.448148 0.522917 0.437037 0.522917 0.437963 0.523438 0.438889 0.523438 0.442593 0.521875 0.445370 0.521354 0.445370 0.520833 0.446296 0.520312 0.446296 0.519792 0.445370 0.519271 0.445370 0.518229 0.443519 0.517708 0.443519 0.498437 0.409259 0.497917 0.409259 0.493229 0.400926 0.492708 0.400926
0 0.622396 0.437963 0.087500 0.090741 0.578646 0.392593 0.578646 0.393519 0.579688 0.395370 0.579688 0.396296 0.580729 0.398148 0.580729 0.399074 0.581771 0.400926 0.581771 0.401852 0.582812 0.403704 0.582812 0.404630 0.583854 0.406481 0.583854 0.407407 0.585417 0.410185 0.585417 0.411111 0.586458 0.412963 0.586458 0.413889 0.587500 0.415741 0.587500 0.416667 0.589583 0.420370 0.589583 0.421296 0.610417 0.458333 0.610417 0.459259 0.623437 0.482407 0.623958 0.482407 0.624479 0.483333 0.626563 0.483333 0.628125 0.480556 0.628646 0.480556 0.636458 0.466667 0.636979 0.466667 0.646354 0.450000 0.646875 0.450000 0.656250 0.433333 0.656771 0.433333 0.666146 0.416667 0.666146 0.412963 0.663542 0.408333 0.663021 0.408333 0.661458 0.405556 0.660937 0.405556 0.660417 0.406481 0.659896 0.406481 0.658333 0.409259 0.657813 0.409259 0.654687 0.414815 0.654167 0.414815 0.650521 0.421296 0.650000 0.421296 0.644271 0.431481 0.643750 0.431481 0.634896 0.447222 0.634375 0.447222 0.630729 0.453704 0.628646 0.453704 0.625000 0.447222 0.625000 0.446296 0.623958 0.444444 0.623437 0.444444 0.611979 0.424074 0.611979 0.423148 0.603125 0.407407 0.603646 0.408333 0.603646 0.409259 0.606250 0.413889 0.606250 0.414815 0.608854 0.419444 0.608854 0.420370 0.611458 0.425000 0.611458 0.425926 0.614062 0.430556 0.614062 0.431481 0.616146 0.435185 0.616146 0.436111 0.618229 0.439815 0.618229 0.440741 0.618750 0.441667 0.618750 0.443519 0.618229 0.444444 0.618229 0.445370 0.617188 0.447222 0.614583 0.447222 0.613542 0.445370 0.613021 0.445370 0.601562 0.425000 0.601562 0.424074 0.597917 0.417593 0.597396 0.417593 0.589063 0.402778 0.588542 0.402778 0.585938 0.398148 0.585417 0.398148 0.584375 0.396296 0.583854 0.396296 0.582812 0.394444 0.582292 0.394444 0.581771 0.393519 0.580208 0.393519 0.579688 0.392593
0 0.712500 0.447222 0.102083 0.122222 0.708854 0.386111 0.708333 0.387037 0.707812 0.387037 0.703646 0.394444 0.703125 0.394444 0.695833 0.407407 0.695312 0.407407 0.690625 0.415741 0.690104 0.415741 0.689583 0.416667 0.690104 0.417593 0.690104 0.418519 0.701042 0.437963 0.701042 0.438889 0.705208 0.446296 0.705208 0.447222 0.705729 0.448148 0.705729 0.450000 0.705208 0.450926 0.705208 0.451852 0.704167 0.453704 0.701562 0.453704 0.700521 0.451852 0.700000 0.451852 0.698438 0.449074 0.697917 0.449074 0.696354 0.446296 0.695833 0.446296 0.694792 0.444444 0.694271 0.444444 0.692708 0.441667 0.692187 0.441667 0.690625 0.438889 0.690104 0.438889 0.688542 0.436111 0.688021 0.436111 0.686458 0.433333 0.685937 0.433333 0.684375 0.430556 0.683854 0.430556 0.682292 0.427778 0.681771 0.427778 0.680729 0.425926 0.680208 0.425926 0.678646 0.423148 0.678125 0.423148 0.676562 0.420370 0.676042 0.420370 0.674479 0.417593 0.673958 0.417593 0.672396 0.414815 0.671875 0.414815 0.670312 0.412037 0.669792 0.412037 0.668229 0.409259 0.667708 0.409259 0.666146 0.406481 0.665625 0.406481 0.664062 0.403704 0.663542 0.403704 0.663021 0.402778 0.662500 0.403704 0.661979 0.403704 0.661458 0.404630 0.663021 0.407407 0.663542 0.407407 0.666667 0.412963 0.666667 0.414815 0.668750 0.418519 0.669271 0.418519 0.671354 0.422222 0.671875 0.422222 0.675521 0.428704 0.675521 0.429630 0.688542 0.452778 0.688542 0.453704 0.701562 0.476852 0.701562 0.477778 0.706250 0.486111 0.706250 0.487037 0.706771 0.487037 0.709375 0.491667 0.709896 0.491667 0.711979 0.495370 0.712500 0.495370 0.715104 0.500000 0.715625 0.500000 0.718229 0.504630 0.718750 0.504630 0.720313 0.507407 0.720833 0.507407 0.721354 0.508333 0.723437 0.508333 0.725000 0.505556 0.725521 0.505556 0.730208 0.497222 0.730729 0.497222 0.737500 0.485185 0.738021 0.485185 0.744792 0.473148 0.745313 0.473148 0.751563 0.462037 0.752083 0.462037 0.759375 0.449074 0.759896 0.449074 0.762500 0.444444 0.762500 0.443519 0.763021 0.442593 0.763021 0.441667 0.763542 0.440741 0.763021 0.439815 0.763021 0.438889 0.762500 0.437963 0.762500 0.437037 0.761979 0.437037 0.761458 0.436111 0.760938 0.436111 0.760417 0.435185 0.759896 0.435185 0.759375 0.434259 0.758854 0.434259 0.757812 0.432407 0.757292 0.432407 0.756771 0.431481 0.756250 0.431481 0.755729 0.430556 0.755208 0.430556 0.754687 0.429630 0.754167 0.429630 0.753646 0.428704 0.753125 0.428704 0.752604 0.427778 0.752083 0.427778 0.751042 0.425926 0.750521 0.425926 0.750000 0.425000 0.749479 0.425000 0.748958 0.424074 0.748437 0.424074 0.747917 0.423148 0.747396 0.423148 0.746875 0.422222 0.746354 0.422222 0.745833 0.421296 0.745313 0.421296 0.744271 0.419444 0.743750 0.419444 0.743229 0.418519 0.742708 0.418519 0.742188 0.417593 0.741667 0.417593 0.741146 0.416667 0.740625 0.416667 0.740104 0.415741 0.739583 0.415741 0.739062 0.414815 0.738542 0.414815 0.737500 0.412963 0.736979 0.412963 0.736458 0.412037 0.735938 0.412037 0.735417 0.411111 0.734896 0.411111 0.734375 0.410185 0.733854 0.410185 0.733333 0.409259 0.732812 0.409259 0.732292 0.408333 0.731771 0.408333 0.730729 0.406481 0.730208 0.406481 0.729688 0.405556 0.729167 0.405556 0.728646 0.404630 0.728125 0.404630 0.727604 0.403704 0.727083 0.403704 0.726562 0.402778 0.726042 0.402778 0.725521 0.401852 0.725000 0.401852 0.723958 0.400000 0.723437 0.400000 0.722917 0.399074 0.722396 0.399074 0.721875 0.398148 0.721354 0.398148 0.720833 0.397222 0.720313 0.397222 0.719792 0.396296 0.719271 0.396296 0.718750 0.395370 0.718229 0.395370 0.717187 0.393519 0.716667 0.393519 0.716146 0.392593 0.715625 0.392593 0.715104 0.391667 0.714583 0.391667 0.714063 0.390741 0.713542 0.390741 0.713021 0.389815 0.712500 0.389815 0.711979 0.388889 0.711458 0.388889 0.710417 0.387037 0.709896 0.387037 0.709375 0.386111
0 0.317188 0.406944 0.079167 0.075000 0.316667 0.369444 0.316146 0.370370 0.315625 0.370370 0.315104 0.371296 0.314583 0.371296 0.313542 0.373148 0.313021 0.373148 0.297917 0.400000 0.297917 0.400926 0.279167 0.434259 0.279167 0.435185 0.277604 0.437963 0.277604 0.440741 0.279167 0.443519 0.279687 0.443519 0.280208 0.444444 0.280729 0.443519 0.281250 0.443519 0.281771 0.442593 0.282292 0.442593 0.283333 0.440741 0.283854 0.440741 0.284896 0.438889 0.285417 0.438889 0.286458 0.437037 0.286979 0.437037 0.293229 0.425926 0.293750 0.425926 0.294792 0.424074 0.295312 0.424074 0.296354 0.422222 0.296875 0.422222 0.297917 0.420370 0.298438 0.420370 0.299479 0.418519 0.300000 0.418519 0.300521 0.417593 0.301042 0.417593 0.302083 0.415741 0.302604 0.415741 0.303646 0.413889 0.304167 0.413889 0.305208 0.412037 0.305729 0.412037 0.306771 0.410185 0.307292 0.410185 0.308333 0.408333 0.308854 0.408333 0.309896 0.406481 0.310417 0.406481 0.311458 0.404630 0.311979 0.404630 0.313021 0.402778 0.313542 0.402778 0.314583 0.400926 0.315104 0.400926 0.315625 0.400000 0.316146 0.400000 0.317188 0.398148 0.317708 0.398148 0.318750 0.396296 0.319271 0.396296 0.320312 0.394444 0.320833 0.394444 0.321354 0.395370 0.321875 0.395370 0.323958 0.399074 0.324479 0.399074 0.327083 0.403704 0.327604 0.403704 0.332292 0.412037 0.332813 0.412037 0.345313 0.434259 0.345833 0.434259 0.350521 0.442593 0.351042 0.442593 0.352083 0.444444 0.353646 0.444444 0.356771 0.438889 0.356250 0.437963 0.355729 0.437963 0.351562 0.430556 0.351042 0.430556 0.330208 0.393519 0.329688 0.393519 0.317708 0.372222 0.317708 0.371296 0.317188 0.370370 0.317188 0.369444
0 0.400781 0.408796 0.079687 0.076852 0.400000 0.370370 0.363021 0.436111 0.363021 0.437037 0.361458 0.439815 0.361458 0.440741 0.360938 0.441667 0.360938 0.443519 0.362500 0.446296 0.363021 0.446296 0.363542 0.447222 0.364063 0.446296 0.364583 0.446296 0.372396 0.432407 0.372917 0.432407 0.385937 0.409259 0.386458 0.409259 0.390625 0.401852 0.391146 0.401852 0.392708 0.399074 0.393229 0.399074 0.394792 0.396296 0.395313 0.396296 0.395833 0.395370 0.396354 0.395370 0.396875 0.394444 0.397396 0.394444 0.397917 0.393519 0.401042 0.393519 0.401562 0.394444 0.402604 0.394444 0.403646 0.396296 0.404167 0.396296 0.404687 0.397222 0.405208 0.397222 0.406771 0.400000 0.407292 0.400000 0.410417 0.405556 0.410938 0.405556 0.417187 0.416667 0.417708 0.416667 0.433854 0.445370 0.434375 0.445370 0.434896 0.446296 0.435417 0.446296 0.435937 0.447222 0.437500 0.447222 0.438542 0.445370 0.438542 0.444444 0.439063 0.443519 0.439063 0.441667 0.439583 0.440741 0.439583 0.439815 0.440104 0.438889 0.440104 0.437963 0.440625 0.437037 0.440104 0.437037 0.439583 0.437963 0.439063 0.437037 0.438542 0.437037 0.438021 0.436111 0.437500 0.436111 0.414583 0.395370 0.414062 0.395370 0.401562 0.373148 0.401562 0.372222 0.400521 0.370370
0 0.483594 0.389815 0.078646 0.111111 0.486979 0.334259 0.486458 0.335185 0.485938 0.335185 0.485417 0.336111 0.484896 0.336111 0.482812 0.339815 0.482812 0.340741 0.482292 0.341667 0.482292 0.345370 0.481771 0.346296 0.481771 0.349074 0.481250 0.350000 0.481250 0.353704 0.480729 0.354630 0.480729 0.358333 0.480208 0.359259 0.480208 0.362963 0.479687 0.363889 0.479687 0.367593 0.479167 0.368519 0.479167 0.369444 0.478125 0.371296 0.478125 0.372222 0.457292 0.409259 0.456771 0.409259 0.446875 0.426852 0.446875 0.427778 0.446354 0.428704 0.446354 0.430556 0.445833 0.431481 0.445833 0.432407 0.445312 0.433333 0.445312 0.435185 0.444792 0.436111 0.444792 0.437037 0.444271 0.437963 0.444271 0.442593 0.445312 0.444444 0.447396 0.444444 0.447917 0.443519 0.448437 0.443519 0.463021 0.417593 0.463542 0.417593 0.470313 0.405556 0.470833 0.405556 0.473958 0.400000 0.474479 0.400000 0.476562 0.396296 0.477083 0.396296 0.478646 0.393519 0.479167 0.393519 0.479687 0.392593 0.480208 0.392593 0.480729 0.391667 0.481250 0.391667 0.481771 0.390741 0.485417 0.390741 0.485938 0.391667 0.486458 0.391667 0.486979 0.392593 0.487500 0.392593 0.488021 0.393519 0.488542 0.393519 0.490104 0.396296 0.490625 0.396296 0.492708 0.400000 0.493229 0.400000 0.497917 0.408333 0.498437 0.408333 0.517708 0.442593 0.518229 0.442593 0.519271 0.444444 0.519792 0.444444 0.520312 0.445370 0.520833 0.445370 0.521354 0.444444 0.521875 0.444444 0.522917 0.442593 0.522917 0.438889 0.522396 0.437963 0.522396 0.436111 0.492708 0.383333 0.492708 0.382407 0.491146 0.379630 0.491146 0.378704 0.490625 0.377778 0.490625 0.374074 0.491146 0.373148 0.491146 0.359259 0.491667 0.358333 0.491667 0.345370 0.492188 0.344444 0.492188 0.342593 0.488021 0.335185 0.487500 0.335185
0 0.578385 0.390278 0.079687 0.112037 0.563021 0.334259 0.562500 0.335185 0.561979 0.335185 0.559375 0.339815 0.558854 0.339815 0.558333 0.340741 0.559896 0.343519 0.559896 0.344444 0.560937 0.346296 0.560937 0.347222 0.561979 0.349074 0.561979 0.350000 0.563021 0.351852 0.563021 0.352778 0.564583 0.355556 0.564583 0.356481 0.565625 0.358333 0.565625 0.359259 0.566667 0.361111 0.566667 0.362037 0.567708 0.363889 0.567708 0.364815 0.569271 0.367593 0.569271 0.368519 0.570312 0.370370 0.570312 0.371296 0.571354 0.373148 0.571354 0.374074 0.572396 0.375926 0.572396 0.379630 0.570833 0.382407 0.570833 0.383333 0.566667 0.390741 0.566146 0.390741 0.548958 0.421296 0.548438 0.421296 0.538542 0.438889 0.538542 0.441667 0.539062 0.442593 0.539062 0.443519 0.539583 0.444444 0.539583 0.445370 0.540104 0.445370 0.540625 0.446296 0.542188 0.446296 0.542708 0.445370 0.543229 0.445370 0.553646 0.426852 0.554167 0.426852 0.561979 0.412963 0.562500 0.412963 0.566667 0.405556 0.567187 0.405556 0.569792 0.400926 0.570312 0.400926 0.572396 0.397222 0.572917 0.397222 0.573958 0.395370 0.574479 0.395370 0.575521 0.393519 0.576562 0.393519 0.577083 0.392593 0.578125 0.392593 0.578646 0.391667 0.579688 0.391667 0.580208 0.392593 0.581771 0.392593 0.582292 0.393519 0.582812 0.393519 0.583854 0.395370 0.584375 0.395370 0.585417 0.397222 0.585938 0.397222 0.588542 0.401852 0.589063 0.401852 0.597396 0.416667 0.597917 0.416667 0.602083 0.424074 0.602083 0.425000 0.613021 0.444444 0.613542 0.444444 0.614583 0.446296 0.617188 0.446296 0.617708 0.445370 0.617708 0.444444 0.618229 0.443519 0.618229 0.441667 0.617708 0.440741 0.617708 0.439815 0.615625 0.436111 0.615625 0.435185 0.613542 0.431481 0.613542 0.430556 0.610938 0.425926 0.610938 0.425000 0.608333 0.420370 0.608333 0.419444 0.605729 0.414815 0.605729 0.413889 0.603125 0.409259 0.603125 0.408333 0.600521 0.403704 0.600521 0.402778 0.592187 0.387963 0.592187 0.387037 0.586979 0.377778 0.586979 0.376852 0.584896 0.373148 0.584896 0.372222 0.578125 0.360185 0.578125 0.359259 0.564583 0.335185 0.564063 0.335185 0.563542 0.334259
0 0.665365 0.415741 0.079687 0.074074 0.666667 0.378704 0.655208 0.399074 0.654687 0.399074 0.644271 0.417593 0.643750 0.417593 0.633333 0.436111 0.632812 0.436111 0.628125 0.444444 0.627604 0.444444 0.626563 0.446296 0.625521 0.446296 0.625521 0.447222 0.628646 0.452778 0.630729 0.452778 0.634375 0.446296 0.634896 0.446296 0.643750 0.430556 0.644271 0.430556 0.650000 0.420370 0.650521 0.420370 0.654167 0.413889 0.654687 0.413889 0.657813 0.408333 0.658333 0.408333 0.659896 0.405556 0.660417 0.405556 0.661979 0.402778 0.662500 0.402778 0.663021 0.401852 0.663542 0.402778 0.664062 0.402778 0.665625 0.405556 0.666146 0.405556 0.667708 0.408333 0.668229 0.408333 0.669792 0.411111 0.670312 0.411111 0.671875 0.413889 0.672396 0.413889 0.673438 0.415741 0.673958 0.415741 0.675521 0.418519 0.676042 0.418519 0.677604 0.421296 0.678125 0.421296 0.679688 0.424074 0.680208 0.424074 0.681771 0.426852 0.682292 0.426852 0.683854 0.429630 0.684375 0.429630 0.685937 0.432407 0.686458 0.432407 0.688021 0.435185 0.688542 0.435185 0.690104 0.437963 0.690625 0.437963 0.692187 0.440741 0.692708 0.440741 0.694271 0.443519 0.694792 0.443519 0.695833 0.445370 0.696354 0.445370 0.697917 0.448148 0.698438 0.448148 0.700000 0.450926 0.700521 0.450926 0.701562 0.452778 0.704167 0.452778 0.704688 0.451852 0.704688 0.450926 0.705208 0.450000 0.705208 0.448148 0.704688 0.447222 0.704688 0.446296 0.700521 0.438889 0.700521 0.437963 0.689583 0.418519 0.689583 0.417593 0.677604 0.396296 0.677604 0.395370 0.669792 0.381481 0.669271 0.381481 0.668229 0.379630 0.667708 0.379630 0.667188 0.378704