0 0.280990 0.547222 0.078646 0.077778 0.315625 0.508333 0.315104 0.509259 0.314583 0.509259 0.312500 0.512963 0.311979 0.512963 0.309896 0.516667 0.309375 0.516667 0.307292 0.520370 0.306771 0.520370 0.304688 0.524074 0.304167 0.524074 0.302083 0.527778 0.301563 0.527778 0.299479 0.531481 0.298958 0.531481 0.296875 0.535185 0.296354 0.535185 0.294271 0.538889 0.293750 0.538889 0.291667 0.542593 0.291146 0.542593 0.289062 0.546296 0.288542 0.546296 0.286458 0.550000 0.285938 0.550000 0.283854 0.553704 0.283333 0.553704 0.281250 0.557407 0.280729 0.557407 0.280208 0.558333 0.279167 0.558333 0.277083 0.554630 0.277083 0.551852 0.283333 0.540741 0.283333 0.538889 0.281250 0.542593 0.280729 0.542593 0.279167 0.545370 0.278646 0.545370 0.277083 0.548148 0.276562 0.548148 0.274479 0.551852 0.271875 0.551852 0.271354 0.550926 0.270833 0.550926 0.258333 0.528704 0.257812 0.528704 0.248958 0.512963 0.247396 0.512963 0.246875 0.513889 0.246354 0.513889 0.245312 0.515741 0.244792 0.515741 0.243750 0.517593 0.243229 0.517593 0.241667 0.520370 0.241667 0.524074 0.242188 0.525000 0.242188 0.525926 0.251563 0.542593 0.252083 0.542593 0.260937 0.558333 0.261458 0.558333 0.269792 0.573148 0.270313 0.573148 0.277083 0.585185 0.277604 0.585185 0.278125 0.586111 0.284375 0.586111 0.284896 0.585185 0.285417 0.585185 0.307812 0.545370 0.307812 0.544444 0.320312 0.522222 0.320312 0.518519 0.319271 0.516667 0.319271 0.515741 0.318750 0.514815 0.318750 0.513889 0.318229 0.512963 0.318229 0.509259 0.317708 0.508333
0 0.279687 0.508333 0.091667 0.087037 0.320833 0.464815 0.320312 0.465741 0.319792 0.465741 0.318229 0.468519 0.317708 0.468519 0.316667 0.470370 0.316146 0.470370 0.315104 0.472222 0.314583 0.472222 0.313021 0.475000 0.312500 0.475000 0.311458 0.476852 0.310937 0.476852 0.309896 0.478704 0.309375 0.478704 0.307812 0.481481 0.307292 0.481481 0.306250 0.483333 0.305729 0.483333 0.293229 0.505556 0.292708 0.505556 0.291667 0.507407 0.291146 0.507407 0.289583 0.510185 0.289062 0.510185 0.288021 0.512037 0.287500 0.512037 0.285938 0.514815 0.285417 0.514815 0.284896 0.515741 0.284375 0.514815 0.283854 0.514815 0.281771 0.511111 0.281771 0.508333 0.282292 0.507407 0.281250 0.509259 0.280729 0.509259 0.279687 0.511111 0.279167 0.511111 0.278125 0.512963 0.277604 0.512963 0.276042 0.515741 0.275521 0.515741 0.274479 0.517593 0.273958 0.517593 0.272917 0.519444 0.272396 0.519444 0.271354 0.521296 0.270833 0.521296 0.269271 0.524074 0.268750 0.524074 0.267708 0.525926 0.267188 0.525926 0.266146 0.527778 0.264062 0.527778 0.263542 0.526852 0.263021 0.526852 0.253125 0.509259 0.252604 0.509259 0.235937 0.479630 0.235417 0.480556 0.234896 0.480556 0.233854 0.482407 0.233854 0.486111 0.257292 0.527778 0.257812 0.527778 0.270313 0.550000 0.270833 0.550000 0.271875 0.551852 0.273958 0.551852 0.274479 0.550926 0.275000 0.550926 0.277083 0.547222 0.277604 0.547222 0.279167 0.544444 0.279687 0.544444 0.281250 0.541667 0.281771 0.541667 0.283333 0.538889 0.283854 0.538889 0.312500 0.487963 0.313021 0.487963 0.314583 0.485185 0.315104 0.485185 0.316667 0.482407 0.317188 0.482407 0.317188 0.480556 0.318750 0.477778 0.319271 0.477778 0.320312 0.475926 0.320833 0.475926 0.322396 0.473148 0.322917 0.473148 0.323958 0.471296 0.324479 0.471296 0.325521 0.469444 0.324479 0.467593 0.323958 0.467593 0.323437 0.466667 0.322917 0.466667 0.322396 0.465741 0.321875 0.465741 0.321354 0.464815
0 0.274740 0.478704 0.099479 0.096296 0.321875 0.430556 0.320833 0.432407 0.320312 0.432407 0.319792 0.433333 0.319271 0.433333 0.318229 0.435185 0.317708 0.435185 0.316667 0.437037 0.316146 0.437037 0.315625 0.437963 0.315104 0.437963 0.314063 0.439815 0.313542 0.439815 0.312500 0.441667 0.311979 0.441667 0.311458 0.442593 0.310937 0.442593 0.309896 0.444444 0.309375 0.444444 0.308854 0.445370 0.308333 0.445370 0.307292 0.447222 0.306771 0.447222 0.305729 0.449074 0.305208 0.449074 0.304688 0.450000 0.304167 0.450000 0.303125 0.451852 0.302604 0.451852 0.301563 0.453704 0.301042 0.453704 0.300521 0.454630 0.300000 0.454630 0.298958 0.456481 0.298438 0.456481 0.286979 0.476852 0.286458 0.476852 0.285938 0.477778 0.285417 0.477778 0.284375 0.479630 0.283854 0.479630 0.283333 0.480556 0.282813 0.480556 0.282292 0.479630 0.281771 0.479630 0.280729 0.477778 0.280208 0.477778 0.279687 0.478704 0.279167 0.478704 0.278125 0.480556 0.277604 0.480556 0.277083 0.481481 0.276562 0.481481 0.275521 0.483333 0.275000 0.483333 0.273958 0.485185 0.273438 0.485185 0.272917 0.486111 0.272396 0.486111 0.271354 0.487963 0.270833 0.487963 0.269792 0.489815 0.269271 0.489815 0.268750 0.490741 0.268229 0.490741 0.267188 0.492593 0.266667 0.492593 0.266146 0.493519 0.265625 0.493519 0.264583 0.495370 0.264062 0.495370 0.263542 0.496296 0.263021 0.496296 0.262500 0.495370 0.261979 0.495370 0.260937 0.493519 0.260417 0.493519 0.248438 0.472222 0.247917 0.472222 0.234375 0.448148 0.233333 0.448148 0.232813 0.449074 0.232292 0.449074 0.231771 0.450000 0.231250 0.450000 0.230729 0.450926 0.230208 0.450926 0.229687 0.451852 0.229167 0.451852 0.228646 0.452778 0.227604 0.452778 0.227083 0.453704 0.226562 0.453704 0.225000 0.456481 0.225000 0.459259 0.226562 0.462037 0.226562 0.462963 0.232292 0.473148 0.232813 0.473148 0.252604 0.508333 0.253125 0.508333 0.263021 0.525926 0.263542 0.525926 0.264062 0.526852 0.266146 0.526852 0.267188 0.525000 0.267708 0.525000 0.268750 0.523148 0.269271 0.523148 0.270833 0.520370 0.271354 0.520370 0.272396 0.518519 0.272917 0.518519 0.273958 0.516667 0.274479 0.516667 0.275521 0.514815 0.276042 0.514815 0.277604 0.512037 0.278125 0.512037 0.279167 0.510185 0.279687 0.510185 0.280729 0.508333 0.281250 0.508333 0.282292 0.506481 0.282813 0.506481 0.283333 0.505556 0.283333 0.504630 0.316667 0.445370 0.317188 0.445370 0.318229 0.443519 0.318750 0.443519 0.319792 0.441667 0.320312 0.441667 0.320312 0.439815 0.322396 0.436111 0.322917 0.436111 0.323437 0.435185 0.323958 0.435185 0.324479 0.434259 0.322917 0.431481 0.322396 0.431481
0 0.274479 0.445833 0.102083 0.099074 0.316146 0.405556 0.315625 0.406481 0.315104 0.406481 0.314583 0.407407 0.314063 0.407407 0.313542 0.408333 0.313021 0.408333 0.312500 0.409259 0.311979 0.409259 0.311458 0.410185 0.310937 0.410185 0.309896 0.412037 0.309375 0.412037 0.308854 0.412963 0.308333 0.412963 0.307812 0.413889 0.307292 0.413889 0.306771 0.414815 0.306250 0.414815 0.305729 0.415741 0.305208 0.415741 0.304688 0.416667 0.304167 0.416667 0.303125 0.418519 0.302604 0.418519 0.302083 0.419444 0.301563 0.419444 0.301042 0.420370 0.300521 0.420370 0.300000 0.421296 0.299479 0.421296 0.298958 0.422222 0.298438 0.422222 0.297917 0.423148 0.297396 0.423148 0.296354 0.425000 0.295833 0.425000 0.287500 0.439815 0.286979 0.439815 0.286458 0.440741 0.285938 0.440741 0.284896 0.442593 0.284375 0.442593 0.283854 0.443519 0.283333 0.443519 0.282813 0.444444 0.282292 0.444444 0.281771 0.445370 0.281250 0.445370 0.280208 0.447222 0.279687 0.447222 0.279167 0.448148 0.278646 0.448148 0.278125 0.449074 0.277604 0.449074 0.277083 0.450000 0.276562 0.450000 0.275521 0.451852 0.275000 0.451852 0.274479 0.452778 0.273958 0.452778 0.273438 0.453704 0.272917 0.453704 0.272396 0.454630 0.271875 0.454630 0.271354 0.455556 0.270833 0.455556 0.269792 0.457407 0.269271 0.457407 0.268750 0.458333 0.268229 0.458333 0.267708 0.459259 0.267188 0.459259 0.266667 0.460185 0.266146 0.460185 0.265104 0.462037 0.264583 0.462037 0.264062 0.462963 0.263542 0.462963 0.263021 0.463889 0.262500 0.463889 0.261979 0.464815 0.261458 0.464815 0.260417 0.466667 0.259896 0.466667 0.259375 0.467593 0.258854 0.467593 0.258333 0.468519 0.257812 0.468519 0.257292 0.469444 0.256771 0.469444 0.256250 0.470370 0.254688 0.470370 0.253125 0.467593 0.252604 0.467593 0.243229 0.450926 0.242708 0.450926 0.230729 0.429630 0.230208 0.429630 0.226042 0.422222 0.225521 0.422222 0.225000 0.423148 0.224479 0.423148 0.223438 0.425000 0.223438 0.426852 0.223958 0.427778 0.223958 0.428704 0.225000 0.430556 0.225000 0.431481 0.230208 0.440741 0.230729 0.440741 0.247917 0.471296 0.248438 0.471296 0.260417 0.492593 0.260937 0.492593 0.261979 0.494444 0.262500 0.494444 0.263021 0.495370 0.263542 0.495370 0.264062 0.494444 0.264583 0.494444 0.265625 0.492593 0.266146 0.492593 0.266667 0.491667 0.267188 0.491667 0.268229 0.489815 0.268750 0.489815 0.269271 0.488889 0.269792 0.488889 0.270833 0.487037 0.271354 0.487037 0.272396 0.485185 0.272917 0.485185 0.273438 0.484259 0.273958 0.484259 0.275000 0.482407 0.275521 0.482407 0.276562 0.480556 0.277083 0.480556 0.277604 0.479630 0.278125 0.479630 0.279167 0.477778 0.279687 0.477778 0.280208 0.476852 0.280729 0.476852 0.280208 0.475926 0.280208 0.473148 0.281771 0.470370 0.281771 0.469444 0.307812 0.423148 0.307812 0.422222 0.314063 0.411111 0.314583 0.411111 0.315625 0.409259 0.315625 0.406481
0 0.263281 0.412500 0.096354 0.113889 0.281250 0.355556 0.280729 0.356481 0.279687 0.356481 0.279167 0.357407 0.278125 0.357407 0.277604 0.358333 0.276562 0.358333 0.276042 0.359259 0.275521 0.359259 0.275000 0.360185 0.273958 0.360185 0.273438 0.361111 0.272396 0.361111 0.271875 0.362037 0.270833 0.362037 0.270313 0.362963 0.269271 0.362963 0.268750 0.363889 0.268229 0.363889 0.267708 0.364815 0.266667 0.364815 0.266146 0.365741 0.265104 0.365741 0.264583 0.366667 0.263542 0.366667 0.263021 0.367593 0.261979 0.367593 0.261458 0.368519 0.260937 0.368519 0.260417 0.369444 0.259375 0.369444 0.258854 0.370370 0.257812 0.370370 0.257292 0.371296 0.256250 0.371296 0.255729 0.372222 0.254688 0.372222 0.254167 0.373148 0.253646 0.373148 0.253125 0.374074 0.252083 0.374074 0.251563 0.375000 0.250521 0.375000 0.250000 0.375926 0.248958 0.375926 0.248438 0.376852 0.247917 0.376852 0.247396 0.377778 0.246354 0.377778 0.245833 0.378704 0.244792 0.378704 0.244271 0.379630 0.243229 0.379630 0.242708 0.380556 0.241667 0.380556 0.241146 0.381481 0.240625 0.381481 0.240104 0.382407 0.239063 0.382407 0.238542 0.383333 0.237500 0.383333 0.236979 0.384259 0.235937 0.384259 0.235417 0.385185 0.234375 0.385185 0.233854 0.386111 0.233333 0.386111 0.232813 0.387037 0.231771 0.387037 0.231250 0.387963 0.230208 0.387963 0.229687 0.388889 0.228646 0.388889 0.228125 0.389815 0.227083 0.389815 0.226562 0.390741 0.226042 0.390741 0.225521 0.391667 0.224479 0.391667 0.223958 0.392593 0.222917 0.392593 0.222396 0.393519 0.221354 0.393519 0.220833 0.394444 0.220312 0.394444 0.219792 0.395370 0.218750 0.395370 0.218229 0.396296 0.217188 0.396296 0.216667 0.397222 0.216146 0.397222 0.215625 0.398148 0.215625 0.399074 0.215104 0.400000 0.215104 0.400926 0.215625 0.401852 0.215625 0.402778 0.230208 0.428704 0.230729 0.428704 0.242708 0.450000 0.243229 0.450000 0.252604 0.466667 0.253125 0.466667 0.254688 0.469444 0.256250 0.469444 0.256771 0.468519 0.257292 0.468519 0.257812 0.467593 0.258333 0.467593 0.258854 0.466667 0.259375 0.466667 0.259896 0.465741 0.260417 0.465741 0.261458 0.463889 0.261979 0.463889 0.262500 0.462963 0.263021 0.462963 0.263542 0.462037 0.264062 0.462037 0.264583 0.461111 0.265104 0.461111 0.266146 0.459259 0.266667 0.459259 0.267188 0.458333 0.267708 0.458333 0.268229 0.457407 0.268750 0.457407 0.269271 0.456481 0.269792 0.456481 0.270833 0.454630 0.271354 0.454630 0.271875 0.453704 0.272396 0.453704 0.272917 0.452778 0.273438 0.452778 0.273958 0.451852 0.274479 0.451852 0.275000 0.450926 0.275521 0.450926 0.276562 0.449074 0.277083 0.449074 0.277604 0.448148 0.278125 0.448148 0.278646 0.447222 0.279167 0.447222 0.279687 0.446296 0.280208 0.446296 0.281250 0.444444 0.281771 0.444444 0.282292 0.443519 0.282813 0.443519 0.283333 0.442593 0.283854 0.442593 0.283333 0.442593 0.280729 0.437963 0.280729 0.436111 0.281250 0.435185 0.281250 0.434259 0.283854 0.429630 0.283854 0.428704 0.303125 0.394444 0.303125 0.393519 0.311458 0.378704 0.310937 0.379630 0.310417 0.379630 0.309896 0.380556 0.308854 0.380556 0.308333 0.381481 0.307812 0.381481 0.307292 0.382407 0.306771 0.382407 0.306250 0.383333 0.305729 0.383333 0.305208 0.384259 0.304688 0.384259 0.304167 0.385185 0.303646 0.385185 0.303125 0.386111 0.302083 0.386111 0.301563 0.387037 0.301042 0.387037 0.300521 0.386111 0.300000 0.386111 0.291667 0.371296 0.291146 0.371296 0.283333 0.357407 0.282813 0.357407 0.282292 0.356481 0.281771 0.356481
0 0.372917 0.382870 0.106250 0.106481 0.364583 0.329630 0.364063 0.330556 0.363542 0.330556 0.363021 0.331481 0.361979 0.331481 0.361458 0.332407 0.360938 0.332407 0.360417 0.333333 0.359896 0.333333 0.359375 0.334259 0.358333 0.334259 0.357812 0.335185 0.357292 0.335185 0.356771 0.336111 0.356250 0.336111 0.355729 0.337037 0.355208 0.337037 0.354687 0.337963 0.353646 0.337963 0.353125 0.338889 0.352604 0.338889 0.352083 0.339815 0.351562 0.339815 0.351042 0.340741 0.350000 0.340741 0.349479 0.341667 0.348958 0.341667 0.348438 0.342593 0.347917 0.342593 0.347396 0.343519 0.346354 0.343519 0.345833 0.344444 0.345313 0.344444 0.344792 0.345370 0.344271 0.345370 0.343750 0.346296 0.343229 0.346296 0.342708 0.347222 0.341667 0.347222 0.341146 0.348148 0.340625 0.348148 0.340104 0.349074 0.339583 0.349074 0.339062 0.350000 0.338021 0.350000 0.337500 0.350926 0.336979 0.350926 0.336458 0.351852 0.335938 0.351852 0.335417 0.352778 0.334896 0.352778 0.334375 0.353704 0.333333 0.353704 0.332813 0.354630 0.332292 0.354630 0.331771 0.355556 0.331250 0.355556 0.330729 0.356481 0.329688 0.356481 0.329167 0.357407 0.328646 0.357407 0.328125 0.358333 0.327604 0.358333 0.327083 0.359259 0.326042 0.359259 0.325521 0.360185 0.325000 0.360185 0.324479 0.361111 0.323958 0.361111 0.323437 0.362037 0.322917 0.362037 0.322396 0.362963 0.321354 0.362963 0.319792 0.365741 0.319792 0.367593 0.320312 0.368519 0.320312 0.369444 0.322396 0.373148 0.322396 0.374074 0.330208 0.387963 0.330729 0.387963 0.357292 0.435185 0.357812 0.435185 0.358333 0.436111 0.360417 0.436111 0.361458 0.434259 0.361979 0.434259 0.363542 0.431481 0.364063 0.431481 0.365625 0.428704 0.366146 0.428704 0.367708 0.425926 0.368229 0.425926 0.369792 0.423148 0.370312 0.423148 0.371875 0.420370 0.372396 0.420370 0.397917 0.375000 0.398438 0.375000 0.400000 0.372222 0.400521 0.372222 0.401562 0.370370 0.401562 0.369444 0.400521 0.367593 0.400521 0.364815 0.401042 0.363889 0.401042 0.362963 0.401562 0.362037 0.402083 0.362037 0.403125 0.360185 0.403646 0.360185 0.404687 0.358333 0.405208 0.358333 0.406250 0.356481 0.406771 0.356481 0.407813 0.354630 0.408333 0.354630 0.409896 0.351852 0.410417 0.351852 0.411458 0.350000 0.411979 0.350000 0.413021 0.348148 0.413542 0.348148 0.414583 0.346296 0.415104 0.346296 0.416146 0.344444 0.416667 0.344444 0.417708 0.342593 0.418229 0.342593 0.419792 0.339815 0.420312 0.339815 0.421354 0.337963 0.421875 0.337963 0.422917 0.336111 0.423438 0.336111 0.424479 0.334259 0.425000 0.334259 0.426042 0.332407 0.426042 0.331481 0.425000 0.329630 0.423958 0.329630 0.423438 0.330556 0.422917 0.330556 0.421875 0.332407 0.421354 0.332407 0.420312 0.334259 0.419792 0.334259 0.418750 0.336111 0.418229 0.336111 0.417187 0.337963 0.416667 0.337963 0.415625 0.339815 0.415104 0.339815 0.414062 0.341667 0.413542 0.341667 0.413021 0.342593 0.412500 0.342593 0.411458 0.344444 0.410938 0.344444 0.409896 0.346296 0.409375 0.346296 0.408333 0.348148 0.407813 0.348148 0.406771 0.350000 0.406250 0.350000 0.405208 0.351852 0.404687 0.351852 0.403646 0.353704 0.403125 0.353704 0.402604 0.354630 0.402083 0.354630 0.401042 0.356481 0.400521 0.356481 0.399479 0.358333 0.398958 0.358333 0.397917 0.360185 0.397396 0.360185 0.396354 0.362037 0.395833 0.362037 0.394792 0.363889 0.394271 0.363889 0.393229 0.365741 0.392708 0.365741 0.391146 0.368519 0.390104 0.368519 0.388021 0.364815 0.387500 0.364815 0.380208 0.351852 0.379688 0.351852 0.367188 0.329630
0 0.446615 0.382407 0.091146 0.107407 0.430208 0.328704 0.429688 0.329630 0.429167 0.329630 0.428125 0.331481 0.427604 0.331481 0.426563 0.333333 0.426042 0.333333 0.425000 0.335185 0.424479 0.335185 0.423438 0.337037 0.422917 0.337037 0.421875 0.338889 0.421354 0.338889 0.420312 0.340741 0.419792 0.340741 0.418229 0.343519 0.417708 0.343519 0.416667 0.345370 0.416146 0.345370 0.415104 0.347222 0.414583 0.347222 0.413542 0.349074 0.413021 0.349074 0.411979 0.350926 0.411458 0.350926 0.410417 0.352778 0.409896 0.352778 0.408333 0.355556 0.407813 0.355556 0.406771 0.357407 0.406250 0.357407 0.405208 0.359259 0.404687 0.359259 0.403646 0.361111 0.403125 0.361111 0.402083 0.362963 0.401562 0.362963 0.401562 0.363889 0.401042 0.364815 0.401042 0.367593 0.402083 0.369444 0.402083 0.370370 0.438021 0.434259 0.438542 0.434259 0.439583 0.436111 0.440625 0.436111 0.441146 0.435185 0.441667 0.435185 0.442708 0.433333 0.443229 0.433333 0.469792 0.386111 0.470313 0.386111 0.477604 0.373148 0.477604 0.372222 0.479167 0.369444 0.479167 0.368519 0.480208 0.366667 0.480208 0.365741 0.481250 0.363889 0.481250 0.362963 0.481771 0.362037 0.481771 0.361111 0.482812 0.359259 0.482812 0.358333 0.483854 0.356481 0.483854 0.355556 0.484896 0.353704 0.484896 0.352778 0.485417 0.351852 0.485417 0.350926 0.486458 0.349074 0.486458 0.348148 0.487500 0.346296 0.487500 0.345370 0.488542 0.343519 0.488542 0.342593 0.489583 0.340741 0.489583 0.339815 0.490104 0.338889 0.490104 0.337963 0.491146 0.336111 0.491146 0.335185 0.492188 0.333333 0.492188 0.331481 0.490625 0.328704 0.489583 0.328704 0.488021 0.331481 0.487500 0.331481 0.472917 0.357407 0.472396 0.357407 0.468229 0.364815 0.467708 0.364815 0.465625 0.368519 0.465104 0.368519 0.464062 0.370370 0.463542 0.370370 0.463021 0.371296 0.461979 0.371296 0.461458 0.372222 0.459896 0.372222 0.459375 0.371296 0.458333 0.371296 0.457813 0.370370 0.457292 0.370370 0.455729 0.367593 0.455208 0.367593 0.453125 0.363889 0.452604 0.363889 0.434375 0.331481 0.433854 0.331481 0.432292 0.328704
0 0.530990 0.392130 0.080729 0.113889 0.502604 0.335185 0.502083 0.336111 0.501563 0.336111 0.501042 0.337037 0.501042 0.337963 0.500521 0.338889 0.500521 0.339815 0.500000 0.340741 0.500000 0.341667 0.499479 0.342593 0.499479 0.344444 0.498958 0.345370 0.498958 0.346296 0.498437 0.347222 0.498437 0.348148 0.497917 0.349074 0.497917 0.350000 0.497396 0.350926 0.497396 0.351852 0.496875 0.352778 0.496875 0.353704 0.496354 0.354630 0.496354 0.355556 0.495833 0.356481 0.495833 0.357407 0.495312 0.358333 0.495312 0.359259 0.494792 0.360185 0.494792 0.361111 0.494271 0.362037 0.494271 0.362963 0.493750 0.363889 0.493750 0.364815 0.493229 0.365741 0.493229 0.366667 0.492708 0.367593 0.492708 0.368519 0.492188 0.369444 0.492188 0.371296 0.491667 0.372222 0.491667 0.373148 0.491146 0.374074 0.491146 0.375000 0.490625 0.375926 0.490625 0.378704 0.491667 0.380556 0.491667 0.381481 0.511979 0.417593 0.511979 0.418519 0.527604 0.446296 0.528125 0.446296 0.529167 0.448148 0.529687 0.448148 0.530208 0.449074 0.530729 0.449074 0.531250 0.448148 0.531771 0.448148 0.532813 0.446296 0.533333 0.446296 0.542188 0.430556 0.542708 0.430556 0.556250 0.406481 0.556771 0.406481 0.571354 0.380556 0.571354 0.375926 0.570833 0.375000 0.570833 0.373148 0.570312 0.372222 0.570312 0.369444 0.569792 0.368519 0.569792 0.366667 0.569271 0.365741 0.569271 0.362963 0.568750 0.362037 0.568750 0.359259 0.568229 0.358333 0.568229 0.356481 0.567708 0.355556 0.567708 0.352778 0.567187 0.351852 0.567187 0.350000 0.566667 0.349074 0.566667 0.346296 0.566146 0.345370 0.566146 0.342593 0.565625 0.341667 0.565625 0.339815 0.565104 0.338889 0.565104 0.337963 0.564063 0.336111 0.562500 0.336111 0.556250 0.347222 0.555729 0.347222 0.546354 0.363889 0.545833 0.363889 0.541667 0.371296 0.541146 0.371296 0.539062 0.375000 0.538542 0.375000 0.536979 0.377778 0.536458 0.377778 0.535937 0.378704 0.535417 0.378704 0.534896 0.379630 0.533333 0.379630 0.532813 0.380556 0.532292 0.379630 0.530729 0.379630 0.530208 0.378704 0.529687 0.378704 0.528646 0.376852 0.528125 0.376852 0.526563 0.374074 0.526042 0.374074 0.520833 0.364815 0.520312 0.364815 0.504167 0.336111 0.503646 0.336111 0.503125 0.335185
0 0.623177 0.391204 0.089063 0.112037 0.579167 0.335185 0.578646 0.336111 0.578646 0.338889 0.579167 0.339815 0.579167 0.341667 0.579688 0.342593 0.579688 0.343519 0.580208 0.344444 0.580208 0.346296 0.580729 0.347222 0.580729 0.348148 0.581250 0.349074 0.581250 0.350000 0.581771 0.350926 0.581771 0.352778 0.582292 0.353704 0.582292 0.354630 0.582812 0.355556 0.582812 0.356481 0.583333 0.357407 0.583333 0.359259 0.583854 0.360185 0.583854 0.361111 0.584375 0.362037 0.584375 0.363889 0.584896 0.364815 0.584896 0.365741 0.585417 0.366667 0.585417 0.367593 0.585938 0.368519 0.585938 0.370370 0.586458 0.371296 0.586458 0.372222 0.586979 0.373148 0.586979 0.375000 0.587500 0.375926 0.587500 0.376852 0.588021 0.377778 0.588021 0.378704 0.589583 0.381481 0.589583 0.382407 0.603125 0.406481 0.603125 0.407407 0.625000 0.446296 0.625521 0.446296 0.626042 0.447222 0.626563 0.447222 0.627083 0.446296 0.627604 0.446296 0.628125 0.445370 0.628646 0.445370 0.632292 0.438889 0.632812 0.438889 0.640625 0.425000 0.641146 0.425000 0.649479 0.410185 0.650000 0.410185 0.658333 0.395370 0.658854 0.395370 0.667708 0.379630 0.667708 0.375926 0.664062 0.369444 0.663542 0.369444 0.660417 0.363889 0.659896 0.363889 0.656771 0.358333 0.656250 0.358333 0.653646 0.353704 0.653125 0.353704 0.650000 0.348148 0.649479 0.348148 0.646354 0.342593 0.645833 0.342593 0.642708 0.337037 0.642188 0.337037 0.641146 0.335185 0.640104 0.335185 0.639583 0.336111 0.639062 0.336111 0.631771 0.349074 0.631250 0.349074 0.624479 0.361111 0.623958 0.361111 0.619792 0.368519 0.619271 0.368519 0.616667 0.373148 0.616146 0.373148 0.614583 0.375926 0.614062 0.375926 0.613542 0.376852 0.613021 0.376852 0.612500 0.377778 0.611979 0.377778 0.611458 0.378704 0.608333 0.378704 0.607812 0.377778 0.606771 0.377778 0.605729 0.375926 0.605208 0.375926 0.602604 0.371296 0.602083 0.371296 0.582292 0.336111 0.581771 0.336111 0.581250 0.335185
0 0.360156 0.548148 0.083854 0.077778 0.383333 0.509259 0.369271 0.534259 0.368750 0.534259 0.359375 0.550926 0.358854 0.550926 0.357812 0.552778 0.357292 0.552778 0.354167 0.558333 0.354167 0.559259 0.353125 0.561111 0.350521 0.561111 0.349479 0.559259 0.348958 0.559259 0.334896 0.534259 0.334375 0.534259 0.327083 0.521296 0.326562 0.521296 0.323437 0.515741 0.322917 0.515741 0.320833 0.512037 0.320312 0.512037 0.319271 0.510185 0.318229 0.510185 0.318229 0.512037 0.318750 0.512963 0.318750 0.513889 0.319271 0.514815 0.319271 0.515741 0.319792 0.516667 0.319792 0.517593 0.320833 0.519444 0.320833 0.520370 0.321875 0.522222 0.321875 0.523148 0.322917 0.525000 0.322917 0.525926 0.323958 0.527778 0.323958 0.528704 0.325000 0.530556 0.325000 0.531481 0.326562 0.534259 0.326562 0.535185 0.327604 0.537037 0.327604 0.537963 0.328646 0.539815 0.328646 0.540741 0.329688 0.542593 0.329688 0.543519 0.330729 0.545370 0.330729 0.546296 0.331771 0.548148 0.331771 0.549074 0.332813 0.550926 0.332813 0.551852 0.333854 0.553704 0.333854 0.554630 0.334896 0.556481 0.334896 0.557407 0.335938 0.559259 0.335938 0.560185 0.336979 0.562037 0.336979 0.562963 0.338021 0.564815 0.338021 0.565741 0.339062 0.567593 0.339062 0.568519 0.340104 0.570370 0.340104 0.571296 0.341146 0.573148 0.341146 0.574074 0.342708 0.576852 0.342708 0.577778 0.343750 0.579630 0.343750 0.580556 0.344792 0.582407 0.344792 0.583333 0.345833 0.585185 0.345833 0.586111 0.346354 0.587037 0.352604 0.587037 0.353125 0.586111 0.353646 0.586111 0.354167 0.585185 0.354687 0.585185 0.355729 0.583333 0.356250 0.583333 0.357292 0.581481 0.357812 0.581481 0.358333 0.580556 0.358854 0.580556 0.359896 0.578704 0.360417 0.578704 0.361458 0.576852 0.361979 0.576852 0.362500 0.575926 0.363021 0.575926 0.364063 0.574074 0.364583 0.574074 0.365625 0.572222 0.366146 0.572222 0.366667 0.571296 0.367188 0.571296 0.368229 0.569444 0.368750 0.569444 0.369792 0.567593 0.370312 0.567593 0.371354 0.565741 0.371875 0.565741 0.372396 0.564815 0.372917 0.564815 0.373958 0.562963 0.374479 0.562963 0.375521 0.561111 0.376042 0.561111 0.376563 0.560185 0.377083 0.560185 0.378125 0.558333 0.378646 0.558333 0.379688 0.556481 0.380208 0.556481 0.380729 0.555556 0.381250 0.555556 0.382292 0.553704 0.382812 0.553704 0.383854 0.551852 0.384375 0.551852 0.384896 0.550926 0.385417 0.550926 0.386458 0.549074 0.386979 0.549074 0.388021 0.547222 0.388542 0.547222 0.389583 0.545370 0.390104 0.545370 0.391146 0.543519 0.391667 0.543519 0.392708 0.541667 0.392708 0.540741 0.393229 0.539815 0.391667 0.537037 0.391667 0.536111 0.391146 0.535185 0.391146 0.534259 0.391667 0.533333 0.391667 0.532407 0.393229 0.529630 0.393229 0.528704 0.394792 0.525926 0.394792 0.525000 0.396875 0.521296 0.396875 0.520370 0.398438 0.517593 0.398438 0.516667 0.400521 0.512963 0.400521 0.512037 0.402083 0.509259 0.398438 0.509259 0.397917 0.510185 0.397396 0.510185 0.396875 0.511111 0.396354 0.511111 0.395313 0.512963 0.394792 0.512963 0.393750 0.514815 0.393229 0.514815 0.391667 0.517593 0.391146 0.517593 0.389583 0.520370 0.389062 0.520370 0.386458 0.525000 0.385937 0.525000 0.382812 0.530556 0.382292 0.530556 0.378646 0.537037 0.378125 0.537037 0.373437 0.545370 0.372917 0.545370 0.368229 0.553704 0.367708 0.553704 0.366146 0.556481 0.365625 0.556481 0.365104 0.557407 0.364063 0.557407 0.361979 0.553704 0.361979 0.550000 0.365625 0.543519 0.365625 0.542593 0.371354 0.532407 0.371354 0.531481 0.377083 0.521296 0.377083 0.520370
0 0.433854 0.554630 0.084375 0.090741 0.402604 0.509259 0.401042 0.512037 0.401042 0.512963 0.398958 0.516667 0.398958 0.517593 0.397396 0.520370 0.397396 0.521296 0.395313 0.525000 0.395313 0.525926 0.393750 0.528704 0.393750 0.529630 0.392188 0.532407 0.392188 0.533333 0.391667 0.534259 0.391667 0.535185 0.392188 0.536111 0.392188 0.537037 0.393750 0.539815 0.393750 0.540741 0.397917 0.548148 0.398438 0.548148 0.414583 0.576852 0.415104 0.576852 0.428125 0.600000 0.434896 0.600000 0.441146 0.588889 0.441667 0.588889 0.470313 0.537963 0.470313 0.536111 0.470833 0.535185 0.470833 0.534259 0.471354 0.533333 0.471354 0.531481 0.471875 0.530556 0.471875 0.528704 0.472396 0.527778 0.472396 0.525926 0.472917 0.525000 0.472917 0.523148 0.473438 0.522222 0.473438 0.521296 0.473958 0.520370 0.473958 0.518519 0.474479 0.517593 0.474479 0.515741 0.475000 0.514815 0.475000 0.512963 0.475521 0.512037 0.475521 0.510185 0.476042 0.509259 0.475521 0.509259 0.473958 0.512037 0.473438 0.512037 0.470313 0.517593 0.469792 0.517593 0.465104 0.525926 0.464583 0.525926 0.457292 0.538889 0.456771 0.538889 0.449479 0.551852 0.448958 0.551852 0.447917 0.553704 0.446354 0.553704 0.444792 0.550926 0.444792 0.550000 0.444271 0.549074 0.444271 0.547222 0.444792 0.546296 0.444792 0.545370 0.445312 0.544444 0.445312 0.543519 0.445833 0.542593 0.445833 0.541667 0.446354 0.540741 0.446354 0.539815 0.446875 0.538889 0.443750 0.544444 0.443229 0.544444 0.443229 0.545370 0.442188 0.547222 0.442188 0.548148 0.441667 0.549074 0.441667 0.550000 0.441146 0.550926 0.441146 0.551852 0.440625 0.552778 0.440625 0.553704 0.440104 0.554630 0.440104 0.555556 0.439583 0.556481 0.439583 0.557407 0.439063 0.558333 0.439063 0.559259 0.438542 0.560185 0.438542 0.561111 0.436979 0.563889 0.434896 0.563889 0.433854 0.562037 0.433333 0.562037 0.428646 0.553704 0.428646 0.552778 0.421354 0.539815 0.421354 0.538889 0.408854 0.516667 0.408333 0.516667 0.405729 0.512037 0.405208 0.512037 0.404687 0.511111 0.404167 0.511111 0.403646 0.510185 0.403125 0.510185
0 0.529687 0.552778 0.078125 0.081481 0.492708 0.512037 0.492188 0.512963 0.492188 0.515741 0.491667 0.516667 0.491667 0.518519 0.491146 0.519444 0.491146 0.522222 0.490625 0.523148 0.490625 0.525926 0.491146 0.526852 0.491146 0.527778 0.493750 0.532407 0.493750 0.533333 0.527083 0.592593 0.527604 0.592593 0.528125 0.593519 0.529687 0.593519 0.530208 0.592593 0.530729 0.592593 0.534375 0.586111 0.534896 0.586111 0.541667 0.574074 0.542188 0.574074 0.549479 0.561111 0.550000 0.561111 0.557292 0.548148 0.557813 0.548148 0.565625 0.534259 0.566146 0.534259 0.567187 0.532407 0.567187 0.531481 0.568229 0.529630 0.568229 0.528704 0.568750 0.527778 0.568750 0.526852 0.568229 0.525926 0.568229 0.519444 0.567708 0.518519 0.567708 0.515741 0.565104 0.520370 0.564583 0.520370 0.560937 0.526852 0.560417 0.526852 0.555729 0.535185 0.555208 0.535185 0.547917 0.548148 0.547396 0.548148 0.541667 0.558333 0.541146 0.558333 0.540625 0.559259 0.539583 0.559259 0.539062 0.558333 0.538542 0.558333 0.537500 0.556481 0.537500 0.555556 0.536979 0.554630 0.536979 0.549074 0.535937 0.550926 0.535417 0.550926 0.531771 0.557407 0.531250 0.557407 0.530208 0.559259 0.528646 0.559259 0.527083 0.556481 0.526563 0.556481 0.522396 0.549074 0.522396 0.552778 0.520833 0.555556 0.520312 0.555556 0.519792 0.556481 0.519271 0.556481 0.518750 0.555556 0.518229 0.555556 0.516667 0.552778 0.516146 0.552778 0.493750 0.512963 0.493229 0.512963
0 0.623698 0.552778 0.080729 0.083333 0.583333 0.511111 0.583854 0.512037 0.583854 0.515741 0.584375 0.516667 0.584375 0.519444 0.584896 0.520370 0.584896 0.524074 0.585417 0.525000 0.585417 0.527778 0.585938 0.528704 0.585938 0.529630 0.597917 0.550926 0.597917 0.551852 0.621354 0.593519 0.621875 0.593519 0.622396 0.594444 0.624479 0.594444 0.625521 0.592593 0.626042 0.592593 0.629687 0.586111 0.630208 0.586111 0.636458 0.575000 0.636979 0.575000 0.642708 0.564815 0.643229 0.564815 0.648958 0.554630 0.649479 0.554630 0.655208 0.544444 0.655729 0.544444 0.663542 0.530556 0.663542 0.529630 0.664062 0.528704 0.664062 0.527778 0.663542 0.526852 0.663542 0.525926 0.662500 0.524074 0.662500 0.523148 0.661979 0.522222 0.661979 0.521296 0.661458 0.520370 0.660417 0.522222 0.659896 0.522222 0.658333 0.525000 0.657813 0.525000 0.655729 0.528704 0.655208 0.528704 0.652083 0.534259 0.651563 0.534259 0.648438 0.539815 0.647917 0.539815 0.643229 0.548148 0.642708 0.548148 0.636979 0.558333 0.636458 0.558333 0.631771 0.566667 0.631250 0.566667 0.630208 0.568519 0.629687 0.568519 0.629167 0.569444 0.628646 0.568519 0.628125 0.568519 0.626563 0.565741 0.626042 0.566667 0.625521 0.566667 0.625000 0.565741 0.624479 0.565741 0.623437 0.563889 0.622917 0.563889 0.615625 0.550926 0.615625 0.551852 0.616146 0.552778 0.616146 0.554630 0.616667 0.555556 0.616667 0.556481 0.616146 0.557407 0.616146 0.558333 0.615104 0.560185 0.614062 0.560185 0.613542 0.561111 0.613021 0.560185 0.612500 0.560185 0.611979 0.559259 0.611458 0.559259 0.591146 0.523148 0.590625 0.523148 0.585938 0.514815 0.585417 0.514815
0 0.706250 0.555556 0.082292 0.077778 0.666146 0.516667 0.665625 0.517593 0.665104 0.517593 0.665104 0.518519 0.666146 0.520370 0.666146 0.521296 0.667188 0.523148 0.667188 0.524074 0.668229 0.525926 0.668229 0.526852 0.669271 0.528704 0.669271 0.529630 0.673958 0.537963 0.673958 0.538889 0.692187 0.571296 0.692187 0.572222 0.703646 0.592593 0.704167 0.592593 0.705208 0.594444 0.706250 0.594444 0.706771 0.593519 0.707292 0.593519 0.708333 0.591667 0.708854 0.591667 0.712500 0.585185 0.713021 0.585185 0.717708 0.576852 0.718229 0.576852 0.722917 0.568519 0.723437 0.568519 0.728125 0.560185 0.728646 0.560185 0.733333 0.551852 0.733854 0.551852 0.738542 0.543519 0.739062 0.543519 0.744792 0.533333 0.745313 0.533333 0.745833 0.532407 0.745833 0.531481 0.746875 0.529630 0.746875 0.528704 0.747396 0.527778 0.746875 0.526852 0.746875 0.525926 0.745313 0.523148 0.742708 0.527778 0.742188 0.527778 0.737500 0.536111 0.736979 0.536111 0.732292 0.544444 0.731771 0.544444 0.726562 0.553704 0.726042 0.553704 0.721354 0.562037 0.720833 0.562037 0.717187 0.568519 0.716667 0.568519 0.715104 0.571296 0.714583 0.571296 0.714063 0.572222 0.713542 0.572222 0.713021 0.571296 0.712500 0.571296 0.711979 0.570370 0.711458 0.570370 0.702604 0.554630 0.702604 0.553704 0.695833 0.541667 0.697396 0.544444 0.697396 0.545370 0.698958 0.548148 0.698958 0.549074 0.700521 0.551852 0.700521 0.552778 0.702604 0.556481 0.702604 0.557407 0.704167 0.560185 0.704167 0.561111 0.705208 0.562963 0.705208 0.563889 0.705729 0.564815 0.705729 0.566667 0.703646 0.570370 0.702083 0.570370 0.701562 0.569444 0.701042 0.569444 0.678646 0.529630 0.678125 0.529630 0.674479 0.523148 0.673958 0.523148 0.672396 0.520370 0.671875 0.520370 0.670833 0.518519 0.670312 0.518519 0.669792 0.517593 0.668750 0.517593 0.668229 0.516667
0 0.316927 0.521759 0.079687 0.076852 0.316667 0.483333 0.315104 0.486111 0.314583 0.486111 0.313021 0.488889 0.312500 0.488889 0.277604 0.550926 0.277604 0.551852 0.277083 0.552778 0.277083 0.554630 0.279167 0.558333 0.280208 0.558333 0.281250 0.556481 0.281771 0.556481 0.283854 0.552778 0.284375 0.552778 0.286458 0.549074 0.286979 0.549074 0.289062 0.545370 0.289583 0.545370 0.291667 0.541667 0.292187 0.541667 0.294271 0.537963 0.294792 0.537963 0.296875 0.534259 0.297396 0.534259 0.299479 0.530556 0.300000 0.530556 0.302083 0.526852 0.302604 0.526852 0.304688 0.523148 0.305208 0.523148 0.307292 0.519444 0.307812 0.519444 0.309896 0.515741 0.310417 0.515741 0.312500 0.512037 0.313021 0.512037 0.315104 0.508333 0.315625 0.508333 0.316146 0.507407 0.317188 0.507407 0.317708 0.508333 0.318229 0.508333 0.318750 0.509259 0.319271 0.509259 0.320312 0.511111 0.320833 0.511111 0.322917 0.514815 0.323437 0.514815 0.326562 0.520370 0.327083 0.520370 0.334375 0.533333 0.334896 0.533333 0.348958 0.558333 0.349479 0.558333 0.350521 0.560185 0.353125 0.560185 0.353646 0.559259 0.353646 0.558333 0.356771 0.552778 0.356250 0.552778 0.355729 0.551852 0.355208 0.551852 0.348438 0.539815 0.347917 0.539815 0.318750 0.487963 0.318750 0.487037 0.317188 0.484259 0.317188 0.483333
0 0.402604 0.520370 0.080208 0.085185 0.400521 0.477778 0.398958 0.480556 0.398958 0.481481 0.394271 0.489815 0.394271 0.490741 0.389062 0.500000 0.388542 0.500000 0.383854 0.508333 0.383854 0.509259 0.377604 0.520370 0.377604 0.521296 0.371875 0.531481 0.371875 0.532407 0.366146 0.542593 0.366146 0.543519 0.362500 0.550000 0.362500 0.553704 0.364063 0.556481 0.365104 0.556481 0.365625 0.555556 0.366146 0.555556 0.367708 0.552778 0.368229 0.552778 0.372917 0.544444 0.373437 0.544444 0.378125 0.536111 0.378646 0.536111 0.382292 0.529630 0.382812 0.529630 0.385937 0.524074 0.386458 0.524074 0.389062 0.519444 0.389583 0.519444 0.391146 0.516667 0.391667 0.516667 0.393229 0.513889 0.393750 0.513889 0.394792 0.512037 0.395313 0.512037 0.396354 0.510185 0.396875 0.510185 0.397396 0.509259 0.397917 0.509259 0.398438 0.508333 0.402604 0.508333 0.403125 0.509259 0.403646 0.509259 0.404167 0.510185 0.404687 0.510185 0.405208 0.511111 0.405729 0.511111 0.408333 0.515741 0.408854 0.515741 0.421875 0.538889 0.421875 0.539815 0.429167 0.552778 0.429167 0.553704 0.433333 0.561111 0.433854 0.561111 0.434896 0.562963 0.436979 0.562963 0.438021 0.561111 0.438021 0.560185 0.438542 0.559259 0.438542 0.558333 0.439063 0.557407 0.439063 0.556481 0.439583 0.555556 0.439583 0.554630 0.440104 0.553704 0.440104 0.552778 0.440625 0.551852 0.440625 0.550926 0.441146 0.550000 0.441146 0.549074 0.441667 0.548148 0.441667 0.547222 0.442708 0.545370 0.441146 0.548148 0.440625 0.548148 0.440104 0.549074 0.438542 0.549074 0.438021 0.548148 0.437500 0.548148 0.401042 0.483333 0.401042 0.482407 0.400000 0.480556 0.400000 0.478704
0 0.483333 0.512500 0.077083 0.086111 0.482292 0.469444 0.481771 0.470370 0.481250 0.470370 0.481250 0.472222 0.480729 0.473148 0.480729 0.474074 0.480208 0.475000 0.480208 0.476852 0.479687 0.477778 0.479687 0.478704 0.479167 0.479630 0.479167 0.481481 0.478646 0.482407 0.478646 0.483333 0.478125 0.484259 0.478125 0.485185 0.469271 0.500926 0.468750 0.500926 0.455729 0.524074 0.455208 0.524074 0.447396 0.537963 0.447396 0.538889 0.446875 0.539815 0.446875 0.540741 0.446354 0.541667 0.446354 0.542593 0.445833 0.543519 0.445833 0.544444 0.445312 0.545370 0.445312 0.546296 0.444792 0.547222 0.444792 0.549074 0.445312 0.550000 0.445312 0.550926 0.446354 0.552778 0.447917 0.552778 0.448958 0.550926 0.449479 0.550926 0.456771 0.537963 0.457292 0.537963 0.464583 0.525000 0.465104 0.525000 0.469792 0.516667 0.470313 0.516667 0.473438 0.511111 0.473958 0.511111 0.475521 0.508333 0.476042 0.508333 0.477604 0.505556 0.478125 0.505556 0.479167 0.503704 0.479687 0.503704 0.480208 0.502778 0.480729 0.502778 0.481250 0.501852 0.485417 0.501852 0.485938 0.502778 0.486979 0.502778 0.488021 0.504630 0.488542 0.504630 0.490104 0.507407 0.490625 0.507407 0.493229 0.512037 0.493750 0.512037 0.516146 0.551852 0.516667 0.551852 0.518229 0.554630 0.518750 0.554630 0.519271 0.555556 0.519792 0.555556 0.520312 0.554630 0.520833 0.554630 0.521875 0.552778 0.521875 0.548148 0.493750 0.498148 0.493750 0.497222 0.490625 0.491667 0.490625 0.490741 0.490104 0.489815 0.490104 0.487037 0.490625 0.486111 0.490625 0.484259 0.491146 0.483333 0.491146 0.481481 0.491667 0.480556 0.491667 0.477778 0.491146 0.477778 0.489063 0.474074 0.488542 0.474074 0.487500 0.472222 0.486979 0.472222 0.486458 0.471296 0.485938 0.471296 0.485417 0.470370 0.484375 0.470370 0.483854 0.469444
0 0.576823 0.512500 0.078646 0.095370 0.576042 0.464815 0.575521 0.465741 0.575000 0.465741 0.574479 0.466667 0.573958 0.466667 0.573438 0.467593 0.572917 0.467593 0.572396 0.468519 0.571875 0.468519 0.570312 0.471296 0.569792 0.471296 0.568750 0.473148 0.568750 0.478704 0.569271 0.479630 0.569271 0.485185 0.569792 0.486111 0.569792 0.492593 0.569271 0.493519 0.569271 0.494444 0.564063 0.503704 0.563542 0.503704 0.554688 0.519444 0.554167 0.519444 0.545312 0.535185 0.544792 0.535185 0.537500 0.548148 0.537500 0.554630 0.538021 0.555556 0.538021 0.556481 0.538542 0.557407 0.539062 0.557407 0.539583 0.558333 0.540625 0.558333 0.541146 0.557407 0.541667 0.557407 0.547396 0.547222 0.547917 0.547222 0.555208 0.534259 0.555729 0.534259 0.560417 0.525926 0.560937 0.525926 0.564583 0.519444 0.565104 0.519444 0.567708 0.514815 0.568229 0.514815 0.569792 0.512037 0.570312 0.512037 0.571875 0.509259 0.572396 0.509259 0.572917 0.508333 0.573438 0.508333 0.573958 0.507407 0.574479 0.507407 0.575000 0.506481 0.576562 0.506481 0.577083 0.505556 0.577604 0.505556 0.578125 0.506481 0.579688 0.506481 0.580208 0.507407 0.580729 0.507407 0.581250 0.508333 0.581771 0.508333 0.582812 0.510185 0.583333 0.510185 0.585417 0.513889 0.585938 0.513889 0.590625 0.522222 0.591146 0.522222 0.611458 0.558333 0.611979 0.558333 0.612500 0.559259 0.613021 0.559259 0.613542 0.560185 0.614062 0.559259 0.615104 0.559259 0.615625 0.558333 0.615625 0.557407 0.616146 0.556481 0.616146 0.555556 0.615625 0.554630 0.615625 0.552778 0.615104 0.551852 0.615104 0.550000 0.614062 0.548148 0.614062 0.547222 0.588542 0.501852 0.588542 0.500926 0.586458 0.497222 0.586458 0.494444 0.585938 0.493519 0.585938 0.491667 0.585417 0.490741 0.585417 0.487963 0.584896 0.487037 0.584896 0.484259 0.584375 0.483333 0.584375 0.480556 0.583854 0.479630 0.583854 0.476852 0.583333 0.475926 0.583333 0.473148 0.582812 0.472222 0.582812 0.469444 0.582292 0.468519 0.582292 0.467593 0.581771 0.467593 0.581250 0.466667 0.580729 0.466667 0.580208 0.465741 0.579688 0.465741 0.579167 0.464815
0 0.666146 0.527315 0.078125 0.084259 0.667188 0.485185 0.666667 0.486111 0.666146 0.486111 0.665625 0.487037 0.665104 0.487037 0.664583 0.487963 0.665625 0.489815 0.665625 0.490741 0.667188 0.493519 0.667188 0.494444 0.667708 0.495370 0.667708 0.499074 0.660417 0.512037 0.659896 0.512037 0.653646 0.523148 0.653125 0.523148 0.646875 0.534259 0.646354 0.534259 0.640104 0.545370 0.639583 0.545370 0.633333 0.556481 0.632812 0.556481 0.628646 0.563889 0.628125 0.563889 0.627083 0.565741 0.628125 0.567593 0.628646 0.567593 0.629167 0.568519 0.629687 0.567593 0.630208 0.567593 0.631250 0.565741 0.631771 0.565741 0.636458 0.557407 0.636979 0.557407 0.642708 0.547222 0.643229 0.547222 0.647917 0.538889 0.648438 0.538889 0.651563 0.533333 0.652083 0.533333 0.655208 0.527778 0.655729 0.527778 0.657813 0.524074 0.658333 0.524074 0.659896 0.521296 0.660417 0.521296 0.661458 0.519444 0.661979 0.519444 0.662500 0.518519 0.663021 0.518519 0.663542 0.517593 0.664062 0.517593 0.664583 0.516667 0.665625 0.516667 0.666146 0.515741 0.668229 0.515741 0.668750 0.516667 0.669792 0.516667 0.670312 0.517593 0.670833 0.517593 0.671875 0.519444 0.672396 0.519444 0.673958 0.522222 0.674479 0.522222 0.678125 0.528704 0.678646 0.528704 0.701042 0.568519 0.701562 0.568519 0.702083 0.569444 0.703646 0.569444 0.705208 0.566667 0.705208 0.564815 0.704688 0.563889 0.704688 0.562963 0.703646 0.561111 0.703646 0.560185 0.702083 0.557407 0.702083 0.556481 0.700000 0.552778 0.700000 0.551852 0.698438 0.549074 0.698438 0.548148 0.696875 0.545370 0.696875 0.544444 0.695312 0.541667 0.695312 0.540741 0.685937 0.524074 0.685937 0.523148 0.676562 0.506481 0.676562 0.505556 0.675000 0.502778 0.675000 0.501852 0.673438 0.499074 0.673438 0.498148 0.671875 0.495370 0.671875 0.494444 0.670312 0.491667 0.670312 0.490741 0.669271 0.488889 0.669271 0.487963 0.667708 0.485185
0 0.360156 0.506944 0.084896 0.089815 0.389062 0.462037 0.373958 0.488889 0.373437 0.488889 0.361458 0.510185 0.360938 0.510185 0.360417 0.511111 0.359896 0.511111 0.356771 0.516667 0.356250 0.516667 0.355729 0.517593 0.355208 0.517593 0.354687 0.516667 0.354167 0.516667 0.353125 0.514815 0.352604 0.514815 0.335938 0.485185 0.335417 0.485185 0.329688 0.475000 0.329167 0.475000 0.326562 0.470370 0.325521 0.470370 0.324479 0.472222 0.323958 0.472222 0.322917 0.474074 0.322396 0.474074 0.320833 0.476852 0.320312 0.476852 0.319271 0.478704 0.318750 0.478704 0.317708 0.480556 0.317708 0.484259 0.319271 0.487037 0.319271 0.487963 0.347917 0.538889 0.348438 0.538889 0.355208 0.550926 0.355729 0.550926 0.356250 0.551852 0.357812 0.551852 0.358854 0.550000 0.359375 0.550000 0.368750 0.533333 0.369271 0.533333 0.388542 0.499074 0.389062 0.499074 0.393750 0.490741 0.393750 0.489815 0.398438 0.481481 0.398438 0.480556 0.402604 0.473148 0.402083 0.472222 0.401562 0.472222 0.401042 0.471296 0.397917 0.471296 0.397396 0.472222 0.396354 0.472222 0.395313 0.474074 0.394792 0.474074 0.394271 0.475000 0.393750 0.475000 0.392188 0.477778 0.391667 0.477778 0.389062 0.482407 0.388542 0.482407 0.384375 0.489815 0.383854 0.489815 0.375000 0.505556 0.374479 0.505556 0.365104 0.522222 0.364583 0.522222 0.364063 0.523148 0.363021 0.523148 0.360938 0.519444 0.360938 0.518519 0.360417 0.517593 0.360938 0.516667 0.360938 0.515741 0.361458 0.514815 0.361458 0.513889 0.384896 0.472222 0.385417 0.472222 0.390104 0.463889 0.390104 0.462963 0.389583 0.462037
0 0.440625 0.509259 0.080208 0.077778 0.480729 0.470370 0.480208 0.471296 0.479167 0.471296 0.478125 0.473148 0.477604 0.473148 0.476562 0.475000 0.476042 0.475000 0.473958 0.478704 0.473438 0.478704 0.470833 0.483333 0.470313 0.483333 0.466146 0.490741 0.465625 0.490741 0.458854 0.502778 0.458333 0.502778 0.448958 0.519444 0.448437 0.519444 0.446875 0.522222 0.445312 0.522222 0.444792 0.521296 0.444271 0.521296 0.443750 0.520370 0.443750 0.519444 0.443229 0.518519 0.443229 0.514815 0.443750 0.513889 0.443750 0.512963 0.444271 0.512037 0.444271 0.511111 0.445312 0.509259 0.445312 0.508333 0.445833 0.507407 0.445833 0.506481 0.446354 0.505556 0.446354 0.504630 0.446875 0.503704 0.446875 0.502778 0.447917 0.500926 0.447917 0.500000 0.448437 0.499074 0.445833 0.503704 0.445312 0.503704 0.443229 0.507407 0.443229 0.508333 0.442188 0.510185 0.442188 0.511111 0.441667 0.512037 0.441667 0.512963 0.440625 0.514815 0.440625 0.515741 0.440104 0.516667 0.440104 0.517593 0.439583 0.518519 0.439583 0.519444 0.438542 0.521296 0.438542 0.522222 0.436979 0.525000 0.434896 0.525000 0.434375 0.524074 0.433854 0.524074 0.415104 0.490741 0.414583 0.490741 0.408854 0.480556 0.408333 0.480556 0.406250 0.476852 0.405729 0.476852 0.404167 0.474074 0.403646 0.474074 0.403125 0.473148 0.401042 0.476852 0.401042 0.477778 0.400521 0.478704 0.400521 0.480556 0.401562 0.482407 0.401562 0.483333 0.437500 0.547222 0.438021 0.547222 0.438542 0.548148 0.440104 0.548148 0.440625 0.547222 0.441146 0.547222 0.443229 0.543519 0.443750 0.543519 0.455208 0.523148 0.455729 0.523148 0.468750 0.500000 0.469271 0.500000 0.477604 0.485185 0.477604 0.484259 0.478125 0.483333 0.478125 0.482407 0.478646 0.481481 0.478646 0.479630 0.479167 0.478704 0.479167 0.477778 0.479687 0.476852 0.479687 0.475000 0.480208 0.474074 0.480208 0.473148 0.480729 0.472222
0 0.529948 0.516204 0.078646 0.084259 0.567708 0.474074 0.564583 0.479630 0.564063 0.479630 0.559896 0.487037 0.559375 0.487037 0.553125 0.498148 0.552604 0.498148 0.543750 0.513889 0.543229 0.513889 0.541667 0.516667 0.541146 0.516667 0.540625 0.517593 0.540104 0.516667 0.539583 0.516667 0.538021 0.513889 0.538021 0.512963 0.537500 0.512037 0.537500 0.509259 0.532292 0.518519 0.531771 0.518519 0.531250 0.519444 0.530729 0.519444 0.530208 0.520370 0.529687 0.520370 0.529167 0.519444 0.528646 0.519444 0.523438 0.510185 0.523438 0.511111 0.522917 0.512037 0.522917 0.519444 0.522396 0.520370 0.522396 0.522222 0.521354 0.524074 0.518750 0.524074 0.518229 0.523148 0.517708 0.523148 0.496875 0.486111 0.496354 0.486111 0.492188 0.478704 0.492188 0.480556 0.491667 0.481481 0.491667 0.483333 0.491146 0.484259 0.491146 0.486111 0.490625 0.487037 0.490625 0.489815 0.491146 0.490741 0.491146 0.491667 0.494271 0.497222 0.494271 0.498148 0.526563 0.555556 0.527083 0.555556 0.528646 0.558333 0.530208 0.558333 0.531250 0.556481 0.531771 0.556481 0.535417 0.550000 0.535937 0.550000 0.544792 0.534259 0.545312 0.534259 0.554167 0.518519 0.554688 0.518519 0.563542 0.502778 0.564063 0.502778 0.568750 0.494444 0.568750 0.493519 0.569271 0.492593 0.569271 0.486111 0.568750 0.485185 0.568750 0.479630 0.568229 0.478704 0.568229 0.474074
0 0.625000 0.517130 0.084375 0.097222 0.582812 0.468519 0.583333 0.469444 0.583333 0.472222 0.583854 0.473148 0.583854 0.475926 0.584375 0.476852 0.584375 0.479630 0.584896 0.480556 0.584896 0.483333 0.585417 0.484259 0.585417 0.487037 0.585938 0.487963 0.585938 0.490741 0.586458 0.491667 0.586458 0.493519 0.586979 0.494444 0.586979 0.497222 0.589063 0.500926 0.589063 0.501852 0.614583 0.547222 0.614583 0.548148 0.622917 0.562963 0.623437 0.562963 0.624479 0.564815 0.625000 0.564815 0.625521 0.565741 0.626042 0.565741 0.626563 0.564815 0.627083 0.564815 0.628125 0.562963 0.628646 0.562963 0.632812 0.555556 0.633333 0.555556 0.639583 0.544444 0.640104 0.544444 0.646354 0.533333 0.646875 0.533333 0.653125 0.522222 0.653646 0.522222 0.659896 0.511111 0.660417 0.511111 0.667188 0.499074 0.667188 0.495370 0.666667 0.494444 0.666667 0.493519 0.665104 0.490741 0.665104 0.489815 0.664062 0.487963 0.662500 0.490741 0.661979 0.490741 0.660417 0.493519 0.659896 0.493519 0.657813 0.497222 0.657292 0.497222 0.654167 0.502778 0.653646 0.502778 0.650000 0.509259 0.649479 0.509259 0.644271 0.518519 0.643750 0.518519 0.637500 0.529630 0.636979 0.529630 0.633333 0.536111 0.632812 0.536111 0.631771 0.537963 0.630729 0.537963 0.630208 0.537037 0.629687 0.537037 0.628646 0.535185 0.628646 0.534259 0.628125 0.533333 0.628125 0.532407 0.627604 0.531481 0.627604 0.529630 0.627083 0.528704 0.627083 0.527778 0.626563 0.526852 0.625521 0.526852 0.625000 0.525926 0.624479 0.525926 0.615625 0.510185 0.616146 0.511111 0.616146 0.515741 0.615104 0.517593 0.614583 0.517593 0.614062 0.518519 0.613021 0.518519 0.612500 0.517593 0.611979 0.517593 0.610417 0.514815 0.609896 0.514815 0.601042 0.499074 0.601042 0.498148 0.595833 0.488889 0.595313 0.488889 0.587500 0.475000 0.586979 0.475000 0.584375 0.470370 0.583854 0.470370
0 0.711979 0.525926 0.087500 0.090741 0.684375 0.480556 0.687500 0.486111 0.687500 0.487037 0.690625 0.492593 0.690625 0.493519 0.693229 0.498148 0.693229 0.499074 0.696354 0.504630 0.696354 0.505556 0.698958 0.510185 0.698958 0.511111 0.702083 0.516667 0.702083 0.517593 0.705208 0.523148 0.705208 0.524074 0.707812 0.528704 0.707812 0.529630 0.709375 0.532407 0.709375 0.536111 0.707812 0.538889 0.705729 0.538889 0.705208 0.537963 0.704688 0.537963 0.702604 0.534259 0.702083 0.534259 0.699479 0.529630 0.699479 0.528704 0.681771 0.497222 0.681250 0.497222 0.677604 0.490741 0.677083 0.490741 0.675521 0.487963 0.675000 0.487963 0.673958 0.486111 0.673438 0.486111 0.672917 0.485185 0.671875 0.485185 0.671354 0.484259 0.668229 0.484259 0.668229 0.485185 0.669792 0.487963 0.669792 0.488889 0.670833 0.490741 0.670833 0.491667 0.672396 0.494444 0.672396 0.495370 0.673958 0.498148 0.673958 0.499074 0.675521 0.501852 0.675521 0.502778 0.677083 0.505556 0.677083 0.506481 0.686458 0.523148 0.686458 0.524074 0.703125 0.553704 0.703125 0.554630 0.711458 0.569444 0.711979 0.569444 0.712500 0.570370 0.713021 0.570370 0.713542 0.571296 0.714063 0.571296 0.714583 0.570370 0.715104 0.570370 0.716667 0.567593 0.717187 0.567593 0.720833 0.561111 0.721354 0.561111 0.726042 0.552778 0.726562 0.552778 0.731771 0.543519 0.732292 0.543519 0.736979 0.535185 0.737500 0.535185 0.742188 0.526852 0.742708 0.526852 0.747917 0.517593 0.748437 0.517593 0.755729 0.504630 0.755729 0.501852 0.753125 0.497222 0.752604 0.497222 0.749479 0.491667 0.748958 0.491667 0.748437 0.490741 0.746354 0.494444 0.745833 0.494444 0.740625 0.503704 0.740104 0.503704 0.734896 0.512963 0.734375 0.512963 0.729688 0.521296 0.729167 0.521296 0.723958 0.530556 0.723437 0.530556 0.720313 0.536111 0.719792 0.536111 0.718750 0.537963 0.718229 0.537963 0.717708 0.538889 0.717187 0.538889 0.716667 0.537963 0.716146 0.537963 0.715104 0.536111 0.714583 0.536111 0.709375 0.526852 0.709375 0.525926 0.694271 0.499074 0.694271 0.498148
0 0.320833 0.479630 0.077083 0.074074 0.319792 0.442593 0.318750 0.444444 0.318229 0.444444 0.317188 0.446296 0.316667 0.446296 0.283854 0.504630 0.283854 0.505556 0.282292 0.508333 0.282292 0.511111 0.283854 0.513889 0.284375 0.513889 0.284896 0.514815 0.285417 0.513889 0.285938 0.513889 0.287500 0.511111 0.288021 0.511111 0.289062 0.509259 0.289583 0.509259 0.291146 0.506481 0.291667 0.506481 0.292708 0.504630 0.293229 0.504630 0.305729 0.482407 0.306250 0.482407 0.307292 0.480556 0.307812 0.480556 0.309375 0.477778 0.309896 0.477778 0.310937 0.475926 0.311458 0.475926 0.312500 0.474074 0.313021 0.474074 0.314583 0.471296 0.315104 0.471296 0.316146 0.469444 0.316667 0.469444 0.317708 0.467593 0.318229 0.467593 0.319792 0.464815 0.320312 0.464815 0.320833 0.463889 0.321354 0.463889 0.321875 0.464815 0.322396 0.464815 0.322917 0.465741 0.323437 0.465741 0.323958 0.466667 0.324479 0.466667 0.326042 0.469444 0.326562 0.469444 0.329167 0.474074 0.329688 0.474074 0.335417 0.484259 0.335938 0.484259 0.352604 0.513889 0.353125 0.513889 0.354167 0.515741 0.354687 0.515741 0.355208 0.516667 0.355729 0.516667 0.356250 0.515741 0.356771 0.515741 0.359375 0.511111 0.358333 0.511111 0.351562 0.499074 0.351042 0.499074 0.321875 0.447222 0.321875 0.446296 0.320312 0.443519 0.320312 0.442593
0 0.401823 0.484259 0.081771 0.079630 0.401562 0.444444 0.385417 0.473148 0.384896 0.473148 0.361979 0.513889 0.361979 0.514815 0.361458 0.515741 0.361458 0.516667 0.360938 0.517593 0.361458 0.518519 0.361458 0.519444 0.363021 0.522222 0.364063 0.522222 0.364583 0.521296 0.365104 0.521296 0.374479 0.504630 0.375000 0.504630 0.383854 0.488889 0.384375 0.488889 0.388542 0.481481 0.389062 0.481481 0.391667 0.476852 0.392188 0.476852 0.393750 0.474074 0.394271 0.474074 0.394792 0.473148 0.395313 0.473148 0.396354 0.471296 0.397396 0.471296 0.397917 0.470370 0.401042 0.470370 0.401562 0.471296 0.402083 0.471296 0.402604 0.472222 0.403125 0.472222 0.403646 0.473148 0.404167 0.473148 0.405729 0.475926 0.406250 0.475926 0.408333 0.479630 0.408854 0.479630 0.414583 0.489815 0.415104 0.489815 0.433854 0.523148 0.434375 0.523148 0.434896 0.524074 0.436979 0.524074 0.438021 0.522222 0.438021 0.521296 0.439063 0.519444 0.439063 0.518519 0.439583 0.517593 0.439583 0.516667 0.440104 0.515741 0.440104 0.514815 0.441146 0.512963 0.441146 0.512037 0.441667 0.511111 0.441667 0.510185 0.442708 0.508333 0.441667 0.510185 0.441146 0.510185 0.440625 0.511111 0.439063 0.511111 0.436979 0.507407 0.436458 0.507407 0.417708 0.474074 0.417708 0.473148
0 0.483333 0.476852 0.079167 0.092593 0.482812 0.430556 0.482812 0.431481 0.482292 0.432407 0.482292 0.433333 0.481771 0.434259 0.481771 0.435185 0.481250 0.436111 0.481250 0.437037 0.480729 0.437963 0.480729 0.438889 0.480208 0.439815 0.480208 0.441667 0.479687 0.442593 0.479687 0.443519 0.479167 0.444444 0.479167 0.445370 0.477604 0.448148 0.477604 0.449074 0.474479 0.454630 0.473958 0.454630 0.459896 0.479630 0.459375 0.479630 0.448958 0.498148 0.448958 0.499074 0.448437 0.500000 0.448437 0.500926 0.447396 0.502778 0.447396 0.503704 0.446875 0.504630 0.446875 0.505556 0.446354 0.506481 0.446354 0.507407 0.445833 0.508333 0.445833 0.509259 0.444792 0.511111 0.444792 0.512037 0.444271 0.512963 0.444271 0.513889 0.443750 0.514815 0.443750 0.518519 0.444271 0.519444 0.444271 0.520370 0.444792 0.520370 0.445312 0.521296 0.446875 0.521296 0.448437 0.518519 0.448958 0.518519 0.458333 0.501852 0.458854 0.501852 0.465625 0.489815 0.466146 0.489815 0.470313 0.482407 0.470833 0.482407 0.473438 0.477778 0.473958 0.477778 0.476042 0.474074 0.476562 0.474074 0.477604 0.472222 0.478125 0.472222 0.479167 0.470370 0.480208 0.470370 0.480729 0.469444 0.481771 0.469444 0.482292 0.468519 0.483854 0.468519 0.484375 0.469444 0.485417 0.469444 0.485938 0.470370 0.486458 0.470370 0.486979 0.471296 0.487500 0.471296 0.488542 0.473148 0.489063 0.473148 0.491146 0.476852 0.491667 0.476852 0.496354 0.485185 0.496875 0.485185 0.517708 0.522222 0.518229 0.522222 0.518750 0.523148 0.521354 0.523148 0.521875 0.522222 0.521875 0.520370 0.522396 0.519444 0.522396 0.512037 0.522917 0.511111 0.522917 0.509259 0.491667 0.453704 0.491667 0.452778 0.490625 0.450926 0.490625 0.448148 0.491146 0.447222 0.491146 0.445370 0.491667 0.444444 0.491667 0.443519 0.492188 0.442593 0.492188 0.440741 0.492708 0.439815 0.490625 0.436111 0.490104 0.436111 0.488542 0.433333 0.488021 0.433333 0.487500 0.432407 0.486979 0.432407 0.486458 0.431481 0.485938 0.431481 0.485417 0.430556
0 0.576823 0.475463 0.077604 0.084259 0.576562 0.433333 0.576042 0.434259 0.575521 0.434259 0.575000 0.435185 0.574479 0.435185 0.573438 0.437037 0.572917 0.437037 0.571875 0.438889 0.571354 0.438889 0.569792 0.441667 0.569792 0.446296 0.570312 0.447222 0.570312 0.453704 0.560417 0.471296 0.559896 0.471296 0.549479 0.489815 0.548958 0.489815 0.538542 0.508333 0.538021 0.508333 0.538021 0.512037 0.538542 0.512963 0.538542 0.513889 0.539583 0.515741 0.540104 0.515741 0.540625 0.516667 0.541146 0.515741 0.541667 0.515741 0.543229 0.512963 0.543750 0.512963 0.552604 0.497222 0.553125 0.497222 0.559375 0.486111 0.559896 0.486111 0.564063 0.478704 0.564583 0.478704 0.567708 0.473148 0.568229 0.473148 0.569792 0.470370 0.570312 0.470370 0.571875 0.467593 0.572396 0.467593 0.572917 0.466667 0.573438 0.466667 0.573958 0.465741 0.574479 0.465741 0.575000 0.464815 0.575521 0.464815 0.576042 0.463889 0.579167 0.463889 0.579688 0.464815 0.580208 0.464815 0.580729 0.465741 0.581250 0.465741 0.581771 0.466667 0.582292 0.466667 0.583854 0.469444 0.584375 0.469444 0.586979 0.474074 0.587500 0.474074 0.595313 0.487963 0.595833 0.487963 0.601562 0.498148 0.601562 0.499074 0.609896 0.513889 0.610417 0.513889 0.611979 0.516667 0.612500 0.516667 0.613021 0.517593 0.614062 0.517593 0.614583 0.516667 0.615104 0.516667 0.615625 0.515741 0.615625 0.511111 0.615104 0.510185 0.615104 0.509259 0.596875 0.476852 0.596875 0.475926 0.587500 0.459259 0.587500 0.458333 0.586979 0.457407 0.586979 0.456481 0.586458 0.455556 0.586458 0.453704 0.585938 0.452778 0.585938 0.450000 0.585417 0.449074 0.585417 0.447222 0.584896 0.446296 0.584896 0.444444 0.584375 0.443519 0.584375 0.440741 0.583854 0.439815 0.583854 0.437963 0.583333 0.437037 0.583333 0.436111 0.582292 0.434259 0.581250 0.434259 0.580729 0.433333
0 0.667969 0.491204 0.081771 0.093519 0.665625 0.444444 0.664583 0.446296 0.664062 0.446296 0.664062 0.447222 0.666146 0.450926 0.666146 0.451852 0.667708 0.454630 0.667708 0.455556 0.668229 0.456481 0.668229 0.458333 0.657292 0.477778 0.656771 0.477778 0.650000 0.489815 0.649479 0.489815 0.642708 0.501852 0.642188 0.501852 0.635417 0.513889 0.634896 0.513889 0.629687 0.523148 0.629167 0.523148 0.627604 0.525926 0.627083 0.525926 0.627083 0.526852 0.627604 0.527778 0.627604 0.528704 0.628125 0.529630 0.628125 0.531481 0.628646 0.532407 0.628646 0.533333 0.629167 0.534259 0.629167 0.535185 0.629687 0.536111 0.630208 0.536111 0.630729 0.537037 0.631771 0.537037 0.632812 0.535185 0.633333 0.535185 0.636979 0.528704 0.637500 0.528704 0.643750 0.517593 0.644271 0.517593 0.649479 0.508333 0.650000 0.508333 0.653646 0.501852 0.654167 0.501852 0.657292 0.496296 0.657813 0.496296 0.659896 0.492593 0.660417 0.492593 0.661979 0.489815 0.662500 0.489815 0.664062 0.487037 0.664583 0.487037 0.665104 0.486111 0.665625 0.486111 0.666146 0.485185 0.666667 0.485185 0.667188 0.484259 0.667708 0.484259 0.668229 0.483333 0.671354 0.483333 0.671875 0.484259 0.672917 0.484259 0.673438 0.485185 0.673958 0.485185 0.675000 0.487037 0.675521 0.487037 0.677083 0.489815 0.677604 0.489815 0.681250 0.496296 0.681771 0.496296 0.700000 0.528704 0.700000 0.529630 0.702083 0.533333 0.702604 0.533333 0.704688 0.537037 0.705208 0.537037 0.705729 0.537963 0.707812 0.537963 0.708854 0.536111 0.708854 0.532407 0.707292 0.529630 0.707292 0.528704 0.704688 0.524074 0.704688 0.523148 0.701562 0.517593 0.701562 0.516667 0.698438 0.511111 0.698438 0.510185 0.695833 0.505556 0.695833 0.504630 0.692708 0.499074 0.692708 0.498148 0.690104 0.493519 0.690104 0.492593 0.686979 0.487037 0.686979 0.486111 0.683854 0.480556 0.683854 0.479630 0.681250 0.475000 0.681250 0.474074 0.678125 0.468519 0.678125 0.467593 0.675000 0.462037 0.675000 0.461111 0.667708 0.448148 0.667708 0.447222 0.666146 0.444444
0 0.361719 0.472222 0.081771 0.075926 0.325000 0.434259 0.323958 0.436111 0.323437 0.436111 0.322917 0.437037 0.322396 0.437037 0.320833 0.439815 0.320833 0.443519 0.322396 0.446296 0.322396 0.447222 0.351042 0.498148 0.351562 0.498148 0.358333 0.510185 0.360417 0.510185 0.360938 0.509259 0.361458 0.509259 0.373437 0.487963 0.373958 0.487963 0.396875 0.447222 0.397396 0.447222 0.401042 0.440741 0.401042 0.438889 0.402604 0.436111 0.402083 0.435185 0.401042 0.435185 0.400521 0.434259 0.397396 0.434259 0.396875 0.435185 0.396354 0.435185 0.395833 0.436111 0.395313 0.436111 0.394792 0.437037 0.394271 0.437037 0.389062 0.446296 0.388542 0.446296 0.382812 0.456481 0.382292 0.456481 0.376563 0.466667 0.376042 0.466667 0.370312 0.476852 0.369792 0.476852 0.365104 0.485185 0.364583 0.485185 0.363542 0.487037 0.363021 0.487037 0.362500 0.486111 0.361979 0.486111 0.360417 0.483333 0.360417 0.479630 0.360938 0.478704 0.360938 0.477778 0.379688 0.444444 0.376563 0.450000 0.376042 0.450000 0.372396 0.456481 0.371875 0.456481 0.368750 0.462037 0.368229 0.462037 0.365104 0.467593 0.364583 0.467593 0.360938 0.474074 0.360417 0.474074 0.357812 0.478704 0.357292 0.478704 0.355729 0.481481 0.353125 0.481481 0.351042 0.477778 0.350521 0.477778 0.333854 0.448148 0.333333 0.448148 0.328125 0.438889 0.327604 0.438889
0 0.441927 0.470370 0.080729 0.079630 0.481250 0.430556 0.480729 0.431481 0.480208 0.431481 0.479687 0.432407 0.479167 0.432407 0.478646 0.433333 0.478125 0.433333 0.476562 0.436111 0.476042 0.436111 0.473958 0.439815 0.473438 0.439815 0.469792 0.446296 0.469271 0.446296 0.463021 0.457407 0.462500 0.457407 0.449479 0.480556 0.448958 0.480556 0.447396 0.483333 0.445833 0.483333 0.443750 0.479630 0.443750 0.475926 0.444792 0.474074 0.444792 0.473148 0.445312 0.472222 0.445312 0.471296 0.446354 0.469444 0.446354 0.468519 0.447396 0.466667 0.447396 0.465741 0.447917 0.464815 0.447917 0.463889 0.448958 0.462037 0.448958 0.461111 0.450000 0.459259 0.444271 0.469444 0.444271 0.470370 0.443229 0.472222 0.443229 0.473148 0.442188 0.475000 0.442188 0.475926 0.441146 0.477778 0.441146 0.478704 0.440104 0.480556 0.440104 0.481481 0.439583 0.482407 0.439583 0.483333 0.438542 0.485185 0.438542 0.486111 0.437500 0.487963 0.436979 0.487963 0.436458 0.488889 0.435417 0.488889 0.434896 0.487963 0.434375 0.487963 0.432292 0.484259 0.431771 0.484259 0.410938 0.447222 0.410417 0.447222 0.406771 0.440741 0.406250 0.440741 0.404687 0.437963 0.404167 0.437963 0.403125 0.436111 0.401562 0.438889 0.401562 0.442593 0.402083 0.443519 0.402083 0.444444 0.418229 0.473148 0.418229 0.474074 0.436458 0.506481 0.436979 0.506481 0.439063 0.510185 0.440625 0.510185 0.441146 0.509259 0.441667 0.509259 0.445312 0.502778 0.445833 0.502778 0.459375 0.478704 0.459896 0.478704 0.473958 0.453704 0.474479 0.453704 0.477083 0.449074 0.477083 0.448148 0.478646 0.445370 0.478646 0.444444 0.479167 0.443519 0.479167 0.442593 0.479687 0.441667 0.479687 0.439815 0.480208 0.438889 0.480208 0.437963 0.480729 0.437037 0.480729 0.436111 0.481250 0.435185 0.481250 0.434259 0.481771 0.433333 0.481771 0.432407 0.482292 0.431481 0.482292 0.430556
0 0.530469 0.480093 0.078646 0.078704 0.492708 0.440741 0.492708 0.442593 0.492188 0.443519 0.492188 0.444444 0.491667 0.445370 0.491667 0.447222 0.491146 0.448148 0.491146 0.450926 0.492188 0.452778 0.492188 0.453704 0.528646 0.518519 0.529167 0.518519 0.529687 0.519444 0.530208 0.519444 0.530729 0.518519 0.531250 0.518519 0.531771 0.517593 0.532292 0.517593 0.538021 0.507407 0.538542 0.507407 0.548958 0.488889 0.549479 0.488889 0.559896 0.470370 0.560417 0.470370 0.569792 0.453704 0.569792 0.447222 0.569271 0.446296 0.569271 0.442593 0.568750 0.442593 0.566146 0.447222 0.565625 0.447222 0.561458 0.454630 0.560937 0.454630 0.554688 0.465741 0.554167 0.465741 0.544792 0.482407 0.544271 0.482407 0.542188 0.486111 0.541667 0.486111 0.541146 0.487037 0.540104 0.487037 0.538021 0.483333 0.538021 0.473148 0.532813 0.482407 0.532292 0.482407 0.531250 0.484259 0.529687 0.484259 0.529167 0.483333 0.528646 0.483333 0.523438 0.474074 0.523438 0.478704 0.522917 0.479630 0.522917 0.481481 0.522396 0.482407 0.522396 0.483333 0.521875 0.484259 0.519271 0.484259 0.518750 0.483333 0.518229 0.483333 0.501042 0.452778 0.500521 0.452778 0.493750 0.440741
0 0.625781 0.481019 0.083854 0.089815 0.583854 0.436111 0.583854 0.437037 0.584375 0.437963 0.584375 0.439815 0.584896 0.440741 0.584896 0.443519 0.585417 0.444444 0.585417 0.446296 0.585938 0.447222 0.585938 0.449074 0.586458 0.450000 0.586458 0.452778 0.586979 0.453704 0.586979 0.455556 0.587500 0.456481 0.587500 0.457407 0.588021 0.458333 0.588021 0.459259 0.597396 0.475926 0.597396 0.476852 0.624479 0.525000 0.625000 0.525000 0.625521 0.525926 0.626563 0.525926 0.627083 0.525000 0.627604 0.525000 0.629167 0.522222 0.629687 0.522222 0.634896 0.512963 0.635417 0.512963 0.642188 0.500926 0.642708 0.500926 0.649479 0.488889 0.650000 0.488889 0.656771 0.476852 0.657292 0.476852 0.667708 0.458333 0.667708 0.456481 0.667188 0.455556 0.667188 0.454630 0.665625 0.451852 0.665625 0.450926 0.663542 0.447222 0.663021 0.448148 0.662500 0.448148 0.661458 0.450000 0.660937 0.450000 0.658854 0.453704 0.658333 0.453704 0.655729 0.458333 0.655208 0.458333 0.651563 0.464815 0.651042 0.464815 0.646354 0.473148 0.645833 0.473148 0.639062 0.485185 0.638542 0.485185 0.633333 0.494444 0.632812 0.494444 0.631771 0.496296 0.630208 0.496296 0.628125 0.492593 0.628125 0.491667 0.627604 0.490741 0.627604 0.489815 0.627083 0.488889 0.627083 0.487963 0.626563 0.487037 0.626563 0.486111 0.625000 0.486111 0.624479 0.485185 0.623958 0.485185 0.615104 0.469444 0.615625 0.470370 0.615625 0.471296 0.616146 0.472222 0.616146 0.473148 0.616667 0.474074 0.616667 0.475926 0.617188 0.476852 0.617188 0.477778 0.617708 0.478704 0.617708 0.479630 0.618229 0.480556 0.618229 0.481481 0.618750 0.482407 0.618750 0.484259 0.616667 0.487963 0.614583 0.487963 0.613021 0.485185 0.612500 0.485185 0.589063 0.443519 0.588542 0.443519 0.585938 0.438889 0.585417 0.438889
0 0.713021 0.490278 0.091667 0.095370 0.668750 0.442593 0.668229 0.443519 0.667188 0.443519 0.667188 0.444444 0.669792 0.449074 0.669792 0.450000 0.672917 0.455556 0.672917 0.456481 0.676042 0.462037 0.676042 0.462963 0.679167 0.468519 0.679167 0.469444 0.682292 0.475000 0.682292 0.475926 0.694792 0.498148 0.694792 0.499074 0.709896 0.525926 0.709896 0.526852 0.714583 0.535185 0.715104 0.535185 0.716146 0.537037 0.716667 0.537037 0.717187 0.537963 0.717708 0.537963 0.718229 0.537037 0.718750 0.537037 0.719792 0.535185 0.720313 0.535185 0.723437 0.529630 0.723958 0.529630 0.729167 0.520370 0.729688 0.520370 0.734375 0.512037 0.734896 0.512037 0.740104 0.502778 0.740625 0.502778 0.745833 0.493519 0.746354 0.493519 0.751563 0.484259 0.752083 0.484259 0.758854 0.472222 0.758854 0.468519 0.757292 0.465741 0.756771 0.465741 0.756250 0.464815 0.755729 0.464815 0.752083 0.471296 0.751563 0.471296 0.746354 0.480556 0.745833 0.480556 0.740625 0.489815 0.740104 0.489815 0.734896 0.499074 0.734375 0.499074 0.729167 0.508333 0.728646 0.508333 0.726562 0.512037 0.726042 0.512037 0.725521 0.512963 0.723437 0.512963 0.697917 0.467593 0.697917 0.466667 0.688021 0.449074 0.687500 0.450000 0.687500 0.450926 0.689063 0.453704 0.689063 0.454630 0.702604 0.478704 0.702604 0.479630 0.707812 0.488889 0.707812 0.489815 0.708333 0.490741 0.708333 0.491667 0.708854 0.492593 0.708854 0.493519 0.708333 0.494444 0.708333 0.495370 0.707812 0.496296 0.707292 0.496296 0.706771 0.497222 0.704688 0.497222 0.704167 0.496296 0.703646 0.496296 0.678646 0.451852 0.678125 0.451852 0.675521 0.447222 0.675000 0.447222 0.673958 0.445370 0.673438 0.445370 0.672917 0.444444 0.672396 0.444444 0.671875 0.443519 0.670833 0.443519 0.670312 0.442593
0 0.318490 0.445370 0.075521 0.070370 0.315625 0.410185 0.314583 0.412037 0.314063 0.412037 0.308333 0.422222 0.308333 0.423148 0.282292 0.469444 0.282292 0.470370 0.280729 0.473148 0.280729 0.475926 0.281250 0.476852 0.281250 0.477778 0.281771 0.478704 0.282292 0.478704 0.282813 0.479630 0.283333 0.479630 0.283854 0.478704 0.284375 0.478704 0.285417 0.476852 0.285938 0.476852 0.286458 0.475926 0.286979 0.475926 0.298438 0.455556 0.298958 0.455556 0.300000 0.453704 0.300521 0.453704 0.301042 0.452778 0.301563 0.452778 0.302604 0.450926 0.303125 0.450926 0.304167 0.449074 0.304688 0.449074 0.305208 0.448148 0.305729 0.448148 0.306771 0.446296 0.307292 0.446296 0.308333 0.444444 0.308854 0.444444 0.309375 0.443519 0.309896 0.443519 0.310937 0.441667 0.311458 0.441667 0.311979 0.440741 0.312500 0.440741 0.313542 0.438889 0.314063 0.438889 0.315104 0.437037 0.315625 0.437037 0.316146 0.436111 0.316667 0.436111 0.317708 0.434259 0.318229 0.434259 0.319271 0.432407 0.319792 0.432407 0.320312 0.431481 0.320833 0.431481 0.321875 0.429630 0.322396 0.430556 0.322917 0.430556 0.324479 0.433333 0.325000 0.433333 0.327604 0.437963 0.328125 0.437963 0.333333 0.447222 0.333854 0.447222 0.350521 0.476852 0.351042 0.476852 0.353125 0.480556 0.355729 0.480556 0.356250 0.479630 0.354687 0.479630 0.353125 0.476852 0.352604 0.476852 0.316146 0.412037 0.316146 0.411111
0 0.402604 0.447685 0.083333 0.080556 0.402604 0.407407 0.402083 0.408333 0.401562 0.408333 0.398438 0.413889 0.397917 0.413889 0.390625 0.426852 0.390104 0.426852 0.361458 0.477778 0.361458 0.478704 0.360938 0.479630 0.360938 0.483333 0.361979 0.485185 0.362500 0.485185 0.363021 0.486111 0.363542 0.486111 0.364583 0.484259 0.365104 0.484259 0.369792 0.475926 0.370312 0.475926 0.376042 0.465741 0.376563 0.465741 0.382292 0.455556 0.382812 0.455556 0.388542 0.445370 0.389062 0.445370 0.394271 0.436111 0.394792 0.436111 0.395313 0.435185 0.395833 0.435185 0.396354 0.434259 0.396875 0.434259 0.397396 0.433333 0.400521 0.433333 0.401042 0.434259 0.402083 0.434259 0.402604 0.435185 0.403125 0.435185 0.404167 0.437037 0.404687 0.437037 0.406250 0.439815 0.406771 0.439815 0.410417 0.446296 0.410938 0.446296 0.431771 0.483333 0.432292 0.483333 0.434375 0.487037 0.434896 0.487037 0.435417 0.487963 0.436458 0.487963 0.436979 0.487037 0.437500 0.487037 0.438021 0.486111 0.438021 0.485185 0.439063 0.483333 0.439063 0.482407 0.439583 0.481481 0.439583 0.480556 0.440625 0.478704 0.440625 0.477778 0.441667 0.475926 0.441667 0.475000 0.442708 0.473148 0.442708 0.472222 0.443750 0.470370 0.443750 0.469444 0.444271 0.468519 0.442188 0.472222 0.441667 0.472222 0.441146 0.473148 0.439583 0.473148 0.436979 0.468519 0.436458 0.468519 0.403646 0.410185 0.403646 0.409259
0 0.483594 0.437500 0.078646 0.091667 0.483854 0.391667 0.483854 0.392593 0.483333 0.393519 0.483333 0.394444 0.482812 0.395370 0.482812 0.396296 0.482292 0.397222 0.482292 0.398148 0.481771 0.399074 0.481771 0.400000 0.481250 0.400926 0.481250 0.401852 0.480208 0.403704 0.480208 0.404630 0.479687 0.405556 0.479687 0.406481 0.478646 0.408333 0.478646 0.409259 0.467187 0.429630 0.466667 0.429630 0.450521 0.458333 0.450521 0.459259 0.449479 0.461111 0.449479 0.462037 0.448437 0.463889 0.448437 0.464815 0.447917 0.465741 0.447917 0.466667 0.446875 0.468519 0.446875 0.469444 0.445833 0.471296 0.445833 0.472222 0.445312 0.473148 0.445312 0.474074 0.444271 0.475926 0.444271 0.479630 0.445833 0.482407 0.447396 0.482407 0.448958 0.479630 0.449479 0.479630 0.462500 0.456481 0.463021 0.456481 0.469271 0.445370 0.469792 0.445370 0.473438 0.438889 0.473958 0.438889 0.476042 0.435185 0.476562 0.435185 0.478125 0.432407 0.478646 0.432407 0.479167 0.431481 0.479687 0.431481 0.480208 0.430556 0.480729 0.430556 0.481250 0.429630 0.485417 0.429630 0.485938 0.430556 0.486458 0.430556 0.486979 0.431481 0.487500 0.431481 0.488021 0.432407 0.488542 0.432407 0.490104 0.435185 0.490625 0.435185 0.493229 0.439815 0.493750 0.439815 0.500521 0.451852 0.501042 0.451852 0.518229 0.482407 0.518750 0.482407 0.519271 0.483333 0.521875 0.483333 0.521875 0.482407 0.522396 0.481481 0.522396 0.479630 0.522917 0.478704 0.522917 0.473148 0.492188 0.418519 0.492188 0.417593 0.490625 0.414815 0.490625 0.411111 0.491146 0.410185 0.491146 0.409259 0.491667 0.408333 0.491667 0.406481 0.492188 0.405556 0.492188 0.404630 0.492708 0.403704 0.492708 0.401852 0.493229 0.400926 0.492708 0.400926 0.490104 0.396296 0.489583 0.396296 0.488542 0.394444 0.488021 0.394444 0.486979 0.392593 0.485938 0.392593 0.485417 0.391667
0 0.578385 0.440278 0.079687 0.093519 0.578646 0.393519 0.578125 0.394444 0.576562 0.394444 0.576042 0.395370 0.575521 0.395370 0.575000 0.396296 0.574479 0.396296 0.573438 0.398148 0.572917 0.398148 0.571354 0.400926 0.570833 0.400926 0.569792 0.402778 0.569792 0.405556 0.570312 0.406481 0.570312 0.409259 0.570833 0.410185 0.570833 0.412963 0.571354 0.413889 0.571354 0.414815 0.570833 0.415741 0.570833 0.416667 0.569792 0.418519 0.569792 0.419444 0.565625 0.426852 0.565104 0.426852 0.553125 0.448148 0.552604 0.448148 0.541146 0.468519 0.540625 0.468519 0.538542 0.472222 0.538542 0.483333 0.540104 0.486111 0.541146 0.486111 0.541667 0.485185 0.542188 0.485185 0.544271 0.481481 0.544792 0.481481 0.554167 0.464815 0.554688 0.464815 0.560937 0.453704 0.561458 0.453704 0.565625 0.446296 0.566146 0.446296 0.568750 0.441667 0.569271 0.441667 0.571354 0.437963 0.571875 0.437963 0.572917 0.436111 0.573438 0.436111 0.574479 0.434259 0.575000 0.434259 0.575521 0.433333 0.576042 0.433333 0.576562 0.432407 0.580729 0.432407 0.581250 0.433333 0.582292 0.433333 0.583333 0.435185 0.583854 0.435185 0.585417 0.437963 0.585938 0.437963 0.588542 0.442593 0.589063 0.442593 0.612500 0.484259 0.613021 0.484259 0.614583 0.487037 0.616667 0.487037 0.618229 0.484259 0.618229 0.482407 0.617708 0.481481 0.617708 0.480556 0.617188 0.479630 0.617188 0.478704 0.616667 0.477778 0.616667 0.476852 0.616146 0.475926 0.616146 0.474074 0.615625 0.473148 0.615625 0.472222 0.615104 0.471296 0.615104 0.470370 0.614583 0.469444 0.614583 0.468519 0.611458 0.462963 0.611458 0.462037 0.590625 0.425000 0.590625 0.424074 0.587500 0.418519 0.587500 0.417593 0.586979 0.416667 0.586979 0.415741 0.586458 0.414815 0.586458 0.412963 0.585938 0.412037 0.585938 0.410185 0.585417 0.409259 0.585417 0.408333 0.584896 0.407407 0.584896 0.405556 0.584375 0.404630 0.584375 0.402778 0.583854 0.401852 0.583854 0.400000 0.583333 0.399074 0.583333 0.397222 0.582812 0.396296 0.582812 0.395370 0.582292 0.395370 0.581771 0.394444 0.580208 0.394444 0.579688 0.393519
0 0.667708 0.456019 0.081250 0.080556 0.667708 0.415741 0.667708 0.418519 0.659375 0.433333 0.658854 0.433333 0.651563 0.446296 0.651042 0.446296 0.643229 0.460185 0.642708 0.460185 0.635417 0.473148 0.634896 0.473148 0.629167 0.483333 0.628646 0.483333 0.627083 0.486111 0.627083 0.487037 0.627604 0.487963 0.627604 0.488889 0.628125 0.489815 0.628125 0.490741 0.628646 0.491667 0.628646 0.492593 0.630208 0.495370 0.631771 0.495370 0.632812 0.493519 0.633333 0.493519 0.638542 0.484259 0.639062 0.484259 0.645833 0.472222 0.646354 0.472222 0.651042 0.463889 0.651563 0.463889 0.655208 0.457407 0.655729 0.457407 0.658333 0.452778 0.658854 0.452778 0.660937 0.449074 0.661458 0.449074 0.662500 0.447222 0.663021 0.447222 0.664062 0.445370 0.664583 0.445370 0.665625 0.443519 0.666667 0.443519 0.667188 0.442593 0.668229 0.442593 0.668750 0.441667 0.670312 0.441667 0.670833 0.442593 0.671875 0.442593 0.672396 0.443519 0.672917 0.443519 0.673438 0.444444 0.673958 0.444444 0.675000 0.446296 0.675521 0.446296 0.678125 0.450926 0.678646 0.450926 0.703646 0.495370 0.704167 0.495370 0.704688 0.496296 0.706771 0.496296 0.707292 0.495370 0.707812 0.495370 0.707812 0.494444 0.708333 0.493519 0.708333 0.492593 0.707812 0.491667 0.707812 0.490741 0.707292 0.489815 0.707292 0.488889 0.702083 0.479630 0.702083 0.478704 0.688542 0.454630 0.688542 0.453704 0.675000 0.429630 0.675000 0.428704
0 0.360417 0.436111 0.088542 0.085185 0.400000 0.393519 0.397917 0.397222 0.397396 0.397222 0.395313 0.400926 0.394792 0.400926 0.392708 0.404630 0.392188 0.404630 0.390625 0.407407 0.390104 0.407407 0.376563 0.431481 0.376042 0.431481 0.373958 0.435185 0.373437 0.435185 0.371354 0.438889 0.370833 0.438889 0.368750 0.442593 0.368229 0.442593 0.366667 0.445370 0.366146 0.445370 0.365625 0.446296 0.365104 0.446296 0.364583 0.445370 0.364063 0.445370 0.362500 0.442593 0.362500 0.438889 0.364063 0.436111 0.364063 0.435185 0.371875 0.421296 0.370312 0.424074 0.369792 0.424074 0.367708 0.427778 0.367188 0.427778 0.365625 0.430556 0.365104 0.430556 0.363542 0.433333 0.363021 0.433333 0.360938 0.437037 0.360417 0.437037 0.358854 0.439815 0.358333 0.439815 0.356771 0.442593 0.356250 0.442593 0.355729 0.443519 0.354167 0.443519 0.353125 0.441667 0.352604 0.441667 0.339062 0.417593 0.338542 0.417593 0.330729 0.403704 0.330208 0.403704 0.327083 0.398148 0.326562 0.398148 0.326042 0.397222 0.325000 0.397222 0.323958 0.399074 0.323437 0.399074 0.322917 0.400000 0.322396 0.400000 0.321875 0.400926 0.321354 0.400926 0.320833 0.401852 0.320312 0.401852 0.319792 0.402778 0.319271 0.402778 0.318750 0.403704 0.318229 0.403704 0.317708 0.404630 0.317188 0.404630 0.316146 0.406481 0.316146 0.410185 0.316667 0.411111 0.316667 0.412037 0.352604 0.475926 0.353125 0.475926 0.354687 0.478704 0.356771 0.478704 0.357292 0.477778 0.357812 0.477778 0.360417 0.473148 0.360938 0.473148 0.364583 0.466667 0.365104 0.466667 0.368229 0.461111 0.368750 0.461111 0.371875 0.455556 0.372396 0.455556 0.376042 0.449074 0.376563 0.449074 0.379688 0.443519 0.380208 0.443519 0.390104 0.425926 0.390625 0.425926 0.397917 0.412963 0.398438 0.412963 0.401562 0.407407 0.402083 0.407407 0.402083 0.406481 0.401562 0.405556 0.401562 0.404630 0.401042 0.403704 0.401042 0.401852 0.404687 0.395370 0.404167 0.395370 0.403646 0.394444 0.403125 0.394444 0.402604 0.393519
0 0.442448 0.431944 0.081771 0.080556 0.481771 0.391667 0.481250 0.392593 0.480729 0.392593 0.480208 0.393519 0.479687 0.393519 0.479167 0.394444 0.478646 0.394444 0.477083 0.397222 0.476562 0.397222 0.474479 0.400926 0.473958 0.400926 0.470833 0.406481 0.470313 0.406481 0.463542 0.418519 0.463021 0.418519 0.448958 0.443519 0.448437 0.443519 0.447396 0.445370 0.446354 0.445370 0.445833 0.444444 0.445312 0.444444 0.444271 0.442593 0.444271 0.441667 0.443750 0.440741 0.443750 0.438889 0.444271 0.437963 0.444271 0.437037 0.445312 0.435185 0.445312 0.434259 0.446875 0.431481 0.446875 0.430556 0.447917 0.428704 0.447917 0.427778 0.449479 0.425000 0.449479 0.424074 0.450521 0.422222 0.450521 0.421296 0.452083 0.418519 0.446354 0.428704 0.446354 0.429630 0.444792 0.432407 0.444792 0.433333 0.443229 0.436111 0.443229 0.437037 0.442188 0.438889 0.442188 0.439815 0.440625 0.442593 0.440625 0.443519 0.438542 0.447222 0.436458 0.447222 0.435937 0.446296 0.435417 0.446296 0.417708 0.414815 0.417187 0.414815 0.410938 0.403704 0.410417 0.403704 0.407813 0.399074 0.407292 0.399074 0.405729 0.396296 0.404687 0.396296 0.401562 0.401852 0.401562 0.403704 0.402083 0.404630 0.402083 0.405556 0.404167 0.409259 0.404167 0.410185 0.436458 0.467593 0.436979 0.467593 0.439583 0.472222 0.441146 0.472222 0.441667 0.471296 0.442188 0.471296 0.444271 0.467593 0.444792 0.467593 0.466667 0.428704 0.467187 0.428704 0.478125 0.409259 0.478125 0.408333 0.479167 0.406481 0.479167 0.405556 0.479687 0.404630 0.479687 0.403704 0.480729 0.401852 0.480729 0.400926 0.481250 0.400000 0.481250 0.399074 0.481771 0.398148 0.481771 0.397222 0.482292 0.396296 0.482292 0.395370 0.482812 0.394444 0.482812 0.393519 0.483333 0.392593 0.483333 0.391667
0 0.530990 0.442593 0.079687 0.081481 0.493229 0.401852 0.493229 0.403704 0.492708 0.404630 0.492708 0.405556 0.492188 0.406481 0.492188 0.408333 0.491667 0.409259 0.491667 0.410185 0.491146 0.411111 0.491146 0.414815 0.492708 0.417593 0.492708 0.418519 0.528646 0.482407 0.529167 0.482407 0.529687 0.483333 0.531250 0.483333 0.532292 0.481481 0.532813 0.481481 0.540625 0.467593 0.541146 0.467593 0.552604 0.447222 0.553125 0.447222 0.565104 0.425926 0.565625 0.425926 0.569271 0.419444 0.569271 0.418519 0.570312 0.416667 0.570312 0.415741 0.570833 0.414815 0.570833 0.413889 0.570312 0.412963 0.570312 0.410185 0.569792 0.409259 0.569792 0.406481 0.569271 0.405556 0.569271 0.403704 0.568750 0.404630 0.568229 0.404630 0.564583 0.411111 0.564063 0.411111 0.558854 0.420370 0.558333 0.420370 0.548958 0.437037 0.548438 0.437037 0.542708 0.447222 0.542188 0.447222 0.541667 0.448148 0.540625 0.448148 0.540104 0.447222 0.539583 0.447222 0.538542 0.445370 0.538542 0.444444 0.538021 0.443519 0.538021 0.438889 0.533333 0.447222 0.532813 0.447222 0.531771 0.449074 0.531250 0.449074 0.530729 0.450000 0.530208 0.450000 0.529687 0.449074 0.529167 0.449074 0.528125 0.447222 0.527604 0.447222 0.523438 0.439815 0.523438 0.442593 0.522917 0.443519 0.522917 0.444444 0.522396 0.445370 0.521875 0.445370 0.521354 0.446296 0.519792 0.446296 0.519271 0.445370 0.518750 0.445370 0.498437 0.409259 0.497917 0.409259 0.493750 0.401852
0 0.625260 0.440741 0.083854 0.088889 0.583333 0.396296 0.583854 0.397222 0.583854 0.399074 0.584375 0.400000 0.584375 0.401852 0.584896 0.402778 0.584896 0.404630 0.585417 0.405556 0.585417 0.407407 0.585938 0.408333 0.585938 0.409259 0.586458 0.410185 0.586458 0.412037 0.586979 0.412963 0.586979 0.414815 0.587500 0.415741 0.587500 0.416667 0.588021 0.417593 0.588021 0.418519 0.591146 0.424074 0.591146 0.425000 0.611979 0.462037 0.611979 0.462963 0.623958 0.484259 0.624479 0.484259 0.625000 0.485185 0.627083 0.485185 0.628646 0.482407 0.629167 0.482407 0.634896 0.472222 0.635417 0.472222 0.642708 0.459259 0.643229 0.459259 0.651042 0.445370 0.651563 0.445370 0.658854 0.432407 0.659375 0.432407 0.667188 0.418519 0.667188 0.414815 0.663542 0.408333 0.663542 0.407407 0.663021 0.406481 0.662500 0.407407 0.661979 0.407407 0.660417 0.410185 0.659896 0.410185 0.657813 0.413889 0.657292 0.413889 0.654167 0.419444 0.653646 0.419444 0.649479 0.426852 0.648958 0.426852 0.643229 0.437037 0.642708 0.437037 0.635417 0.450000 0.634896 0.450000 0.631771 0.455556 0.629687 0.455556 0.627604 0.451852 0.627604 0.450926 0.627083 0.450000 0.627083 0.449074 0.626563 0.448148 0.626042 0.448148 0.625521 0.447222 0.625000 0.447222 0.614583 0.428704 0.615104 0.429630 0.615104 0.430556 0.615625 0.431481 0.615625 0.432407 0.616146 0.433333 0.616146 0.434259 0.616667 0.435185 0.616667 0.436111 0.617188 0.437037 0.617188 0.437963 0.617708 0.438889 0.617708 0.439815 0.618229 0.440741 0.618229 0.441667 0.618750 0.442593 0.618750 0.446296 0.617188 0.449074 0.615104 0.449074 0.614062 0.447222 0.613542 0.447222 0.589583 0.404630 0.589063 0.404630 0.586458 0.400000 0.585938 0.400000 0.584375 0.397222 0.583854 0.397222
0 0.715625 0.450463 0.102083 0.123148 0.719271 0.388889 0.718750 0.389815 0.718229 0.389815 0.713542 0.398148 0.713021 0.398148 0.707292 0.408333 0.706771 0.408333 0.702083 0.416667 0.701562 0.416667 0.698958 0.421296 0.698438 0.421296 0.696354 0.425000 0.695833 0.425000 0.695312 0.425926 0.695312 0.426852 0.705729 0.445370 0.705729 0.446296 0.707292 0.449074 0.707292 0.450000 0.707812 0.450926 0.707812 0.453704 0.706250 0.456481 0.703646 0.456481 0.702083 0.453704 0.701562 0.453704 0.692187 0.437037 0.691667 0.437037 0.688542 0.431481 0.686979 0.431481 0.686458 0.430556 0.685937 0.430556 0.683333 0.425926 0.682813 0.425926 0.669792 0.402778 0.669271 0.402778 0.668750 0.401852 0.668229 0.402778 0.666667 0.402778 0.666146 0.403704 0.665625 0.403704 0.665104 0.404630 0.664583 0.404630 0.664583 0.405556 0.677604 0.428704 0.677604 0.429630 0.698438 0.466667 0.698438 0.467593 0.723437 0.512037 0.725521 0.512037 0.726042 0.511111 0.726562 0.511111 0.728646 0.507407 0.729167 0.507407 0.734375 0.498148 0.734896 0.498148 0.740104 0.488889 0.740625 0.488889 0.745833 0.479630 0.746354 0.479630 0.751563 0.470370 0.752083 0.470370 0.757292 0.461111 0.757812 0.461111 0.763021 0.451852 0.763542 0.451852 0.765625 0.448148 0.765625 0.447222 0.766667 0.445370 0.766667 0.442593 0.764583 0.438889 0.764062 0.438889 0.763021 0.437037 0.762500 0.437037 0.761979 0.436111 0.761458 0.436111 0.760417 0.434259 0.759896 0.434259 0.758854 0.432407 0.758333 0.432407 0.757292 0.430556 0.756771 0.430556 0.755729 0.428704 0.755208 0.428704 0.754687 0.427778 0.754167 0.427778 0.753125 0.425926 0.752604 0.425926 0.751563 0.424074 0.751042 0.424074 0.750000 0.422222 0.749479 0.422222 0.748437 0.420370 0.747917 0.420370 0.747396 0.419444 0.746875 0.419444 0.745833 0.417593 0.745313 0.417593 0.744271 0.415741 0.743750 0.415741 0.742708 0.413889 0.742188 0.413889 0.741146 0.412037 0.740625 0.412037 0.740104 0.411111 0.739583 0.411111 0.738542 0.409259 0.738021 0.409259 0.736979 0.407407 0.736458 0.407407 0.735417 0.405556 0.734896 0.405556 0.733854 0.403704 0.733333 0.403704 0.732812 0.402778 0.732292 0.402778 0.731250 0.400926 0.730729 0.400926 0.729688 0.399074 0.729167 0.399074 0.728125 0.397222 0.727604 0.397222 0.726562 0.395370 0.726042 0.395370 0.725000 0.393519 0.724479 0.393519 0.723958 0.392593 0.723437 0.392593 0.722396 0.390741 0.721875 0.390741 0.720833 0.388889
0 0.324479 0.405556 0.086458 0.074074 0.319271 0.368519 0.318750 0.369444 0.318229 0.369444 0.317708 0.370370 0.317188 0.370370 0.316667 0.371296 0.316146 0.371296 0.303646 0.393519 0.303646 0.394444 0.284375 0.428704 0.284375 0.429630 0.281771 0.434259 0.281771 0.435185 0.281250 0.436111 0.281250 0.437963 0.283333 0.441667 0.284375 0.441667 0.285417 0.439815 0.285938 0.439815 0.286458 0.438889 0.286979 0.438889 0.287500 0.437963 0.288021 0.437963 0.295833 0.424074 0.296354 0.424074 0.297396 0.422222 0.297917 0.422222 0.298438 0.421296 0.298958 0.421296 0.299479 0.420370 0.300000 0.420370 0.300521 0.419444 0.301042 0.419444 0.301563 0.418519 0.302083 0.418519 0.302604 0.417593 0.303125 0.417593 0.304167 0.415741 0.304688 0.415741 0.305208 0.414815 0.305729 0.414815 0.306250 0.413889 0.306771 0.413889 0.307292 0.412963 0.307812 0.412963 0.308333 0.412037 0.308854 0.412037 0.309375 0.411111 0.309896 0.411111 0.310937 0.409259 0.311458 0.409259 0.311979 0.408333 0.312500 0.408333 0.313021 0.407407 0.313542 0.407407 0.314063 0.406481 0.314583 0.406481 0.315104 0.405556 0.315625 0.405556 0.316146 0.404630 0.316667 0.404630 0.317708 0.402778 0.318229 0.402778 0.318750 0.401852 0.319271 0.401852 0.319792 0.400926 0.320312 0.400926 0.320833 0.400000 0.321354 0.400000 0.321875 0.399074 0.322396 0.399074 0.323437 0.397222 0.323958 0.397222 0.324479 0.396296 0.325000 0.396296 0.325521 0.395370 0.326562 0.397222 0.327083 0.397222 0.330208 0.402778 0.330729 0.402778 0.338542 0.416667 0.339062 0.416667 0.352604 0.440741 0.353125 0.440741 0.354167 0.442593 0.355729 0.442593 0.356250 0.441667 0.356771 0.441667 0.358333 0.438889 0.358854 0.438889 0.359896 0.437037 0.358333 0.437037 0.357812 0.436111 0.357292 0.436111 0.330729 0.388889 0.330208 0.388889 0.321875 0.374074 0.321875 0.373148 0.319792 0.369444 0.319792 0.368519
0 0.404427 0.408796 0.082812 0.075000 0.401562 0.371296 0.400521 0.373148 0.400000 0.373148 0.398438 0.375926 0.397917 0.375926 0.364583 0.435185 0.364583 0.436111 0.363021 0.438889 0.363021 0.442593 0.364063 0.444444 0.364583 0.444444 0.365104 0.445370 0.365625 0.445370 0.366146 0.444444 0.366667 0.444444 0.368229 0.441667 0.368750 0.441667 0.370833 0.437963 0.371354 0.437963 0.373437 0.434259 0.373958 0.434259 0.376042 0.430556 0.376563 0.430556 0.390104 0.406481 0.390625 0.406481 0.392188 0.403704 0.392708 0.403704 0.394792 0.400000 0.395313 0.400000 0.397396 0.396296 0.397917 0.396296 0.400000 0.392593 0.402604 0.392593 0.403125 0.393519 0.403646 0.393519 0.404167 0.394444 0.404687 0.394444 0.405208 0.395370 0.405729 0.395370 0.407292 0.398148 0.407813 0.398148 0.410417 0.402778 0.410938 0.402778 0.417187 0.413889 0.417708 0.413889 0.435417 0.445370 0.435937 0.445370 0.436458 0.446296 0.438542 0.446296 0.440104 0.443519 0.440104 0.442593 0.441667 0.439815 0.441667 0.438889 0.442708 0.437037 0.442708 0.436111 0.444271 0.433333 0.444271 0.432407 0.445833 0.429630 0.443229 0.434259 0.442708 0.434259 0.441667 0.436111 0.441146 0.436111 0.440625 0.437037 0.439583 0.437037 0.438542 0.435185 0.438021 0.435185 0.402083 0.371296
0 0.483594 0.390278 0.078646 0.110185 0.494792 0.335185 0.493750 0.337037 0.493229 0.337037 0.486979 0.348148 0.486979 0.349074 0.485938 0.350926 0.485938 0.351852 0.485417 0.352778 0.485417 0.353704 0.484375 0.355556 0.484375 0.356481 0.483333 0.358333 0.483333 0.359259 0.482292 0.361111 0.482292 0.362037 0.481771 0.362963 0.481771 0.363889 0.480729 0.365741 0.480729 0.366667 0.479687 0.368519 0.479687 0.369444 0.478125 0.372222 0.478125 0.373148 0.470313 0.387037 0.469792 0.387037 0.452604 0.417593 0.452604 0.418519 0.451042 0.421296 0.451042 0.422222 0.450000 0.424074 0.450000 0.425000 0.448437 0.427778 0.448437 0.428704 0.447396 0.430556 0.447396 0.431481 0.445833 0.434259 0.445833 0.435185 0.444792 0.437037 0.444792 0.437963 0.444271 0.438889 0.444271 0.440741 0.444792 0.441667 0.444792 0.442593 0.445312 0.443519 0.445833 0.443519 0.446354 0.444444 0.447396 0.444444 0.448437 0.442593 0.448958 0.442593 0.463021 0.417593 0.463542 0.417593 0.470313 0.405556 0.470833 0.405556 0.473958 0.400000 0.474479 0.400000 0.476562 0.396296 0.477083 0.396296 0.478646 0.393519 0.479167 0.393519 0.479687 0.392593 0.480208 0.392593 0.480729 0.391667 0.481250 0.391667 0.481771 0.390741 0.485417 0.390741 0.485938 0.391667 0.486979 0.391667 0.488021 0.393519 0.488542 0.393519 0.489583 0.395370 0.490104 0.395370 0.492708 0.400000 0.493229 0.400000 0.497917 0.408333 0.498437 0.408333 0.518750 0.444444 0.519271 0.444444 0.519792 0.445370 0.521354 0.445370 0.521875 0.444444 0.522396 0.444444 0.522396 0.443519 0.522917 0.442593 0.522917 0.438889 0.511458 0.418519 0.511458 0.417593 0.491146 0.381481 0.491146 0.380556 0.490104 0.378704 0.490104 0.375926 0.490625 0.375000 0.490625 0.374074 0.491146 0.373148 0.491146 0.372222 0.491667 0.371296 0.491667 0.369444 0.492188 0.368519 0.492188 0.367593 0.492708 0.366667 0.492708 0.365741 0.493229 0.364815 0.493229 0.363889 0.493750 0.362963 0.493750 0.362037 0.494271 0.361111 0.494271 0.360185 0.494792 0.359259 0.494792 0.358333 0.495312 0.357407 0.495312 0.356481 0.495833 0.355556 0.495833 0.354630 0.496354 0.353704 0.496354 0.352778 0.496875 0.351852 0.496875 0.350926 0.497396 0.350000 0.497396 0.349074 0.497917 0.348148 0.497917 0.347222 0.498437 0.346296 0.498437 0.345370 0.498958 0.344444 0.498958 0.342593 0.499479 0.341667 0.499479 0.339815 0.496875 0.335185
0 0.578385 0.391667 0.079687 0.112963 0.571354 0.335185 0.570833 0.336111 0.570312 0.336111 0.566667 0.342593 0.566667 0.345370 0.567187 0.346296 0.567187 0.349074 0.567708 0.350000 0.567708 0.351852 0.568229 0.352778 0.568229 0.355556 0.568750 0.356481 0.568750 0.358333 0.569271 0.359259 0.569271 0.362037 0.569792 0.362963 0.569792 0.365741 0.570312 0.366667 0.570312 0.368519 0.570833 0.369444 0.570833 0.372222 0.571354 0.373148 0.571354 0.375000 0.571875 0.375926 0.571875 0.380556 0.556771 0.407407 0.556250 0.407407 0.542708 0.431481 0.542188 0.431481 0.538542 0.437963 0.538542 0.443519 0.539062 0.444444 0.539062 0.445370 0.539583 0.446296 0.540104 0.446296 0.540625 0.447222 0.541667 0.447222 0.542188 0.446296 0.542708 0.446296 0.548438 0.436111 0.548958 0.436111 0.558333 0.419444 0.558854 0.419444 0.564063 0.410185 0.564583 0.410185 0.568229 0.403704 0.568750 0.403704 0.570833 0.400000 0.571354 0.400000 0.572917 0.397222 0.573438 0.397222 0.574479 0.395370 0.575000 0.395370 0.575521 0.394444 0.576042 0.394444 0.576562 0.393519 0.578125 0.393519 0.578646 0.392593 0.579688 0.392593 0.580208 0.393519 0.581771 0.393519 0.582292 0.394444 0.582812 0.394444 0.583854 0.396296 0.584375 0.396296 0.585938 0.399074 0.586458 0.399074 0.589063 0.403704 0.589583 0.403704 0.613542 0.446296 0.614062 0.446296 0.615104 0.448148 0.617188 0.448148 0.618229 0.446296 0.618229 0.442593 0.617708 0.441667 0.617708 0.440741 0.617188 0.439815 0.617188 0.438889 0.616667 0.437963 0.616667 0.437037 0.616146 0.436111 0.616146 0.435185 0.615625 0.434259 0.615625 0.433333 0.615104 0.432407 0.615104 0.431481 0.614583 0.430556 0.614583 0.429630 0.614062 0.428704 0.614062 0.427778 0.602604 0.407407 0.602604 0.406481 0.589063 0.382407 0.589063 0.381481 0.587500 0.378704 0.587500 0.377778 0.586979 0.376852 0.586979 0.375926 0.586458 0.375000 0.586458 0.373148 0.585938 0.372222 0.585938 0.371296 0.585417 0.370370 0.585417 0.368519 0.584896 0.367593 0.584896 0.366667 0.584375 0.365741 0.584375 0.364815 0.583854 0.363889 0.583854 0.362037 0.583333 0.361111 0.583333 0.360185 0.582812 0.359259 0.582812 0.357407 0.582292 0.356481 0.582292 0.355556 0.581771 0.354630 0.581771 0.353704 0.581250 0.352778 0.581250 0.350926 0.580729 0.350000 0.580729 0.349074 0.573438 0.336111 0.572917 0.336111 0.572396 0.335185
0 0.667188 0.417130 0.080208 0.076852 0.668229 0.378704 0.668229 0.379630 0.658854 0.396296 0.658333 0.396296 0.650000 0.411111 0.649479 0.411111 0.641146 0.425926 0.640625 0.425926 0.632812 0.439815 0.632292 0.439815 0.628646 0.446296 0.628125 0.446296 0.627604 0.447222 0.627083 0.447222 0.627083 0.448148 0.627604 0.449074 0.627604 0.450000 0.628125 0.450926 0.628125 0.451852 0.629687 0.454630 0.631771 0.454630 0.634896 0.449074 0.635417 0.449074 0.642708 0.436111 0.643229 0.436111 0.648958 0.425926 0.649479 0.425926 0.653646 0.418519 0.654167 0.418519 0.657292 0.412963 0.657813 0.412963 0.659896 0.409259 0.660417 0.409259 0.661979 0.406481 0.662500 0.406481 0.663542 0.404630 0.664062 0.404630 0.664583 0.403704 0.665104 0.403704 0.665625 0.402778 0.666146 0.402778 0.666667 0.401852 0.668229 0.401852 0.668750 0.400926 0.669271 0.401852 0.671354 0.401852 0.672396 0.403704 0.672917 0.403704 0.682292 0.420370 0.682813 0.420370 0.691667 0.436111 0.692187 0.436111 0.701562 0.452778 0.702083 0.452778 0.703646 0.455556 0.706250 0.455556 0.707292 0.453704 0.707292 0.450926 0.706771 0.450000 0.706771 0.449074 0.705208 0.446296 0.705208 0.445370 0.694271 0.425926 0.694271 0.425000 0.682292 0.403704 0.682292 0.402778 0.670312 0.381481 0.669792 0.381481