0 0.286458 0.545833 0.079167 0.073148 0.252604 0.509259 0.251563 0.511111 0.251042 0.511111 0.250521 0.512037 0.250000 0.512037 0.248958 0.513889 0.248438 0.513889 0.247917 0.514815 0.247396 0.514815 0.247396 0.515741 0.246875 0.516667 0.246875 0.520370 0.247917 0.522222 0.247917 0.523148 0.251042 0.528704 0.251563 0.528704 0.252083 0.529630 0.252083 0.530556 0.254167 0.534259 0.254688 0.534259 0.270313 0.562037 0.270833 0.562037 0.281250 0.580556 0.281771 0.580556 0.282292 0.581481 0.282813 0.581481 0.283333 0.582407 0.288021 0.582407 0.288542 0.581481 0.289062 0.581481 0.291667 0.576852 0.292187 0.576852 0.294792 0.572222 0.295312 0.572222 0.297917 0.567593 0.298438 0.567593 0.301042 0.562963 0.301563 0.562963 0.304688 0.557407 0.305208 0.557407 0.307812 0.552778 0.308333 0.552778 0.310937 0.548148 0.311458 0.548148 0.314063 0.543519 0.314583 0.543519 0.317188 0.538889 0.317708 0.538889 0.320312 0.534259 0.320833 0.534259 0.323958 0.528704 0.324479 0.528704 0.326042 0.525926 0.326042 0.522222 0.325000 0.520370 0.325000 0.519444 0.323958 0.517593 0.323958 0.516667 0.322917 0.514815 0.322917 0.513889 0.322396 0.512963 0.322396 0.512037 0.321875 0.511111 0.321875 0.510185 0.321354 0.509259 0.320833 0.509259 0.320312 0.510185 0.319792 0.510185 0.318750 0.512037 0.318229 0.512037 0.317188 0.513889 0.316667 0.513889 0.315104 0.516667 0.314583 0.516667 0.313542 0.518519 0.313021 0.518519 0.311979 0.520370 0.311458 0.520370 0.310417 0.522222 0.309896 0.522222 0.308854 0.524074 0.308333 0.524074 0.306771 0.526852 0.306250 0.526852 0.305208 0.528704 0.304688 0.528704 0.303646 0.530556 0.303125 0.530556 0.302083 0.532407 0.301563 0.532407 0.300521 0.534259 0.300000 0.534259 0.298958 0.536111 0.298438 0.536111 0.296875 0.538889 0.296354 0.538889 0.295312 0.540741 0.294792 0.540741 0.293750 0.542593 0.293229 0.542593 0.292187 0.544444 0.291667 0.544444 0.290625 0.546296 0.290104 0.546296 0.289062 0.548148 0.288542 0.548148 0.286979 0.550926 0.286458 0.550926 0.285417 0.552778 0.284896 0.552778 0.284375 0.553704 0.282292 0.553704 0.280729 0.550926 0.280729 0.548148 0.282292 0.545370 0.282292 0.543519 0.281771 0.543519 0.280729 0.545370 0.280208 0.545370 0.279167 0.547222 0.278646 0.547222 0.278125 0.548148 0.276042 0.548148 0.254167 0.509259
0 0.284115 0.506019 0.090104 0.084259 0.325000 0.463889 0.323958 0.465741 0.323437 0.465741 0.322917 0.466667 0.322396 0.466667 0.321354 0.468519 0.320833 0.468519 0.320312 0.469444 0.319792 0.469444 0.319271 0.470370 0.318750 0.470370 0.317708 0.472222 0.317188 0.472222 0.316667 0.473148 0.316146 0.473148 0.315104 0.475000 0.314583 0.475000 0.314063 0.475926 0.313542 0.475926 0.312500 0.477778 0.311979 0.477778 0.311458 0.478704 0.310937 0.478704 0.309896 0.480556 0.309375 0.480556 0.294792 0.506481 0.294271 0.506481 0.293750 0.507407 0.293229 0.507407 0.292187 0.509259 0.291667 0.509259 0.290625 0.511111 0.290104 0.511111 0.289583 0.512037 0.288542 0.512037 0.286458 0.508333 0.286458 0.506481 0.285938 0.506481 0.284896 0.508333 0.284375 0.508333 0.283854 0.509259 0.283333 0.509259 0.282813 0.510185 0.282292 0.510185 0.281250 0.512037 0.280729 0.512037 0.280208 0.512963 0.279687 0.512963 0.278646 0.514815 0.278125 0.514815 0.277604 0.515741 0.277083 0.515741 0.276042 0.517593 0.275521 0.517593 0.275000 0.518519 0.274479 0.518519 0.273438 0.520370 0.272917 0.520370 0.272396 0.521296 0.271875 0.521296 0.270833 0.523148 0.270313 0.523148 0.269792 0.524074 0.268229 0.524074 0.267708 0.523148 0.267188 0.523148 0.241146 0.476852 0.240625 0.476852 0.240104 0.477778 0.239583 0.477778 0.239583 0.478704 0.239063 0.479630 0.239063 0.481481 0.240104 0.483333 0.240104 0.484259 0.275521 0.547222 0.276042 0.547222 0.276562 0.548148 0.278125 0.548148 0.279167 0.546296 0.279687 0.546296 0.280729 0.544444 0.281250 0.544444 0.282292 0.542593 0.282813 0.542593 0.313542 0.487963 0.314063 0.487963 0.316146 0.484259 0.316667 0.484259 0.317708 0.482407 0.318229 0.482407 0.318750 0.481481 0.319271 0.481481 0.319792 0.480556 0.319792 0.477778 0.320833 0.475926 0.321354 0.475926 0.321875 0.475000 0.322396 0.475000 0.323437 0.473148 0.323958 0.473148 0.324479 0.472222 0.325000 0.472222 0.326042 0.470370 0.326562 0.470370 0.327083 0.469444 0.327604 0.469444 0.328646 0.467593 0.329167 0.467593 0.328125 0.465741 0.327604 0.465741 0.326562 0.463889
0 0.279167 0.476852 0.097917 0.092593 0.326562 0.430556 0.326042 0.431481 0.325521 0.431481 0.325000 0.432407 0.324479 0.432407 0.323958 0.433333 0.323437 0.433333 0.322917 0.434259 0.322396 0.434259 0.321354 0.436111 0.320833 0.436111 0.320312 0.437037 0.319792 0.437037 0.319271 0.437963 0.318750 0.437963 0.318229 0.438889 0.317708 0.438889 0.317188 0.439815 0.316667 0.439815 0.316146 0.440741 0.315625 0.440741 0.315104 0.441667 0.314583 0.441667 0.314063 0.442593 0.313542 0.442593 0.313021 0.443519 0.312500 0.443519 0.311979 0.444444 0.311458 0.444444 0.310417 0.446296 0.309896 0.446296 0.309375 0.447222 0.308854 0.447222 0.308333 0.448148 0.307812 0.448148 0.307292 0.449074 0.306771 0.449074 0.306250 0.450000 0.305729 0.450000 0.305208 0.450926 0.304688 0.450926 0.304167 0.451852 0.303646 0.451852 0.303125 0.452778 0.302604 0.452778 0.301563 0.454630 0.301042 0.454630 0.288542 0.476852 0.288021 0.476852 0.287500 0.477778 0.286979 0.476852 0.286458 0.476852 0.285938 0.475926 0.285417 0.475926 0.284896 0.476852 0.284375 0.476852 0.283854 0.477778 0.283333 0.477778 0.282292 0.479630 0.281771 0.479630 0.281250 0.480556 0.280729 0.480556 0.280208 0.481481 0.279687 0.481481 0.279167 0.482407 0.278646 0.482407 0.278125 0.483333 0.277604 0.483333 0.277083 0.484259 0.276562 0.484259 0.275521 0.486111 0.275000 0.486111 0.274479 0.487037 0.273958 0.487037 0.273438 0.487963 0.272917 0.487963 0.272396 0.488889 0.271875 0.488889 0.271354 0.489815 0.270833 0.489815 0.270313 0.490741 0.269792 0.490741 0.269271 0.491667 0.268750 0.491667 0.268229 0.492593 0.267188 0.492593 0.266667 0.491667 0.266146 0.491667 0.240104 0.445370 0.238542 0.445370 0.238021 0.446296 0.237500 0.446296 0.236979 0.447222 0.236458 0.447222 0.235937 0.448148 0.234896 0.448148 0.234375 0.449074 0.233854 0.449074 0.233333 0.450000 0.232292 0.450000 0.231771 0.450926 0.231250 0.450926 0.230208 0.452778 0.230208 0.455556 0.230729 0.456481 0.230729 0.457407 0.267188 0.522222 0.267708 0.522222 0.268229 0.523148 0.269792 0.523148 0.270313 0.522222 0.270833 0.522222 0.271875 0.520370 0.272396 0.520370 0.272917 0.519444 0.273438 0.519444 0.274479 0.517593 0.275000 0.517593 0.275521 0.516667 0.276042 0.516667 0.277083 0.514815 0.277604 0.514815 0.278125 0.513889 0.278646 0.513889 0.279687 0.512037 0.280208 0.512037 0.280729 0.511111 0.281250 0.511111 0.282292 0.509259 0.282813 0.509259 0.283333 0.508333 0.283854 0.508333 0.284375 0.507407 0.284896 0.507407 0.285938 0.505556 0.286458 0.505556 0.286458 0.504630 0.286979 0.503704 0.286979 0.502778 0.321354 0.441667 0.321875 0.441667 0.322396 0.440741 0.322917 0.440741 0.323437 0.439815 0.323437 0.437963 0.325000 0.435185 0.325521 0.435185 0.326562 0.433333 0.327083 0.433333 0.327604 0.432407 0.328125 0.432407 0.327604 0.432407
0 0.273698 0.450000 0.089063 0.083333 0.317188 0.408333 0.316667 0.409259 0.316146 0.409259 0.315625 0.410185 0.314583 0.410185 0.314063 0.411111 0.313542 0.411111 0.313021 0.412037 0.312500 0.412037 0.311979 0.412963 0.311458 0.412963 0.310937 0.413889 0.310417 0.413889 0.309896 0.414815 0.308854 0.414815 0.308333 0.415741 0.307812 0.415741 0.307292 0.416667 0.306771 0.416667 0.306250 0.417593 0.305729 0.417593 0.305208 0.418519 0.304688 0.418519 0.304167 0.419444 0.303646 0.419444 0.303125 0.420370 0.302083 0.420370 0.301563 0.421296 0.301042 0.421296 0.300521 0.422222 0.300000 0.422222 0.287500 0.444444 0.286979 0.444444 0.286458 0.445370 0.285938 0.445370 0.285417 0.446296 0.284896 0.446296 0.284375 0.447222 0.283854 0.447222 0.283333 0.448148 0.282813 0.448148 0.282292 0.449074 0.281771 0.449074 0.281250 0.450000 0.280729 0.450000 0.280208 0.450926 0.279687 0.450926 0.279167 0.451852 0.278125 0.451852 0.277604 0.452778 0.277083 0.452778 0.276562 0.453704 0.276042 0.453704 0.275521 0.454630 0.275000 0.454630 0.274479 0.455556 0.273958 0.455556 0.273438 0.456481 0.272917 0.456481 0.272396 0.457407 0.271875 0.457407 0.271354 0.458333 0.270833 0.458333 0.270313 0.459259 0.269792 0.459259 0.269271 0.460185 0.268750 0.460185 0.268229 0.461111 0.267708 0.461111 0.267188 0.462037 0.266667 0.462037 0.266146 0.462963 0.265104 0.462963 0.264583 0.463889 0.264062 0.463889 0.263542 0.464815 0.263021 0.464815 0.262500 0.465741 0.261979 0.465741 0.261458 0.466667 0.260937 0.466667 0.260417 0.467593 0.259896 0.467593 0.259375 0.466667 0.258854 0.466667 0.256250 0.462037 0.255729 0.462037 0.231771 0.419444 0.231250 0.419444 0.230729 0.420370 0.230208 0.420370 0.229687 0.421296 0.229687 0.422222 0.229167 0.423148 0.229167 0.424074 0.229687 0.425000 0.229687 0.425926 0.233854 0.433333 0.233854 0.434259 0.234896 0.436111 0.235417 0.436111 0.266146 0.490741 0.266667 0.490741 0.267188 0.491667 0.268229 0.491667 0.268750 0.490741 0.269271 0.490741 0.269792 0.489815 0.270313 0.489815 0.270833 0.488889 0.271354 0.488889 0.271875 0.487963 0.272396 0.487963 0.272917 0.487037 0.273438 0.487037 0.273958 0.486111 0.274479 0.486111 0.275000 0.485185 0.275521 0.485185 0.276562 0.483333 0.277083 0.483333 0.277604 0.482407 0.278125 0.482407 0.278646 0.481481 0.279167 0.481481 0.279687 0.480556 0.280208 0.480556 0.280729 0.479630 0.281250 0.479630 0.281771 0.478704 0.282292 0.478704 0.283333 0.476852 0.283854 0.476852 0.284375 0.475926 0.284896 0.475926 0.285417 0.475000 0.284896 0.474074 0.284896 0.473148 0.284375 0.472222 0.284375 0.471296 0.284896 0.470370 0.284896 0.469444 0.286458 0.466667 0.286458 0.465741 0.307812 0.427778 0.307812 0.426852 0.318229 0.408333
0 0.267188 0.410648 0.092708 0.112037 0.292708 0.354630 0.292187 0.355556 0.291146 0.355556 0.290625 0.356481 0.289583 0.356481 0.289062 0.357407 0.288021 0.357407 0.287500 0.358333 0.285938 0.358333 0.285417 0.359259 0.284375 0.359259 0.283854 0.360185 0.282813 0.360185 0.282292 0.361111 0.281250 0.361111 0.280729 0.362037 0.279687 0.362037 0.279167 0.362963 0.278125 0.362963 0.277604 0.363889 0.276042 0.363889 0.275521 0.364815 0.274479 0.364815 0.273958 0.365741 0.272917 0.365741 0.272396 0.366667 0.271354 0.366667 0.270833 0.367593 0.269792 0.367593 0.269271 0.368519 0.268229 0.368519 0.267708 0.369444 0.266146 0.369444 0.265625 0.370370 0.264583 0.370370 0.264062 0.371296 0.263021 0.371296 0.262500 0.372222 0.261458 0.372222 0.260937 0.373148 0.259896 0.373148 0.259375 0.374074 0.258333 0.374074 0.257812 0.375000 0.256250 0.375000 0.255729 0.375926 0.254688 0.375926 0.254167 0.376852 0.253125 0.376852 0.252604 0.377778 0.251563 0.377778 0.251042 0.378704 0.250000 0.378704 0.249479 0.379630 0.248438 0.379630 0.247917 0.380556 0.246354 0.380556 0.245833 0.381481 0.244792 0.381481 0.244271 0.382407 0.243229 0.382407 0.242708 0.383333 0.241667 0.383333 0.241146 0.384259 0.240104 0.384259 0.239583 0.385185 0.238542 0.385185 0.238021 0.386111 0.236458 0.386111 0.235937 0.387037 0.234896 0.387037 0.234375 0.387963 0.233333 0.387963 0.232813 0.388889 0.231771 0.388889 0.231250 0.389815 0.230208 0.389815 0.229687 0.390741 0.228646 0.390741 0.228125 0.391667 0.226562 0.391667 0.226042 0.392593 0.225000 0.392593 0.224479 0.393519 0.223438 0.393519 0.222917 0.394444 0.221875 0.394444 0.221354 0.395370 0.221354 0.397222 0.220833 0.398148 0.221354 0.399074 0.221354 0.400000 0.222917 0.402778 0.222917 0.403704 0.229167 0.414815 0.229687 0.414815 0.255729 0.461111 0.256250 0.461111 0.258854 0.465741 0.259375 0.465741 0.259896 0.466667 0.260417 0.466667 0.260937 0.465741 0.261458 0.465741 0.261979 0.464815 0.262500 0.464815 0.263021 0.463889 0.263542 0.463889 0.264062 0.462963 0.264583 0.462963 0.265104 0.462037 0.266146 0.462037 0.266667 0.461111 0.267188 0.461111 0.267708 0.460185 0.268229 0.460185 0.268750 0.459259 0.269271 0.459259 0.269792 0.458333 0.270313 0.458333 0.270833 0.457407 0.271354 0.457407 0.271875 0.456481 0.272396 0.456481 0.272917 0.455556 0.273438 0.455556 0.273958 0.454630 0.274479 0.454630 0.275000 0.453704 0.275521 0.453704 0.276042 0.452778 0.276562 0.452778 0.277083 0.451852 0.277604 0.451852 0.278125 0.450926 0.279167 0.450926 0.279687 0.450000 0.280208 0.450000 0.280729 0.449074 0.281250 0.449074 0.281771 0.448148 0.282292 0.448148 0.282813 0.447222 0.283333 0.447222 0.283854 0.446296 0.284375 0.446296 0.284896 0.445370 0.285417 0.445370 0.285938 0.444444 0.286458 0.444444 0.286979 0.443519 0.287500 0.443519 0.290625 0.437963 0.290104 0.438889 0.289583 0.438889 0.289062 0.439815 0.287500 0.439815 0.285417 0.436111 0.285417 0.433333 0.285938 0.432407 0.285938 0.431481 0.289062 0.425926 0.289062 0.425000 0.304688 0.397222 0.304688 0.396296 0.313542 0.380556 0.313021 0.381481 0.311979 0.381481 0.311458 0.382407 0.310417 0.382407 0.301563 0.366667 0.301042 0.366667 0.294792 0.355556 0.294271 0.355556 0.293750 0.354630
0 0.379167 0.381944 0.112500 0.106481 0.376042 0.328704 0.375521 0.329630 0.374479 0.329630 0.373958 0.330556 0.372917 0.330556 0.372396 0.331481 0.371875 0.331481 0.371354 0.332407 0.370312 0.332407 0.369792 0.333333 0.368750 0.333333 0.368229 0.334259 0.367188 0.334259 0.366667 0.335185 0.366146 0.335185 0.365625 0.336111 0.364583 0.336111 0.364063 0.337037 0.363021 0.337037 0.362500 0.337963 0.361458 0.337963 0.360938 0.338889 0.360417 0.338889 0.359896 0.339815 0.358854 0.339815 0.358333 0.340741 0.357292 0.340741 0.356771 0.341667 0.355729 0.341667 0.355208 0.342593 0.354687 0.342593 0.354167 0.343519 0.353125 0.343519 0.352604 0.344444 0.351562 0.344444 0.351042 0.345370 0.350000 0.345370 0.349479 0.346296 0.348958 0.346296 0.348438 0.347222 0.347396 0.347222 0.346875 0.348148 0.345833 0.348148 0.345313 0.349074 0.344271 0.349074 0.343750 0.350000 0.343229 0.350000 0.342708 0.350926 0.341667 0.350926 0.341146 0.351852 0.340104 0.351852 0.339583 0.352778 0.338542 0.352778 0.338021 0.353704 0.337500 0.353704 0.336979 0.354630 0.335938 0.354630 0.335417 0.355556 0.334375 0.355556 0.333854 0.356481 0.333333 0.356481 0.332813 0.357407 0.331771 0.357407 0.331250 0.358333 0.330208 0.358333 0.329688 0.359259 0.328646 0.359259 0.328125 0.360185 0.327604 0.360185 0.327083 0.361111 0.326042 0.361111 0.325521 0.362037 0.324479 0.362037 0.323437 0.363889 0.323437 0.364815 0.322917 0.365741 0.323437 0.366667 0.323437 0.367593 0.323958 0.368519 0.323958 0.369444 0.336458 0.391667 0.336458 0.392593 0.358854 0.432407 0.359375 0.432407 0.360938 0.435185 0.361979 0.435185 0.362500 0.434259 0.363021 0.434259 0.363542 0.433333 0.364063 0.433333 0.365104 0.431481 0.365625 0.431481 0.366146 0.430556 0.366667 0.430556 0.367708 0.428704 0.368229 0.428704 0.368750 0.427778 0.369271 0.427778 0.370312 0.425926 0.370833 0.425926 0.400000 0.374074 0.400521 0.374074 0.401562 0.372222 0.402083 0.372222 0.402604 0.371296 0.403125 0.371296 0.403646 0.370370 0.402083 0.367593 0.402083 0.363889 0.403646 0.361111 0.404167 0.361111 0.404687 0.360185 0.405208 0.360185 0.405729 0.359259 0.406250 0.359259 0.406771 0.358333 0.407292 0.358333 0.407813 0.357407 0.408333 0.357407 0.408854 0.356481 0.409375 0.356481 0.410417 0.354630 0.410938 0.354630 0.411458 0.353704 0.411979 0.353704 0.412500 0.352778 0.413021 0.352778 0.413542 0.351852 0.414062 0.351852 0.414583 0.350926 0.415104 0.350926 0.415625 0.350000 0.416146 0.350000 0.416667 0.349074 0.417187 0.349074 0.417708 0.348148 0.418229 0.348148 0.418750 0.347222 0.419271 0.347222 0.419792 0.346296 0.420312 0.346296 0.421354 0.344444 0.421875 0.344444 0.422396 0.343519 0.422917 0.343519 0.423438 0.342593 0.423958 0.342593 0.424479 0.341667 0.425000 0.341667 0.425521 0.340741 0.426042 0.340741 0.426563 0.339815 0.427083 0.339815 0.427604 0.338889 0.428125 0.338889 0.428646 0.337963 0.429167 0.337963 0.429688 0.337037 0.430208 0.337037 0.430729 0.336111 0.431250 0.336111 0.431771 0.335185 0.432292 0.335185 0.433333 0.333333 0.433854 0.333333 0.434375 0.332407 0.434896 0.332407 0.435417 0.331481 0.434375 0.329630 0.433854 0.329630 0.433333 0.330556 0.432812 0.330556 0.432292 0.331481 0.431771 0.331481 0.431250 0.332407 0.430729 0.332407 0.430208 0.333333 0.429688 0.333333 0.429167 0.334259 0.428646 0.334259 0.428125 0.335185 0.427604 0.335185 0.427083 0.336111 0.426563 0.336111 0.426042 0.337037 0.425521 0.337037 0.425000 0.337963 0.424479 0.337963 0.423958 0.338889 0.423438 0.338889 0.422917 0.339815 0.422396 0.339815 0.421875 0.340741 0.421354 0.340741 0.420833 0.341667 0.420312 0.341667 0.419792 0.342593 0.419271 0.342593 0.418750 0.343519 0.418229 0.343519 0.417708 0.344444 0.417187 0.344444 0.416667 0.345370 0.416146 0.345370 0.415625 0.346296 0.415104 0.346296 0.414583 0.347222 0.414062 0.347222 0.413542 0.348148 0.413021 0.348148 0.412500 0.349074 0.411979 0.349074 0.411458 0.350000 0.410938 0.350000 0.410417 0.350926 0.409896 0.350926 0.409375 0.351852 0.408854 0.351852 0.408333 0.352778 0.407813 0.352778 0.407292 0.353704 0.406771 0.353704 0.406250 0.354630 0.405729 0.354630 0.405208 0.355556 0.404687 0.355556 0.404167 0.356481 0.403646 0.356481 0.403125 0.357407 0.402604 0.357407 0.402083 0.358333 0.401562 0.358333 0.401042 0.359259 0.400521 0.359259 0.400000 0.360185 0.399479 0.360185 0.398958 0.361111 0.398438 0.361111 0.397917 0.362037 0.397396 0.362037 0.396875 0.362963 0.379167 0.331481 0.378646 0.331481 0.377083 0.328704
0 0.451823 0.381944 0.098437 0.106481 0.439583 0.328704 0.439063 0.329630 0.438542 0.329630 0.438021 0.330556 0.437500 0.330556 0.436979 0.331481 0.436458 0.331481 0.435937 0.332407 0.435417 0.332407 0.434896 0.333333 0.434375 0.333333 0.433854 0.334259 0.433333 0.334259 0.432292 0.336111 0.431771 0.336111 0.431250 0.337037 0.430729 0.337037 0.430208 0.337963 0.429688 0.337963 0.429167 0.338889 0.428646 0.338889 0.428125 0.339815 0.427604 0.339815 0.427083 0.340741 0.426563 0.340741 0.426042 0.341667 0.425521 0.341667 0.425000 0.342593 0.424479 0.342593 0.423958 0.343519 0.423438 0.343519 0.422917 0.344444 0.422396 0.344444 0.421875 0.345370 0.421354 0.345370 0.420312 0.347222 0.419792 0.347222 0.419271 0.348148 0.418750 0.348148 0.418229 0.349074 0.417708 0.349074 0.417187 0.350000 0.416667 0.350000 0.416146 0.350926 0.415625 0.350926 0.415104 0.351852 0.414583 0.351852 0.414062 0.352778 0.413542 0.352778 0.413021 0.353704 0.412500 0.353704 0.411979 0.354630 0.411458 0.354630 0.410938 0.355556 0.410417 0.355556 0.409375 0.357407 0.408854 0.357407 0.408333 0.358333 0.407813 0.358333 0.407292 0.359259 0.406771 0.359259 0.406250 0.360185 0.405729 0.360185 0.405208 0.361111 0.404687 0.361111 0.404167 0.362037 0.403646 0.362037 0.402604 0.363889 0.402604 0.367593 0.404687 0.371296 0.404687 0.372222 0.435417 0.426852 0.435417 0.427778 0.435937 0.428704 0.436458 0.428704 0.440104 0.435185 0.442188 0.435185 0.443229 0.433333 0.443750 0.433333 0.451042 0.420370 0.451562 0.420370 0.461458 0.402778 0.461979 0.402778 0.471354 0.386111 0.471875 0.386111 0.501042 0.334259 0.501042 0.331481 0.500000 0.329630 0.498437 0.329630 0.497917 0.330556 0.497396 0.330556 0.493750 0.337037 0.493229 0.337037 0.489583 0.343519 0.489063 0.343519 0.485417 0.350000 0.484896 0.350000 0.481771 0.355556 0.481250 0.355556 0.477604 0.362037 0.477083 0.362037 0.471875 0.371296 0.471354 0.371296 0.470833 0.372222 0.468750 0.372222 0.468229 0.371296 0.467187 0.371296 0.466146 0.369444 0.465625 0.369444 0.463542 0.365741 0.463021 0.365741 0.457813 0.356481 0.457292 0.356481 0.447396 0.338889 0.447396 0.337963 0.443750 0.331481 0.443229 0.331481 0.441667 0.328704
0 0.531771 0.392593 0.083333 0.112963 0.510417 0.336111 0.505729 0.344444 0.505729 0.345370 0.500521 0.354630 0.500521 0.355556 0.495833 0.363889 0.495833 0.364815 0.490625 0.374074 0.490625 0.375000 0.490104 0.375926 0.490104 0.378704 0.490625 0.379630 0.490625 0.380556 0.492708 0.384259 0.492708 0.385185 0.515625 0.425926 0.515625 0.426852 0.527083 0.447222 0.527604 0.447222 0.528646 0.449074 0.530729 0.449074 0.531771 0.447222 0.532292 0.447222 0.539583 0.434259 0.540104 0.434259 0.552083 0.412963 0.552604 0.412963 0.564583 0.391667 0.565104 0.391667 0.569271 0.384259 0.569271 0.383333 0.570312 0.381481 0.570312 0.379630 0.570833 0.378704 0.570833 0.373148 0.571354 0.372222 0.571354 0.366667 0.571875 0.365741 0.571875 0.359259 0.572396 0.358333 0.572396 0.352778 0.572917 0.351852 0.572917 0.346296 0.573438 0.345370 0.573438 0.338889 0.572396 0.337037 0.570833 0.337037 0.568229 0.341667 0.567708 0.341667 0.556771 0.361111 0.556250 0.361111 0.551562 0.369444 0.551042 0.369444 0.548438 0.374074 0.547917 0.374074 0.545833 0.377778 0.545312 0.377778 0.544792 0.378704 0.544271 0.378704 0.543750 0.379630 0.543229 0.379630 0.542708 0.380556 0.539062 0.380556 0.538542 0.379630 0.538021 0.379630 0.536979 0.377778 0.536458 0.377778 0.534896 0.375000 0.534375 0.375000 0.529167 0.365741 0.528646 0.365741 0.518750 0.348148 0.518750 0.347222 0.514062 0.338889 0.513542 0.338889 0.511979 0.336111
0 0.627865 0.392593 0.080729 0.112963 0.588021 0.336111 0.587500 0.337037 0.587500 0.378704 0.588542 0.380556 0.588542 0.381481 0.593229 0.389815 0.593229 0.390741 0.609896 0.420370 0.609896 0.421296 0.625000 0.448148 0.625521 0.448148 0.626042 0.449074 0.626563 0.449074 0.627083 0.448148 0.627604 0.448148 0.628125 0.447222 0.628646 0.447222 0.631250 0.442593 0.631771 0.442593 0.638542 0.430556 0.639062 0.430556 0.645833 0.418519 0.646354 0.418519 0.653646 0.405556 0.654167 0.405556 0.660937 0.393519 0.661458 0.393519 0.667708 0.382407 0.667708 0.381481 0.668229 0.380556 0.668229 0.377778 0.666667 0.375000 0.666667 0.374074 0.665104 0.371296 0.665104 0.370370 0.663542 0.367593 0.663542 0.366667 0.661979 0.363889 0.661979 0.362963 0.660417 0.360185 0.660417 0.359259 0.658333 0.355556 0.658333 0.354630 0.656771 0.351852 0.656771 0.350926 0.655208 0.348148 0.655208 0.347222 0.653646 0.344444 0.653646 0.343519 0.652083 0.340741 0.652083 0.339815 0.650521 0.337037 0.648958 0.337037 0.647917 0.338889 0.647396 0.338889 0.640625 0.350926 0.640104 0.350926 0.633854 0.362037 0.633333 0.362037 0.629687 0.368519 0.629167 0.368519 0.626563 0.373148 0.626042 0.373148 0.624479 0.375926 0.623958 0.375926 0.622917 0.377778 0.622396 0.377778 0.621354 0.379630 0.620313 0.379630 0.619792 0.380556 0.617708 0.380556 0.617188 0.379630 0.616146 0.379630 0.615625 0.378704 0.615104 0.378704 0.613542 0.375926 0.613021 0.375926 0.609896 0.370370 0.609375 0.370370 0.594271 0.343519 0.594271 0.342593 0.592708 0.339815 0.592187 0.339815 0.590104 0.336111
0 0.363542 0.538889 0.083333 0.090741 0.395833 0.493519 0.393229 0.498148 0.392708 0.498148 0.389062 0.504630 0.388542 0.504630 0.384896 0.511111 0.384375 0.511111 0.380729 0.517593 0.380208 0.517593 0.376042 0.525000 0.375521 0.525000 0.371875 0.531481 0.371354 0.531481 0.367708 0.537963 0.367188 0.537963 0.363021 0.545370 0.362500 0.545370 0.357812 0.553704 0.357292 0.553704 0.354687 0.558333 0.352604 0.558333 0.352083 0.557407 0.351562 0.557407 0.332292 0.523148 0.331771 0.523148 0.326562 0.513889 0.326042 0.513889 0.323437 0.509259 0.322917 0.509259 0.321875 0.507407 0.321875 0.510185 0.322396 0.511111 0.322396 0.512037 0.322917 0.512963 0.322917 0.513889 0.323437 0.514815 0.323437 0.515741 0.324479 0.517593 0.324479 0.518519 0.325521 0.520370 0.325521 0.521296 0.326562 0.523148 0.326562 0.524074 0.327604 0.525926 0.327604 0.526852 0.328646 0.528704 0.328646 0.529630 0.329688 0.531481 0.329688 0.532407 0.330729 0.534259 0.330729 0.535185 0.331771 0.537037 0.331771 0.537963 0.332813 0.539815 0.332813 0.540741 0.333854 0.542593 0.333854 0.543519 0.334896 0.545370 0.334896 0.546296 0.335938 0.548148 0.335938 0.549074 0.336458 0.550000 0.336458 0.550926 0.337500 0.552778 0.337500 0.553704 0.338542 0.555556 0.338542 0.556481 0.339583 0.558333 0.339583 0.559259 0.340625 0.561111 0.340625 0.562037 0.341667 0.563889 0.341667 0.564815 0.342708 0.566667 0.342708 0.567593 0.343750 0.569444 0.343750 0.570370 0.344792 0.572222 0.344792 0.573148 0.345833 0.575000 0.345833 0.575926 0.346875 0.577778 0.346875 0.578704 0.347917 0.580556 0.347917 0.581481 0.348958 0.583333 0.350521 0.583333 0.351042 0.584259 0.355208 0.584259 0.356250 0.582407 0.356771 0.582407 0.357292 0.581481 0.357812 0.581481 0.358854 0.579630 0.359375 0.579630 0.360417 0.577778 0.360938 0.577778 0.361458 0.576852 0.361979 0.576852 0.363021 0.575000 0.363542 0.575000 0.364583 0.573148 0.365104 0.573148 0.365625 0.572222 0.366146 0.572222 0.367188 0.570370 0.367708 0.570370 0.368750 0.568519 0.369271 0.568519 0.369792 0.567593 0.370312 0.567593 0.371354 0.565741 0.371875 0.565741 0.372917 0.563889 0.373437 0.563889 0.373958 0.562963 0.374479 0.562963 0.375521 0.561111 0.376042 0.561111 0.377083 0.559259 0.377604 0.559259 0.378125 0.558333 0.378646 0.558333 0.379688 0.556481 0.380208 0.556481 0.381250 0.554630 0.381771 0.554630 0.382292 0.553704 0.382812 0.553704 0.383854 0.551852 0.384375 0.551852 0.385417 0.550000 0.385937 0.550000 0.386458 0.549074 0.386979 0.549074 0.388021 0.547222 0.388542 0.547222 0.389583 0.545370 0.390104 0.545370 0.390625 0.544444 0.391146 0.544444 0.392188 0.542593 0.392708 0.542593 0.394271 0.539815 0.394271 0.538889 0.392188 0.535185 0.392188 0.534259 0.391667 0.533333 0.391667 0.532407 0.392188 0.531481 0.392188 0.530556 0.403125 0.511111 0.403646 0.511111 0.405208 0.508333 0.404687 0.508333 0.404167 0.507407 0.401042 0.507407 0.400521 0.508333 0.399479 0.508333 0.398958 0.509259 0.398438 0.509259 0.397917 0.510185 0.397396 0.510185 0.396354 0.512037 0.395833 0.512037 0.394271 0.514815 0.393750 0.514815 0.391667 0.518519 0.391146 0.518519 0.389062 0.522222 0.388542 0.522222 0.385417 0.527778 0.384896 0.527778 0.381771 0.533333 0.381250 0.533333 0.377083 0.540741 0.376563 0.540741 0.371875 0.549074 0.371354 0.549074 0.368750 0.553704 0.368229 0.553704 0.367708 0.554630 0.366146 0.554630 0.364583 0.551852 0.364583 0.550926 0.364063 0.550000 0.364063 0.549074 0.364583 0.548148 0.364583 0.547222 0.370833 0.536111 0.371354 0.536111 0.376042 0.527778 0.376563 0.527778 0.381771 0.518519 0.382292 0.518519 0.386979 0.510185 0.387500 0.510185 0.392708 0.500926 0.393229 0.500926 0.396354 0.495370 0.396354 0.493519
0 0.436719 0.550463 0.089063 0.095370 0.481250 0.502778 0.480729 0.503704 0.480208 0.503704 0.479167 0.505556 0.478646 0.505556 0.477604 0.507407 0.477083 0.507407 0.475521 0.510185 0.475000 0.510185 0.472396 0.514815 0.471875 0.514815 0.468750 0.520370 0.468229 0.520370 0.463021 0.529630 0.462500 0.529630 0.454167 0.544444 0.453646 0.544444 0.449479 0.551852 0.448958 0.551852 0.448437 0.552778 0.447396 0.552778 0.445312 0.549074 0.445312 0.546296 0.444271 0.548148 0.444271 0.549074 0.442708 0.551852 0.442708 0.552778 0.441667 0.554630 0.441667 0.555556 0.440104 0.558333 0.440104 0.559259 0.438542 0.562037 0.438021 0.562037 0.437500 0.562963 0.436979 0.562963 0.436458 0.562037 0.435937 0.562037 0.435417 0.561111 0.434896 0.561111 0.430729 0.553704 0.430729 0.552778 0.425000 0.542593 0.425000 0.541667 0.416667 0.526852 0.416667 0.525926 0.413021 0.519444 0.412500 0.519444 0.408333 0.512037 0.407813 0.512037 0.406250 0.509259 0.405208 0.509259 0.403646 0.512037 0.403125 0.512037 0.392708 0.530556 0.392708 0.531481 0.392188 0.532407 0.392188 0.533333 0.392708 0.534259 0.392708 0.535185 0.395313 0.539815 0.395313 0.540741 0.398438 0.546296 0.398958 0.546296 0.428125 0.598148 0.434896 0.598148 0.437500 0.593519 0.438021 0.593519 0.459375 0.555556 0.459896 0.555556 0.468750 0.539815 0.468750 0.538889 0.470313 0.536111 0.470313 0.535185 0.470833 0.534259 0.470833 0.533333 0.471354 0.532407 0.471354 0.531481 0.472396 0.529630 0.472396 0.528704 0.472917 0.527778 0.472917 0.526852 0.473958 0.525000 0.473958 0.524074 0.474479 0.523148 0.474479 0.522222 0.475521 0.520370 0.475521 0.519444 0.476042 0.518519 0.476042 0.517593 0.477083 0.515741 0.477083 0.514815 0.477604 0.513889 0.477604 0.512963 0.478125 0.512037 0.478125 0.511111 0.479167 0.509259 0.479167 0.508333 0.479687 0.507407 0.479687 0.506481 0.480729 0.504630 0.480729 0.503704
0 0.529948 0.553241 0.078646 0.080556 0.493750 0.512963 0.493750 0.513889 0.493229 0.514815 0.493229 0.515741 0.492708 0.516667 0.492708 0.517593 0.492188 0.518519 0.492188 0.519444 0.491667 0.520370 0.491667 0.521296 0.491146 0.522222 0.491146 0.523148 0.490625 0.524074 0.490625 0.525000 0.491146 0.525926 0.491146 0.526852 0.491667 0.527778 0.491667 0.528704 0.504687 0.551852 0.504687 0.552778 0.527604 0.593519 0.530208 0.593519 0.532292 0.589815 0.532813 0.589815 0.538021 0.580556 0.538542 0.580556 0.544792 0.569444 0.545312 0.569444 0.552083 0.557407 0.552604 0.557407 0.558854 0.546296 0.559375 0.546296 0.568229 0.530556 0.568229 0.529630 0.568750 0.528704 0.568750 0.519444 0.569271 0.518519 0.569271 0.514815 0.568750 0.515741 0.568229 0.515741 0.566146 0.519444 0.565625 0.519444 0.562500 0.525000 0.561979 0.525000 0.558333 0.531481 0.557813 0.531481 0.552604 0.540741 0.552083 0.540741 0.544792 0.553704 0.544271 0.553704 0.541146 0.559259 0.540625 0.559259 0.540104 0.560185 0.539583 0.560185 0.539062 0.559259 0.538542 0.559259 0.537500 0.557407 0.537500 0.556481 0.536979 0.555556 0.536979 0.551852 0.537500 0.550926 0.537500 0.548148 0.538021 0.547222 0.536458 0.550000 0.535937 0.550000 0.531771 0.557407 0.531250 0.557407 0.530208 0.559259 0.528125 0.559259 0.526563 0.556481 0.526042 0.556481 0.522917 0.550926 0.522396 0.551852 0.522396 0.553704 0.521354 0.555556 0.520833 0.555556 0.520312 0.556481 0.519271 0.556481 0.518750 0.555556 0.518229 0.555556 0.495312 0.514815 0.494792 0.514815
0 0.625000 0.556019 0.079167 0.080556 0.585417 0.515741 0.585417 0.528704 0.585938 0.529630 0.585938 0.530556 0.589063 0.536111 0.589063 0.537037 0.611458 0.576852 0.611458 0.577778 0.620833 0.594444 0.621354 0.594444 0.622396 0.596296 0.625000 0.596296 0.626042 0.594444 0.626563 0.594444 0.629687 0.588889 0.630208 0.588889 0.635417 0.579630 0.635938 0.579630 0.640625 0.571296 0.641146 0.571296 0.646354 0.562037 0.646875 0.562037 0.651563 0.553704 0.652083 0.553704 0.657292 0.544444 0.657813 0.544444 0.664062 0.533333 0.664062 0.532407 0.664583 0.531481 0.664583 0.530556 0.664062 0.529630 0.664062 0.527778 0.663542 0.526852 0.663542 0.525926 0.663021 0.525000 0.663021 0.523148 0.661979 0.523148 0.660937 0.525000 0.660417 0.525000 0.659375 0.526852 0.658854 0.526852 0.656771 0.530556 0.656250 0.530556 0.654167 0.534259 0.653646 0.534259 0.651042 0.538889 0.650521 0.538889 0.646875 0.545370 0.646354 0.545370 0.642188 0.552778 0.641667 0.552778 0.636458 0.562037 0.635938 0.562037 0.631771 0.569444 0.631250 0.569444 0.630208 0.571296 0.628646 0.571296 0.626563 0.567593 0.626042 0.567593 0.625521 0.568519 0.624479 0.568519 0.623958 0.567593 0.623437 0.567593 0.616146 0.554630 0.616146 0.560185 0.615104 0.562037 0.614062 0.562037 0.613542 0.562963 0.613021 0.562037 0.611979 0.562037 0.590104 0.523148 0.589583 0.523148
0 0.707812 0.558796 0.082292 0.078704 0.666667 0.519444 0.667188 0.520370 0.667188 0.521296 0.667708 0.522222 0.667708 0.523148 0.668229 0.524074 0.668229 0.525926 0.668750 0.526852 0.668750 0.527778 0.669271 0.528704 0.669271 0.529630 0.669792 0.530556 0.669792 0.531481 0.671354 0.534259 0.671354 0.535185 0.684375 0.558333 0.684375 0.559259 0.701562 0.589815 0.701562 0.590741 0.703646 0.594444 0.704167 0.594444 0.705729 0.597222 0.706250 0.597222 0.706771 0.598148 0.707812 0.598148 0.708333 0.597222 0.708854 0.597222 0.710417 0.594444 0.710938 0.594444 0.714063 0.588889 0.714583 0.588889 0.718750 0.581481 0.719271 0.581481 0.722917 0.575000 0.723437 0.575000 0.727604 0.567593 0.728125 0.567593 0.732292 0.560185 0.732812 0.560185 0.736458 0.553704 0.736979 0.553704 0.741146 0.546296 0.741667 0.546296 0.745833 0.538889 0.746354 0.538889 0.748437 0.535185 0.748437 0.534259 0.748958 0.533333 0.748958 0.529630 0.747396 0.526852 0.746875 0.526852 0.744271 0.531481 0.743750 0.531481 0.739583 0.538889 0.739062 0.538889 0.735417 0.545370 0.734896 0.545370 0.730729 0.552778 0.730208 0.552778 0.726042 0.560185 0.725521 0.560185 0.721354 0.567593 0.720833 0.567593 0.718229 0.572222 0.717708 0.572222 0.716146 0.575000 0.715625 0.575000 0.715104 0.575926 0.714063 0.575926 0.713542 0.575000 0.713021 0.575000 0.703125 0.557407 0.704167 0.559259 0.704167 0.560185 0.704688 0.561111 0.704688 0.562037 0.705208 0.562963 0.705208 0.563889 0.705729 0.564815 0.705729 0.565741 0.706771 0.567593 0.706771 0.570370 0.704688 0.574074 0.703125 0.574074 0.702604 0.573148 0.702083 0.573148 0.677604 0.529630 0.677083 0.529630 0.674479 0.525000 0.673958 0.525000 0.672396 0.522222 0.671875 0.522222 0.671354 0.521296 0.670833 0.521296 0.670312 0.520370 0.669792 0.520370 0.669271 0.519444
0 0.320312 0.519444 0.079167 0.075926 0.319792 0.481481 0.319271 0.482407 0.318750 0.482407 0.318229 0.483333 0.317708 0.483333 0.316667 0.485185 0.316146 0.485185 0.314063 0.488889 0.313542 0.488889 0.282813 0.543519 0.282813 0.544444 0.281250 0.547222 0.281250 0.548148 0.280729 0.549074 0.280729 0.550000 0.281250 0.550926 0.281250 0.551852 0.282292 0.553704 0.284375 0.553704 0.285417 0.551852 0.285938 0.551852 0.286979 0.550000 0.287500 0.550000 0.289062 0.547222 0.289583 0.547222 0.290625 0.545370 0.291146 0.545370 0.292187 0.543519 0.292708 0.543519 0.293750 0.541667 0.294271 0.541667 0.295312 0.539815 0.295833 0.539815 0.296875 0.537963 0.297396 0.537963 0.298958 0.535185 0.299479 0.535185 0.300521 0.533333 0.301042 0.533333 0.302083 0.531481 0.302604 0.531481 0.303646 0.529630 0.304167 0.529630 0.305208 0.527778 0.305729 0.527778 0.306771 0.525926 0.307292 0.525926 0.308854 0.523148 0.309375 0.523148 0.310417 0.521296 0.310937 0.521296 0.311979 0.519444 0.312500 0.519444 0.313542 0.517593 0.314063 0.517593 0.315104 0.515741 0.315625 0.515741 0.317188 0.512963 0.317708 0.512963 0.318750 0.511111 0.319271 0.511111 0.320312 0.509259 0.320833 0.509259 0.321354 0.508333 0.321354 0.507407 0.321875 0.506481 0.322917 0.508333 0.323437 0.508333 0.326042 0.512963 0.326562 0.512963 0.331771 0.522222 0.332292 0.522222 0.351562 0.556481 0.352083 0.556481 0.352604 0.557407 0.354687 0.557407 0.357292 0.552778 0.357812 0.552778 0.359896 0.549074 0.359375 0.550000 0.357812 0.550000 0.357292 0.549074 0.356771 0.549074 0.332813 0.506481 0.332813 0.505556 0.320312 0.483333 0.320312 0.482407
0 0.407813 0.523611 0.086458 0.076852 0.403646 0.485185 0.402604 0.487037 0.402083 0.487037 0.398438 0.493519 0.397917 0.493519 0.393229 0.501852 0.392708 0.501852 0.387500 0.511111 0.386979 0.511111 0.382292 0.519444 0.381771 0.519444 0.376563 0.528704 0.376042 0.528704 0.371354 0.537037 0.370833 0.537037 0.365104 0.547222 0.365104 0.548148 0.364583 0.549074 0.364583 0.550000 0.365104 0.550926 0.365104 0.551852 0.366146 0.553704 0.367708 0.553704 0.368229 0.552778 0.368750 0.552778 0.371354 0.548148 0.371875 0.548148 0.376563 0.539815 0.377083 0.539815 0.381250 0.532407 0.381771 0.532407 0.384896 0.526852 0.385417 0.526852 0.388542 0.521296 0.389062 0.521296 0.391146 0.517593 0.391667 0.517593 0.393750 0.513889 0.394271 0.513889 0.395833 0.511111 0.396354 0.511111 0.397396 0.509259 0.397917 0.509259 0.398438 0.508333 0.398958 0.508333 0.399479 0.507407 0.400521 0.507407 0.401042 0.506481 0.404167 0.506481 0.404687 0.507407 0.405208 0.507407 0.405729 0.508333 0.406250 0.508333 0.407813 0.511111 0.408333 0.511111 0.412500 0.518519 0.413021 0.518519 0.417187 0.525926 0.417187 0.526852 0.425521 0.541667 0.425521 0.542593 0.431250 0.552778 0.431250 0.553704 0.434896 0.560185 0.435417 0.560185 0.435937 0.561111 0.436458 0.561111 0.436979 0.562037 0.437500 0.562037 0.438021 0.561111 0.438542 0.561111 0.439583 0.559259 0.439583 0.558333 0.441146 0.555556 0.441146 0.554630 0.442188 0.552778 0.442188 0.551852 0.443750 0.549074 0.443750 0.548148 0.445312 0.545370 0.445312 0.544444 0.446354 0.542593 0.446354 0.541667 0.447917 0.538889 0.447917 0.537963 0.449479 0.535185 0.449479 0.534259 0.451042 0.531481 0.443229 0.545370 0.442708 0.545370 0.441146 0.548148 0.439583 0.548148 0.439063 0.547222 0.438542 0.547222 0.414583 0.504630 0.414583 0.503704 0.404167 0.485185
0 0.484115 0.512500 0.076563 0.086111 0.483854 0.469444 0.483854 0.470370 0.482812 0.472222 0.482812 0.473148 0.481771 0.475000 0.481771 0.475926 0.480729 0.477778 0.480729 0.478704 0.479687 0.480556 0.479687 0.481481 0.478646 0.483333 0.478646 0.484259 0.465104 0.508333 0.464583 0.508333 0.452604 0.529630 0.452083 0.529630 0.452083 0.530556 0.450521 0.533333 0.450521 0.534259 0.449479 0.536111 0.449479 0.537037 0.447917 0.539815 0.447917 0.540741 0.446875 0.542593 0.446875 0.543519 0.445833 0.545370 0.445833 0.549074 0.447396 0.551852 0.448437 0.551852 0.448958 0.550926 0.449479 0.550926 0.453646 0.543519 0.454167 0.543519 0.462500 0.528704 0.463021 0.528704 0.468229 0.519444 0.468750 0.519444 0.471875 0.513889 0.472396 0.513889 0.475000 0.509259 0.475521 0.509259 0.477083 0.506481 0.477604 0.506481 0.478646 0.504630 0.479167 0.504630 0.480208 0.502778 0.480729 0.502778 0.481250 0.501852 0.482812 0.501852 0.483333 0.500926 0.484375 0.500926 0.484896 0.501852 0.486458 0.501852 0.486979 0.502778 0.487500 0.502778 0.488542 0.504630 0.489063 0.504630 0.490625 0.507407 0.491146 0.507407 0.494792 0.513889 0.495312 0.513889 0.518229 0.554630 0.518750 0.554630 0.519271 0.555556 0.520312 0.555556 0.520833 0.554630 0.521354 0.554630 0.521875 0.553704 0.521875 0.551852 0.522396 0.550926 0.522396 0.550000 0.518229 0.542593 0.518229 0.541667 0.492188 0.495370 0.492188 0.494444 0.490104 0.490741 0.490104 0.487037 0.490625 0.486111 0.490625 0.485185 0.491667 0.483333 0.491667 0.482407 0.492188 0.481481 0.492188 0.479630 0.490104 0.475926 0.489583 0.475926 0.488021 0.473148 0.487500 0.473148 0.486458 0.471296 0.485938 0.471296 0.485417 0.470370 0.484375 0.470370
0 0.576562 0.513889 0.078125 0.096296 0.577083 0.465741 0.576562 0.466667 0.575521 0.466667 0.575000 0.467593 0.574479 0.467593 0.573958 0.468519 0.573438 0.468519 0.572917 0.469444 0.572396 0.469444 0.571354 0.471296 0.570833 0.471296 0.570833 0.474074 0.570312 0.475000 0.570312 0.484259 0.569792 0.485185 0.569792 0.492593 0.569271 0.493519 0.569271 0.494444 0.560937 0.509259 0.560417 0.509259 0.552604 0.523148 0.552083 0.523148 0.544792 0.536111 0.544271 0.536111 0.538542 0.546296 0.538542 0.547222 0.538021 0.548148 0.538021 0.550926 0.537500 0.551852 0.537500 0.555556 0.538021 0.556481 0.538021 0.557407 0.538542 0.558333 0.539062 0.558333 0.539583 0.559259 0.540104 0.559259 0.540625 0.558333 0.541146 0.558333 0.544271 0.552778 0.544792 0.552778 0.552083 0.539815 0.552604 0.539815 0.557813 0.530556 0.558333 0.530556 0.561979 0.524074 0.562500 0.524074 0.565625 0.518519 0.566146 0.518519 0.568229 0.514815 0.568750 0.514815 0.570312 0.512037 0.570833 0.512037 0.571875 0.510185 0.572396 0.510185 0.572917 0.509259 0.573438 0.509259 0.573958 0.508333 0.574479 0.508333 0.575000 0.507407 0.579167 0.507407 0.579688 0.508333 0.580208 0.508333 0.580729 0.509259 0.581250 0.509259 0.582292 0.511111 0.582812 0.511111 0.584896 0.514815 0.585417 0.514815 0.589583 0.522222 0.590104 0.522222 0.611979 0.561111 0.613021 0.561111 0.613542 0.562037 0.614062 0.561111 0.615104 0.561111 0.615625 0.560185 0.615625 0.553704 0.605208 0.535185 0.605208 0.534259 0.587500 0.502778 0.587500 0.501852 0.585938 0.499074 0.585938 0.498148 0.585417 0.497222 0.585417 0.473148 0.583854 0.470370 0.583333 0.470370 0.582292 0.468519 0.581771 0.468519 0.581250 0.467593 0.580729 0.467593 0.580208 0.466667 0.579167 0.466667 0.578646 0.465741
0 0.666667 0.530093 0.079167 0.086111 0.667708 0.487037 0.667188 0.487963 0.666146 0.487963 0.665104 0.489815 0.665625 0.490741 0.665625 0.491667 0.666146 0.492593 0.666146 0.493519 0.666667 0.494444 0.666667 0.496296 0.667188 0.497222 0.667188 0.498148 0.667708 0.499074 0.667708 0.500000 0.667188 0.500926 0.667188 0.501852 0.660417 0.513889 0.659896 0.513889 0.654687 0.523148 0.654167 0.523148 0.648958 0.532407 0.648438 0.532407 0.643229 0.541667 0.642708 0.541667 0.637500 0.550926 0.636979 0.550926 0.631771 0.560185 0.631250 0.560185 0.627604 0.566667 0.627083 0.566667 0.627083 0.567593 0.628646 0.570370 0.630208 0.570370 0.631250 0.568519 0.631771 0.568519 0.635938 0.561111 0.636458 0.561111 0.641667 0.551852 0.642188 0.551852 0.646354 0.544444 0.646875 0.544444 0.650521 0.537963 0.651042 0.537963 0.653646 0.533333 0.654167 0.533333 0.656250 0.529630 0.656771 0.529630 0.658854 0.525926 0.659375 0.525926 0.660417 0.524074 0.660937 0.524074 0.661979 0.522222 0.662500 0.522222 0.663542 0.520370 0.664062 0.520370 0.664583 0.519444 0.665625 0.519444 0.666146 0.518519 0.669271 0.518519 0.669792 0.519444 0.670312 0.519444 0.670833 0.520370 0.671354 0.520370 0.671875 0.521296 0.672396 0.521296 0.673958 0.524074 0.674479 0.524074 0.677083 0.528704 0.677604 0.528704 0.702083 0.572222 0.702604 0.572222 0.703125 0.573148 0.704688 0.573148 0.706250 0.570370 0.706250 0.567593 0.705208 0.565741 0.705208 0.564815 0.704688 0.563889 0.704688 0.562963 0.704167 0.562037 0.704167 0.561111 0.703646 0.560185 0.703646 0.559259 0.702604 0.557407 0.702604 0.556481 0.698958 0.550000 0.698958 0.549074 0.683854 0.522222 0.683854 0.521296 0.676562 0.508333 0.676562 0.507407 0.675521 0.505556 0.675521 0.503704 0.675000 0.502778 0.675000 0.501852 0.674479 0.500926 0.674479 0.500000 0.673958 0.499074 0.673958 0.498148 0.673438 0.497222 0.673438 0.496296 0.672917 0.495370 0.672917 0.494444 0.672396 0.493519 0.672396 0.492593 0.671875 0.491667 0.671875 0.490741 0.671354 0.489815 0.671354 0.488889 0.670833 0.487963 0.670833 0.487037
0 0.362240 0.508796 0.083854 0.080556 0.328646 0.468519 0.327604 0.470370 0.327083 0.470370 0.326562 0.471296 0.326042 0.471296 0.325000 0.473148 0.324479 0.473148 0.323958 0.474074 0.323437 0.474074 0.322396 0.475926 0.321875 0.475926 0.321354 0.476852 0.320833 0.476852 0.320312 0.477778 0.320312 0.481481 0.320833 0.482407 0.320833 0.483333 0.333333 0.505556 0.333333 0.506481 0.356771 0.548148 0.357292 0.548148 0.357812 0.549074 0.359375 0.549074 0.359896 0.548148 0.360417 0.548148 0.362500 0.544444 0.363021 0.544444 0.367188 0.537037 0.367708 0.537037 0.371354 0.530556 0.371875 0.530556 0.375521 0.524074 0.376042 0.524074 0.380208 0.516667 0.380729 0.516667 0.384375 0.510185 0.384896 0.510185 0.388542 0.503704 0.389062 0.503704 0.392708 0.497222 0.393229 0.497222 0.397396 0.489815 0.397917 0.489815 0.401562 0.483333 0.402083 0.483333 0.402604 0.482407 0.402083 0.481481 0.402083 0.480556 0.401562 0.479630 0.401562 0.476852 0.404167 0.472222 0.403646 0.471296 0.403125 0.471296 0.402604 0.470370 0.399479 0.470370 0.398958 0.471296 0.398438 0.471296 0.395833 0.475926 0.395313 0.475926 0.392708 0.480556 0.392188 0.480556 0.384375 0.494444 0.383854 0.494444 0.381250 0.499074 0.380729 0.499074 0.378125 0.503704 0.377604 0.503704 0.375000 0.508333 0.374479 0.508333 0.372396 0.512037 0.371875 0.512037 0.369271 0.516667 0.368750 0.516667 0.366667 0.520370 0.364583 0.520370 0.363021 0.517593 0.363021 0.516667 0.362500 0.515741 0.362500 0.514815 0.363021 0.513889 0.363021 0.512963 0.375000 0.491667 0.372917 0.495370 0.372396 0.495370 0.370312 0.499074 0.369792 0.499074 0.367188 0.503704 0.366667 0.503704 0.364583 0.507407 0.364063 0.507407 0.361979 0.511111 0.361458 0.511111 0.359375 0.514815 0.357292 0.514815 0.356250 0.512963 0.355729 0.512963 0.335417 0.476852 0.334896 0.476852 0.330729 0.469444 0.330208 0.469444 0.329688 0.468519
0 0.442708 0.508333 0.081250 0.077778 0.481250 0.469444 0.480729 0.470370 0.480208 0.470370 0.479687 0.471296 0.479167 0.471296 0.478646 0.472222 0.478125 0.472222 0.477604 0.473148 0.477083 0.473148 0.475521 0.475926 0.475000 0.475926 0.472917 0.479630 0.472396 0.479630 0.469792 0.484259 0.469271 0.484259 0.464583 0.492593 0.464062 0.492593 0.456250 0.506481 0.455729 0.506481 0.447917 0.520370 0.447396 0.520370 0.446875 0.521296 0.445312 0.521296 0.443229 0.517593 0.443229 0.514815 0.443750 0.513889 0.443750 0.512963 0.445312 0.510185 0.445312 0.509259 0.447396 0.505556 0.447396 0.504630 0.449479 0.500926 0.449479 0.500000 0.451562 0.496296 0.451562 0.495370 0.453125 0.492593 0.453125 0.491667 0.455208 0.487963 0.450000 0.497222 0.450000 0.498148 0.447917 0.501852 0.447917 0.502778 0.445833 0.506481 0.445833 0.507407 0.443229 0.512037 0.443229 0.512963 0.441146 0.516667 0.441146 0.517593 0.439063 0.521296 0.439063 0.522222 0.438542 0.523148 0.438021 0.523148 0.437500 0.524074 0.435937 0.524074 0.435417 0.523148 0.434896 0.523148 0.412500 0.483333 0.411979 0.483333 0.408333 0.476852 0.407813 0.476852 0.405729 0.473148 0.405208 0.473148 0.404687 0.472222 0.402083 0.476852 0.402083 0.479630 0.402604 0.480556 0.402604 0.481481 0.415104 0.503704 0.415104 0.504630 0.438542 0.546296 0.439063 0.546296 0.439583 0.547222 0.441146 0.547222 0.442708 0.544444 0.443229 0.544444 0.452083 0.528704 0.452604 0.528704 0.464583 0.507407 0.465104 0.507407 0.478125 0.484259 0.478125 0.483333 0.479167 0.481481 0.479167 0.480556 0.480208 0.478704 0.480208 0.477778 0.481250 0.475926 0.481250 0.475000 0.482292 0.473148 0.482292 0.472222 0.483333 0.470370 0.483333 0.469444
0 0.530469 0.515278 0.079687 0.086111 0.570312 0.472222 0.568750 0.475000 0.568229 0.475000 0.565625 0.479630 0.565104 0.479630 0.561979 0.485185 0.561458 0.485185 0.556250 0.494444 0.555729 0.494444 0.548438 0.507407 0.547917 0.507407 0.542708 0.516667 0.542188 0.516667 0.541667 0.517593 0.540104 0.517593 0.538021 0.513889 0.538021 0.511111 0.538542 0.510185 0.538542 0.508333 0.534896 0.514815 0.534375 0.514815 0.531771 0.519444 0.531250 0.519444 0.530729 0.520370 0.529167 0.520370 0.528646 0.519444 0.528125 0.519444 0.523958 0.512037 0.523958 0.512963 0.523438 0.513889 0.523438 0.514815 0.522917 0.515741 0.522917 0.517593 0.522396 0.518519 0.522396 0.520370 0.521875 0.521296 0.521875 0.522222 0.520833 0.524074 0.520312 0.524074 0.519792 0.525000 0.518750 0.525000 0.518229 0.524074 0.517708 0.524074 0.493750 0.481481 0.493229 0.481481 0.492708 0.480556 0.492708 0.481481 0.492188 0.482407 0.492188 0.483333 0.491146 0.485185 0.491146 0.486111 0.490625 0.487037 0.490625 0.490741 0.492708 0.494444 0.492708 0.495370 0.518750 0.541667 0.518750 0.542593 0.526042 0.555556 0.526563 0.555556 0.528125 0.558333 0.530208 0.558333 0.531250 0.556481 0.531771 0.556481 0.535937 0.549074 0.536458 0.549074 0.544271 0.535185 0.544792 0.535185 0.552083 0.522222 0.552604 0.522222 0.560417 0.508333 0.560937 0.508333 0.568750 0.494444 0.568750 0.493519 0.569271 0.492593 0.569271 0.485185 0.569792 0.484259 0.569792 0.475000 0.570312 0.474074
0 0.626563 0.520833 0.081250 0.093519 0.585938 0.474074 0.585938 0.497222 0.586458 0.498148 0.586458 0.499074 0.588021 0.501852 0.588021 0.502778 0.605729 0.534259 0.605729 0.535185 0.623437 0.566667 0.623958 0.566667 0.624479 0.567593 0.625521 0.567593 0.626042 0.566667 0.626563 0.566667 0.627083 0.565741 0.627604 0.565741 0.631250 0.559259 0.631771 0.559259 0.636979 0.550000 0.637500 0.550000 0.642708 0.540741 0.643229 0.540741 0.648438 0.531481 0.648958 0.531481 0.654167 0.522222 0.654687 0.522222 0.659896 0.512963 0.660417 0.512963 0.666667 0.501852 0.666667 0.500926 0.667188 0.500000 0.667188 0.499074 0.666667 0.498148 0.666667 0.497222 0.666146 0.496296 0.666146 0.494444 0.665625 0.493519 0.665625 0.492593 0.665104 0.491667 0.665104 0.490741 0.664583 0.489815 0.664062 0.490741 0.663542 0.490741 0.661979 0.493519 0.661458 0.493519 0.659896 0.496296 0.659375 0.496296 0.657292 0.500000 0.656771 0.500000 0.654167 0.504630 0.653646 0.504630 0.650521 0.510185 0.650000 0.510185 0.645312 0.518519 0.644792 0.518519 0.640104 0.526852 0.639583 0.526852 0.634375 0.536111 0.633854 0.536111 0.631771 0.539815 0.629687 0.539815 0.628125 0.537037 0.628125 0.536111 0.627604 0.535185 0.627604 0.531481 0.627083 0.530556 0.627083 0.527778 0.626563 0.528704 0.625000 0.528704 0.624479 0.527778 0.623958 0.527778 0.616667 0.514815 0.616667 0.517593 0.615625 0.519444 0.615104 0.519444 0.614583 0.520370 0.613542 0.520370 0.613021 0.519444 0.612500 0.519444 0.610938 0.516667 0.610417 0.516667 0.605208 0.507407 0.605208 0.506481 0.592187 0.483333 0.591667 0.483333 0.586458 0.474074
0 0.714323 0.531019 0.085938 0.087963 0.671354 0.487037 0.671354 0.487963 0.671875 0.488889 0.671875 0.489815 0.672396 0.490741 0.672396 0.491667 0.672917 0.492593 0.672917 0.493519 0.673438 0.494444 0.673438 0.495370 0.673958 0.496296 0.673958 0.497222 0.674479 0.498148 0.674479 0.499074 0.675000 0.500000 0.675000 0.500926 0.675521 0.501852 0.675521 0.502778 0.676042 0.503704 0.676042 0.505556 0.677083 0.507407 0.677083 0.508333 0.684375 0.521296 0.684375 0.522222 0.699479 0.549074 0.699479 0.550000 0.713021 0.574074 0.713542 0.574074 0.714063 0.575000 0.715104 0.575000 0.715625 0.574074 0.716146 0.574074 0.717708 0.571296 0.718229 0.571296 0.720833 0.566667 0.721354 0.566667 0.725521 0.559259 0.726042 0.559259 0.730208 0.551852 0.730729 0.551852 0.734896 0.544444 0.735417 0.544444 0.739062 0.537963 0.739583 0.537963 0.743750 0.530556 0.744271 0.530556 0.748437 0.523148 0.748958 0.523148 0.753125 0.515741 0.753646 0.515741 0.756771 0.510185 0.756771 0.509259 0.757292 0.508333 0.757292 0.505556 0.753125 0.498148 0.753125 0.497222 0.751042 0.493519 0.747917 0.499074 0.747396 0.499074 0.743229 0.506481 0.742708 0.506481 0.738542 0.513889 0.738021 0.513889 0.733854 0.521296 0.733333 0.521296 0.729167 0.528704 0.728646 0.528704 0.724479 0.536111 0.723958 0.536111 0.721354 0.540741 0.720833 0.540741 0.720313 0.541667 0.719792 0.541667 0.719271 0.542593 0.718750 0.542593 0.718229 0.541667 0.717708 0.541667 0.701042 0.512037 0.702083 0.513889 0.702083 0.514815 0.702604 0.515741 0.702604 0.516667 0.703646 0.518519 0.703646 0.519444 0.704688 0.521296 0.704688 0.522222 0.705208 0.523148 0.705208 0.524074 0.706250 0.525926 0.706250 0.526852 0.706771 0.527778 0.706771 0.528704 0.707812 0.530556 0.707812 0.531481 0.708854 0.533333 0.708854 0.534259 0.709375 0.535185 0.709375 0.536111 0.709896 0.537037 0.709896 0.538889 0.707812 0.542593 0.706250 0.542593 0.705729 0.541667 0.705208 0.541667 0.703646 0.538889 0.703125 0.538889 0.697917 0.529630 0.697917 0.528704 0.682292 0.500926 0.681771 0.500926 0.677604 0.493519 0.677083 0.493519 0.675521 0.490741 0.675000 0.490741 0.673958 0.488889 0.673438 0.488889 0.672917 0.487963 0.672396 0.487963 0.671875 0.487037
0 0.331250 0.477315 0.088542 0.073148 0.323437 0.440741 0.322917 0.441667 0.322396 0.441667 0.321875 0.442593 0.321354 0.442593 0.287500 0.502778 0.287500 0.503704 0.286979 0.504630 0.286979 0.508333 0.288542 0.511111 0.289583 0.511111 0.290104 0.510185 0.290625 0.510185 0.291667 0.508333 0.292187 0.508333 0.293229 0.506481 0.293750 0.506481 0.294271 0.505556 0.294792 0.505556 0.309375 0.479630 0.309896 0.479630 0.310937 0.477778 0.311458 0.477778 0.311979 0.476852 0.312500 0.476852 0.313542 0.475000 0.314063 0.475000 0.314583 0.474074 0.315104 0.474074 0.316146 0.472222 0.316667 0.472222 0.317188 0.471296 0.317708 0.471296 0.318750 0.469444 0.319271 0.469444 0.319792 0.468519 0.320312 0.468519 0.320833 0.467593 0.321354 0.467593 0.322396 0.465741 0.322917 0.465741 0.323437 0.464815 0.323958 0.464815 0.325000 0.462963 0.326562 0.462963 0.327604 0.464815 0.328125 0.464815 0.330208 0.468519 0.330729 0.468519 0.334896 0.475926 0.335417 0.475926 0.355729 0.512037 0.356250 0.512037 0.357292 0.513889 0.359375 0.513889 0.361458 0.510185 0.361979 0.510185 0.363542 0.507407 0.362500 0.509259 0.361458 0.509259 0.360938 0.508333 0.360417 0.508333 0.325521 0.446296 0.325521 0.445370 0.323437 0.441667
0 0.406250 0.483796 0.086458 0.078704 0.403646 0.444444 0.401562 0.448148 0.401042 0.448148 0.399479 0.450926 0.398958 0.450926 0.392188 0.462963 0.391667 0.462963 0.363542 0.512963 0.363542 0.513889 0.363021 0.514815 0.363021 0.515741 0.363542 0.516667 0.363542 0.517593 0.364583 0.519444 0.366667 0.519444 0.368750 0.515741 0.369271 0.515741 0.371875 0.511111 0.372396 0.511111 0.374479 0.507407 0.375000 0.507407 0.377604 0.502778 0.378125 0.502778 0.380729 0.498148 0.381250 0.498148 0.383854 0.493519 0.384375 0.493519 0.392188 0.479630 0.392708 0.479630 0.395313 0.475000 0.395833 0.475000 0.398438 0.470370 0.398958 0.470370 0.399479 0.469444 0.402604 0.469444 0.403125 0.470370 0.403646 0.470370 0.404167 0.471296 0.404687 0.471296 0.405208 0.472222 0.405729 0.472222 0.407813 0.475926 0.408333 0.475926 0.411979 0.482407 0.412500 0.482407 0.434896 0.522222 0.435417 0.522222 0.435937 0.523148 0.437500 0.523148 0.438021 0.522222 0.438542 0.522222 0.438542 0.521296 0.440625 0.517593 0.440625 0.516667 0.442708 0.512963 0.442708 0.512037 0.445312 0.507407 0.445312 0.506481 0.447396 0.502778 0.447396 0.501852 0.449479 0.498148 0.447917 0.500926 0.447396 0.500926 0.442708 0.509259 0.442188 0.509259 0.441667 0.510185 0.440104 0.510185 0.438021 0.506481 0.437500 0.506481 0.433333 0.499074 0.433333 0.498148 0.408333 0.453704 0.408333 0.452778
0 0.483594 0.477778 0.079687 0.092593 0.485417 0.431481 0.485417 0.432407 0.483854 0.435185 0.483854 0.436111 0.481771 0.439815 0.481771 0.440741 0.480208 0.443519 0.480208 0.444444 0.478125 0.448148 0.478125 0.449074 0.475000 0.454630 0.474479 0.454630 0.461458 0.477778 0.460938 0.477778 0.455729 0.487037 0.455729 0.487963 0.453646 0.491667 0.453646 0.492593 0.452083 0.495370 0.452083 0.496296 0.450000 0.500000 0.450000 0.500926 0.447917 0.504630 0.447917 0.505556 0.445833 0.509259 0.445833 0.510185 0.444271 0.512963 0.444271 0.513889 0.443750 0.514815 0.443750 0.517593 0.445312 0.520370 0.446875 0.520370 0.447396 0.519444 0.447917 0.519444 0.455729 0.505556 0.456250 0.505556 0.464062 0.491667 0.464583 0.491667 0.469271 0.483333 0.469792 0.483333 0.472396 0.478704 0.472917 0.478704 0.475000 0.475000 0.475521 0.475000 0.477083 0.472222 0.477604 0.472222 0.478125 0.471296 0.478646 0.471296 0.479167 0.470370 0.479687 0.470370 0.480208 0.469444 0.480729 0.469444 0.481250 0.468519 0.483854 0.468519 0.484375 0.469444 0.485417 0.469444 0.485938 0.470370 0.486458 0.470370 0.487500 0.472222 0.488021 0.472222 0.489583 0.475000 0.490104 0.475000 0.493229 0.480556 0.493750 0.480556 0.517708 0.523148 0.518229 0.523148 0.518750 0.524074 0.519792 0.524074 0.520312 0.523148 0.520833 0.523148 0.521354 0.522222 0.521354 0.521296 0.521875 0.520370 0.521875 0.518519 0.522396 0.517593 0.522396 0.515741 0.522917 0.514815 0.522917 0.513889 0.523438 0.512963 0.523438 0.511111 0.508333 0.484259 0.508333 0.483333 0.492188 0.454630 0.492188 0.453704 0.491146 0.451852 0.491146 0.450926 0.490625 0.450000 0.490625 0.449074 0.491146 0.448148 0.491146 0.447222 0.492188 0.445370 0.492188 0.444444 0.492708 0.443519 0.492708 0.442593 0.493229 0.441667 0.493229 0.440741 0.491146 0.437037 0.490625 0.437037 0.488542 0.433333 0.488021 0.433333 0.487500 0.432407 0.486979 0.432407 0.486458 0.431481
0 0.577344 0.476852 0.077604 0.085185 0.576562 0.434259 0.576042 0.435185 0.575000 0.435185 0.574479 0.436111 0.573958 0.436111 0.572917 0.437963 0.572396 0.437963 0.570833 0.440741 0.570833 0.449074 0.570312 0.450000 0.570312 0.453704 0.569792 0.454630 0.569792 0.455556 0.563021 0.467593 0.562500 0.467593 0.553646 0.483333 0.553125 0.483333 0.544271 0.499074 0.543750 0.499074 0.539062 0.507407 0.539062 0.510185 0.538542 0.511111 0.538542 0.513889 0.540104 0.516667 0.541667 0.516667 0.542188 0.515741 0.542708 0.515741 0.547917 0.506481 0.548438 0.506481 0.555729 0.493519 0.556250 0.493519 0.561458 0.484259 0.561979 0.484259 0.565104 0.478704 0.565625 0.478704 0.568229 0.474074 0.568750 0.474074 0.570833 0.470370 0.571354 0.470370 0.572396 0.468519 0.572917 0.468519 0.573438 0.467593 0.573958 0.467593 0.574479 0.466667 0.575000 0.466667 0.575521 0.465741 0.576562 0.465741 0.577083 0.464815 0.578646 0.464815 0.579167 0.465741 0.580208 0.465741 0.580729 0.466667 0.581250 0.466667 0.581771 0.467593 0.582292 0.467593 0.583333 0.469444 0.583854 0.469444 0.585938 0.473148 0.586458 0.473148 0.591667 0.482407 0.592187 0.482407 0.605729 0.506481 0.605729 0.507407 0.610417 0.515741 0.610938 0.515741 0.612500 0.518519 0.613021 0.518519 0.613542 0.519444 0.614583 0.519444 0.615104 0.518519 0.615625 0.518519 0.616146 0.517593 0.616146 0.513889 0.602604 0.489815 0.602604 0.488889 0.588021 0.462963 0.588021 0.462037 0.586458 0.459259 0.586458 0.458333 0.585938 0.457407 0.585938 0.441667 0.583854 0.437963 0.583333 0.437963 0.582292 0.436111 0.581771 0.436111 0.581250 0.435185 0.580208 0.435185 0.579688 0.434259
0 0.668490 0.493519 0.081771 0.096296 0.667708 0.445370 0.667188 0.446296 0.666667 0.446296 0.666146 0.447222 0.665625 0.447222 0.665104 0.448148 0.665104 0.449074 0.665625 0.450000 0.665625 0.450926 0.666146 0.451852 0.666146 0.452778 0.666667 0.453704 0.666667 0.454630 0.667188 0.455556 0.667188 0.456481 0.667708 0.457407 0.667708 0.458333 0.668229 0.459259 0.667708 0.460185 0.667708 0.461111 0.667188 0.462037 0.667188 0.462963 0.663021 0.470370 0.662500 0.470370 0.656771 0.480556 0.656250 0.480556 0.650521 0.490741 0.650000 0.490741 0.644271 0.500926 0.643750 0.500926 0.638021 0.511111 0.637500 0.511111 0.631771 0.521296 0.631250 0.521296 0.628125 0.526852 0.627604 0.526852 0.627604 0.530556 0.628125 0.531481 0.628125 0.535185 0.628646 0.536111 0.628646 0.537037 0.629687 0.538889 0.631771 0.538889 0.633854 0.535185 0.634375 0.535185 0.639583 0.525926 0.640104 0.525926 0.644792 0.517593 0.645312 0.517593 0.650000 0.509259 0.650521 0.509259 0.653646 0.503704 0.654167 0.503704 0.656771 0.499074 0.657292 0.499074 0.659375 0.495370 0.659896 0.495370 0.661458 0.492593 0.661979 0.492593 0.663542 0.489815 0.664062 0.489815 0.664583 0.488889 0.665104 0.488889 0.666146 0.487037 0.667188 0.487037 0.667708 0.486111 0.671875 0.486111 0.672396 0.487037 0.672917 0.487037 0.673438 0.487963 0.673958 0.487963 0.675000 0.489815 0.675521 0.489815 0.677083 0.492593 0.677604 0.492593 0.681771 0.500000 0.682292 0.500000 0.698438 0.528704 0.698438 0.529630 0.703125 0.537963 0.703646 0.537963 0.705208 0.540741 0.705729 0.540741 0.706250 0.541667 0.707812 0.541667 0.709375 0.538889 0.709375 0.537037 0.708854 0.536111 0.708854 0.535185 0.708333 0.534259 0.708333 0.533333 0.707292 0.531481 0.707292 0.530556 0.706250 0.528704 0.706250 0.527778 0.705729 0.526852 0.705729 0.525926 0.704688 0.524074 0.704688 0.523148 0.704167 0.522222 0.704167 0.521296 0.703125 0.519444 0.703125 0.518519 0.702083 0.516667 0.702083 0.515741 0.701562 0.514815 0.701562 0.513889 0.700521 0.512037 0.700521 0.511111 0.699479 0.509259 0.699479 0.508333 0.685417 0.483333 0.685417 0.482407 0.681250 0.475000 0.681250 0.474074 0.680208 0.472222 0.680208 0.471296 0.679688 0.470370 0.679688 0.469444 0.679167 0.468519 0.679167 0.467593 0.678125 0.465741 0.678125 0.464815 0.677604 0.463889 0.677604 0.462963 0.676562 0.461111 0.676562 0.460185 0.676042 0.459259 0.676042 0.458333 0.675000 0.456481 0.675000 0.455556 0.674479 0.454630 0.674479 0.453704 0.673958 0.452778 0.673958 0.451852 0.672917 0.450000 0.672917 0.449074 0.672396 0.448148 0.672396 0.447222 0.671354 0.445370
0 0.364063 0.470833 0.080208 0.075000 0.327604 0.433333 0.327083 0.434259 0.326562 0.434259 0.325521 0.436111 0.325000 0.436111 0.323958 0.437963 0.323958 0.441667 0.326042 0.445370 0.326042 0.446296 0.360417 0.507407 0.360938 0.507407 0.361458 0.508333 0.362500 0.508333 0.363542 0.506481 0.364063 0.506481 0.365625 0.503704 0.366146 0.503704 0.368229 0.500000 0.368750 0.500000 0.370833 0.496296 0.371354 0.496296 0.373437 0.492593 0.373958 0.492593 0.375521 0.489815 0.376042 0.489815 0.391667 0.462037 0.392188 0.462037 0.398958 0.450000 0.399479 0.450000 0.401042 0.447222 0.401562 0.447222 0.403125 0.444444 0.403125 0.442593 0.402604 0.441667 0.402604 0.437963 0.404167 0.435185 0.403646 0.435185 0.403125 0.434259 0.402604 0.434259 0.402083 0.433333 0.400000 0.433333 0.398958 0.435185 0.398438 0.435185 0.396875 0.437963 0.396354 0.437963 0.395313 0.439815 0.394792 0.439815 0.380208 0.465741 0.379688 0.465741 0.377604 0.469444 0.377083 0.469444 0.375521 0.472222 0.375000 0.472222 0.373437 0.475000 0.372917 0.475000 0.371875 0.476852 0.371354 0.476852 0.369792 0.479630 0.369271 0.479630 0.367708 0.482407 0.367188 0.482407 0.366146 0.484259 0.365625 0.484259 0.365104 0.485185 0.364583 0.484259 0.364063 0.484259 0.362500 0.481481 0.362500 0.480556 0.361979 0.479630 0.361979 0.478704 0.362500 0.477778 0.362500 0.476852 0.369271 0.464815 0.367708 0.467593 0.367188 0.467593 0.365625 0.470370 0.365104 0.470370 0.364063 0.472222 0.363542 0.472222 0.361979 0.475000 0.361458 0.475000 0.360417 0.476852 0.359896 0.476852 0.358333 0.479630 0.356250 0.479630 0.355729 0.478704 0.355208 0.478704 0.350521 0.470370 0.350000 0.470370 0.349479 0.469444 0.349479 0.468519 0.340625 0.452778 0.340104 0.452778 0.331250 0.437037 0.330729 0.437037 0.328646 0.433333
0 0.444271 0.469907 0.082292 0.078704 0.481250 0.430556 0.480729 0.431481 0.480208 0.431481 0.479687 0.432407 0.479167 0.432407 0.478646 0.433333 0.478125 0.433333 0.476562 0.436111 0.476042 0.436111 0.473958 0.439815 0.473438 0.439815 0.469792 0.446296 0.469271 0.446296 0.463021 0.457407 0.462500 0.457407 0.450000 0.479630 0.449479 0.479630 0.447917 0.482407 0.445833 0.482407 0.444271 0.479630 0.444271 0.475000 0.446875 0.470370 0.446875 0.469444 0.451042 0.462037 0.446875 0.469444 0.446875 0.470370 0.441667 0.479630 0.441667 0.480556 0.438021 0.487037 0.437500 0.487037 0.436979 0.487963 0.436458 0.487963 0.435937 0.487037 0.435417 0.487037 0.434896 0.486111 0.434375 0.486111 0.411979 0.446296 0.411458 0.446296 0.407813 0.439815 0.407292 0.439815 0.405729 0.437037 0.405208 0.437037 0.404687 0.436111 0.404167 0.436111 0.403125 0.437963 0.403125 0.441667 0.403646 0.442593 0.403646 0.443519 0.408854 0.452778 0.408854 0.453704 0.433854 0.498148 0.433854 0.499074 0.437500 0.505556 0.438021 0.505556 0.440104 0.509259 0.441667 0.509259 0.442188 0.508333 0.442708 0.508333 0.447396 0.500000 0.447917 0.500000 0.460938 0.476852 0.461458 0.476852 0.474479 0.453704 0.475000 0.453704 0.477604 0.449074 0.477604 0.448148 0.479687 0.444444 0.479687 0.443519 0.481250 0.440741 0.481250 0.439815 0.483333 0.436111 0.483333 0.435185 0.484896 0.432407 0.484896 0.431481 0.485417 0.430556
0 0.530990 0.479630 0.079687 0.079630 0.570833 0.439815 0.568750 0.443519 0.568229 0.443519 0.566146 0.447222 0.565625 0.447222 0.561979 0.453704 0.561458 0.453704 0.556250 0.462963 0.555729 0.462963 0.547396 0.477778 0.546875 0.477778 0.542188 0.486111 0.541667 0.486111 0.540625 0.487963 0.540104 0.487963 0.539583 0.487037 0.539062 0.487037 0.537500 0.484259 0.537500 0.478704 0.538021 0.477778 0.538021 0.475926 0.538542 0.475000 0.538542 0.473148 0.539062 0.472222 0.539062 0.471296 0.532813 0.482407 0.532292 0.482407 0.531250 0.484259 0.530729 0.484259 0.530208 0.485185 0.529687 0.485185 0.529167 0.484259 0.528646 0.484259 0.523958 0.475926 0.523958 0.476852 0.523438 0.477778 0.523438 0.479630 0.522917 0.480556 0.522917 0.481481 0.522396 0.482407 0.522396 0.483333 0.521875 0.484259 0.521354 0.484259 0.520833 0.485185 0.519271 0.485185 0.518229 0.483333 0.517708 0.483333 0.494792 0.442593 0.494271 0.442593 0.493750 0.441667 0.493229 0.442593 0.493229 0.443519 0.492708 0.444444 0.492708 0.445370 0.491667 0.447222 0.491667 0.448148 0.491146 0.449074 0.491146 0.450000 0.491667 0.450926 0.491667 0.451852 0.492708 0.453704 0.492708 0.454630 0.508854 0.483333 0.508854 0.484259 0.528125 0.518519 0.528646 0.518519 0.529167 0.519444 0.530729 0.519444 0.531250 0.518519 0.531771 0.518519 0.534375 0.513889 0.534896 0.513889 0.543750 0.498148 0.544271 0.498148 0.553125 0.482407 0.553646 0.482407 0.562500 0.466667 0.563021 0.466667 0.569271 0.455556 0.569271 0.454630 0.569792 0.453704 0.569792 0.450000 0.570312 0.449074 0.570312 0.440741
0 0.627083 0.484722 0.081250 0.086111 0.586458 0.441667 0.586458 0.457407 0.586979 0.458333 0.586979 0.459259 0.588542 0.462037 0.588542 0.462963 0.603125 0.488889 0.603125 0.489815 0.623958 0.526852 0.624479 0.526852 0.625000 0.527778 0.626563 0.527778 0.627604 0.525926 0.628125 0.525926 0.631250 0.520370 0.631771 0.520370 0.637500 0.510185 0.638021 0.510185 0.643750 0.500000 0.644271 0.500000 0.650000 0.489815 0.650521 0.489815 0.656250 0.479630 0.656771 0.479630 0.662500 0.469444 0.663021 0.469444 0.666667 0.462963 0.666667 0.462037 0.667188 0.461111 0.667188 0.460185 0.667708 0.459259 0.667188 0.458333 0.667188 0.457407 0.666667 0.456481 0.666667 0.455556 0.666146 0.454630 0.666146 0.453704 0.665625 0.452778 0.665625 0.451852 0.665104 0.450926 0.665104 0.450000 0.664583 0.449074 0.664583 0.448148 0.663542 0.450000 0.663021 0.450000 0.661979 0.451852 0.661458 0.451852 0.659375 0.455556 0.658854 0.455556 0.656771 0.459259 0.656250 0.459259 0.653125 0.464815 0.652604 0.464815 0.648958 0.471296 0.648438 0.471296 0.643750 0.479630 0.643229 0.479630 0.636979 0.490741 0.636458 0.490741 0.632812 0.497222 0.632292 0.497222 0.631771 0.498148 0.630208 0.498148 0.629687 0.497222 0.629167 0.497222 0.628646 0.496296 0.628646 0.495370 0.628125 0.494444 0.628125 0.492593 0.627604 0.491667 0.627604 0.488889 0.627083 0.487963 0.625000 0.487963 0.624479 0.487037 0.623958 0.487037 0.617188 0.475000 0.617188 0.477778 0.617708 0.478704 0.617708 0.482407 0.618229 0.483333 0.618229 0.486111 0.616146 0.489815 0.614583 0.489815 0.614062 0.488889 0.613542 0.488889 0.610417 0.483333 0.609896 0.483333 0.608854 0.481481 0.608854 0.480556 0.591146 0.449074 0.590625 0.449074
0 0.716667 0.493519 0.089583 0.096296 0.671875 0.445370 0.672917 0.447222 0.672917 0.448148 0.673438 0.449074 0.673438 0.450000 0.674479 0.451852 0.674479 0.452778 0.675000 0.453704 0.675000 0.454630 0.675521 0.455556 0.675521 0.456481 0.676562 0.458333 0.676562 0.459259 0.677083 0.460185 0.677083 0.461111 0.678125 0.462963 0.678125 0.463889 0.678646 0.464815 0.678646 0.465741 0.679688 0.467593 0.679688 0.468519 0.680208 0.469444 0.680208 0.470370 0.680729 0.471296 0.680729 0.472222 0.681771 0.474074 0.681771 0.475000 0.685937 0.482407 0.685937 0.483333 0.700000 0.508333 0.700000 0.509259 0.717708 0.540741 0.718229 0.540741 0.718750 0.541667 0.719271 0.541667 0.719792 0.540741 0.720313 0.540741 0.720833 0.539815 0.721354 0.539815 0.723958 0.535185 0.724479 0.535185 0.728646 0.527778 0.729167 0.527778 0.733333 0.520370 0.733854 0.520370 0.738021 0.512963 0.738542 0.512963 0.742708 0.505556 0.743229 0.505556 0.747396 0.498148 0.747917 0.498148 0.752604 0.489815 0.753125 0.489815 0.757292 0.482407 0.757812 0.482407 0.760938 0.476852 0.760938 0.475926 0.761458 0.475000 0.761458 0.473148 0.760938 0.472222 0.760938 0.471296 0.759896 0.469444 0.759375 0.469444 0.758333 0.467593 0.755729 0.472222 0.755208 0.472222 0.751042 0.479630 0.750521 0.479630 0.746354 0.487037 0.745833 0.487037 0.741146 0.495370 0.740625 0.495370 0.736458 0.502778 0.735938 0.502778 0.731771 0.510185 0.731250 0.510185 0.728646 0.514815 0.728125 0.514815 0.727083 0.516667 0.725521 0.516667 0.725000 0.515741 0.724479 0.515741 0.709375 0.488889 0.709375 0.487963 0.700000 0.471296 0.701562 0.474074 0.701562 0.475000 0.702604 0.476852 0.702604 0.477778 0.704167 0.480556 0.704167 0.481481 0.705208 0.483333 0.705208 0.484259 0.706250 0.486111 0.706250 0.487037 0.707812 0.489815 0.707812 0.490741 0.708854 0.492593 0.708854 0.493519 0.709375 0.494444 0.709375 0.497222 0.708854 0.498148 0.708854 0.499074 0.708333 0.500000 0.707812 0.500000 0.707292 0.500926 0.706250 0.500926 0.705729 0.500000 0.705208 0.500000 0.704688 0.499074 0.704167 0.499074 0.693229 0.479630 0.693229 0.478704 0.684375 0.462963 0.683854 0.462963 0.678125 0.452778 0.677604 0.452778 0.675521 0.449074 0.675000 0.449074 0.673958 0.447222 0.673438 0.447222 0.672917 0.446296 0.672396 0.446296
0 0.327865 0.443981 0.085938 0.069444 0.318229 0.409259 0.308333 0.426852 0.308333 0.427778 0.286979 0.465741 0.286979 0.466667 0.285417 0.469444 0.285417 0.470370 0.284896 0.471296 0.284896 0.472222 0.285417 0.473148 0.285417 0.474074 0.286458 0.475926 0.286979 0.475926 0.287500 0.476852 0.288021 0.475926 0.288542 0.475926 0.301042 0.453704 0.301563 0.453704 0.302604 0.451852 0.303125 0.451852 0.303646 0.450926 0.304167 0.450926 0.304688 0.450000 0.305208 0.450000 0.305729 0.449074 0.306250 0.449074 0.306771 0.448148 0.307292 0.448148 0.307812 0.447222 0.308333 0.447222 0.308854 0.446296 0.309375 0.446296 0.309896 0.445370 0.310417 0.445370 0.311458 0.443519 0.311979 0.443519 0.312500 0.442593 0.313021 0.442593 0.313542 0.441667 0.314063 0.441667 0.314583 0.440741 0.315104 0.440741 0.315625 0.439815 0.316146 0.439815 0.316667 0.438889 0.317188 0.438889 0.317708 0.437963 0.318229 0.437963 0.318750 0.437037 0.319271 0.437037 0.319792 0.436111 0.320312 0.436111 0.320833 0.435185 0.321354 0.435185 0.322396 0.433333 0.322917 0.433333 0.323437 0.432407 0.323958 0.432407 0.324479 0.431481 0.325000 0.431481 0.325521 0.430556 0.326042 0.430556 0.326562 0.429630 0.327604 0.431481 0.328125 0.431481 0.330729 0.436111 0.331250 0.436111 0.340104 0.451852 0.340625 0.451852 0.350000 0.468519 0.350000 0.469444 0.350521 0.469444 0.355208 0.477778 0.355729 0.477778 0.356250 0.478704 0.358333 0.478704 0.359896 0.475926 0.360417 0.475926 0.361458 0.474074 0.361979 0.474074 0.363542 0.471296 0.364063 0.471296 0.365104 0.469444 0.365625 0.469444 0.367188 0.466667 0.367708 0.466667 0.369271 0.463889 0.369792 0.463889 0.370833 0.462037 0.369792 0.463889 0.369271 0.463889 0.368229 0.465741 0.367708 0.465741 0.366146 0.468519 0.365625 0.468519 0.364583 0.470370 0.364063 0.470370 0.363021 0.472222 0.362500 0.472222 0.361458 0.474074 0.360938 0.474074 0.359375 0.476852 0.358854 0.476852 0.358333 0.477778 0.356250 0.477778 0.319792 0.412963 0.319792 0.412037
0 0.411979 0.447222 0.098958 0.079630 0.404167 0.407407 0.403125 0.409259 0.402604 0.409259 0.401562 0.411111 0.401042 0.411111 0.400000 0.412963 0.399479 0.412963 0.398438 0.414815 0.397917 0.414815 0.363021 0.476852 0.363021 0.477778 0.362500 0.478704 0.362500 0.479630 0.363021 0.480556 0.363021 0.481481 0.364063 0.483333 0.364583 0.483333 0.365104 0.484259 0.365625 0.483333 0.366146 0.483333 0.367188 0.481481 0.367708 0.481481 0.369271 0.478704 0.369792 0.478704 0.371354 0.475926 0.371875 0.475926 0.372917 0.474074 0.373437 0.474074 0.375000 0.471296 0.375521 0.471296 0.377083 0.468519 0.377604 0.468519 0.379688 0.464815 0.380208 0.464815 0.394792 0.438889 0.395313 0.438889 0.396354 0.437037 0.396875 0.437037 0.398438 0.434259 0.398958 0.434259 0.400000 0.432407 0.402083 0.432407 0.402604 0.433333 0.403125 0.433333 0.403646 0.434259 0.404167 0.434259 0.405208 0.436111 0.405729 0.436111 0.407292 0.438889 0.407813 0.438889 0.411458 0.445370 0.411979 0.445370 0.434375 0.485185 0.434896 0.485185 0.435417 0.486111 0.435937 0.486111 0.436458 0.487037 0.436979 0.487037 0.437500 0.486111 0.438021 0.486111 0.441146 0.480556 0.441146 0.479630 0.446354 0.470370 0.446354 0.469444 0.451562 0.460185 0.451562 0.459259 0.456771 0.450000 0.456771 0.449074 0.461458 0.440741 0.460417 0.442593 0.459896 0.442593 0.444271 0.470370 0.443750 0.470370 0.442708 0.472222 0.440625 0.472222 0.438542 0.468519 0.438021 0.468519 0.431771 0.457407 0.431771 0.456481 0.404687 0.408333 0.404687 0.407407
0 0.484115 0.438889 0.078646 0.090741 0.487500 0.393519 0.481250 0.404630 0.481250 0.405556 0.465104 0.434259 0.465104 0.435185 0.460417 0.443519 0.460417 0.444444 0.456250 0.451852 0.456250 0.452778 0.451562 0.461111 0.451562 0.462037 0.447396 0.469444 0.447396 0.470370 0.444792 0.475000 0.444792 0.479630 0.445833 0.481481 0.447917 0.481481 0.449479 0.478704 0.450000 0.478704 0.462500 0.456481 0.463021 0.456481 0.469271 0.445370 0.469792 0.445370 0.473438 0.438889 0.473958 0.438889 0.476042 0.435185 0.476562 0.435185 0.478125 0.432407 0.478646 0.432407 0.479167 0.431481 0.479687 0.431481 0.480208 0.430556 0.480729 0.430556 0.481250 0.429630 0.485417 0.429630 0.485938 0.430556 0.486458 0.430556 0.486979 0.431481 0.487500 0.431481 0.488021 0.432407 0.488542 0.432407 0.490625 0.436111 0.491146 0.436111 0.494271 0.441667 0.494792 0.441667 0.517708 0.482407 0.518229 0.482407 0.519271 0.484259 0.520833 0.484259 0.521354 0.483333 0.521875 0.483333 0.521875 0.482407 0.522396 0.481481 0.522396 0.480556 0.522917 0.479630 0.522917 0.477778 0.523438 0.476852 0.523438 0.475000 0.498958 0.431481 0.498958 0.430556 0.491146 0.416667 0.491146 0.415741 0.490625 0.414815 0.490625 0.411111 0.492188 0.408333 0.492188 0.407407 0.493750 0.404630 0.493750 0.403704 0.494271 0.402778 0.493750 0.401852 0.493229 0.401852 0.490625 0.397222 0.490104 0.397222 0.488542 0.394444 0.488021 0.394444
0 0.577865 0.441667 0.079687 0.094444 0.578646 0.394444 0.578125 0.395370 0.576562 0.395370 0.576042 0.396296 0.575521 0.396296 0.575000 0.397222 0.574479 0.397222 0.573958 0.398148 0.573438 0.398148 0.572396 0.400000 0.571875 0.400000 0.571875 0.402778 0.571354 0.403704 0.571354 0.410185 0.570833 0.411111 0.570833 0.416667 0.570312 0.417593 0.570312 0.418519 0.561458 0.434259 0.560937 0.434259 0.550521 0.452778 0.550000 0.452778 0.540104 0.470370 0.539583 0.470370 0.539583 0.472222 0.539062 0.473148 0.539062 0.475000 0.538542 0.475926 0.538542 0.477778 0.538021 0.478704 0.538021 0.484259 0.539062 0.486111 0.539583 0.486111 0.540104 0.487037 0.540625 0.487037 0.541667 0.485185 0.542188 0.485185 0.546875 0.476852 0.547396 0.476852 0.555729 0.462037 0.556250 0.462037 0.561458 0.452778 0.561979 0.452778 0.565625 0.446296 0.566146 0.446296 0.568229 0.442593 0.568750 0.442593 0.570833 0.438889 0.571354 0.438889 0.572396 0.437037 0.572917 0.437037 0.573958 0.435185 0.574479 0.435185 0.575000 0.434259 0.576042 0.434259 0.576562 0.433333 0.579688 0.433333 0.580208 0.434259 0.581250 0.434259 0.581771 0.435185 0.582292 0.435185 0.583333 0.437037 0.583854 0.437037 0.585938 0.440741 0.586458 0.440741 0.590625 0.448148 0.591146 0.448148 0.609375 0.480556 0.609375 0.481481 0.609896 0.482407 0.610417 0.482407 0.613542 0.487963 0.614062 0.487963 0.614583 0.488889 0.616146 0.488889 0.617708 0.486111 0.617708 0.483333 0.617188 0.482407 0.617188 0.478704 0.616667 0.477778 0.616667 0.474074 0.611979 0.465741 0.611979 0.464815 0.593750 0.432407 0.593750 0.431481 0.587500 0.420370 0.587500 0.419444 0.586458 0.417593 0.586458 0.401852 0.585938 0.400926 0.585417 0.400926 0.583854 0.398148 0.583333 0.398148 0.582812 0.397222 0.582292 0.397222 0.581771 0.396296 0.581250 0.396296 0.580729 0.395370 0.579167 0.395370
0 0.668229 0.452315 0.081250 0.095370 0.667708 0.404630 0.667188 0.405556 0.666146 0.405556 0.665104 0.407407 0.664583 0.407407 0.665104 0.408333 0.665104 0.409259 0.665625 0.410185 0.665625 0.411111 0.666667 0.412963 0.666667 0.413889 0.667708 0.415741 0.667708 0.416667 0.668229 0.417593 0.668229 0.419444 0.667708 0.420370 0.667708 0.421296 0.661979 0.431481 0.661458 0.431481 0.655208 0.442593 0.654687 0.442593 0.647917 0.454630 0.647396 0.454630 0.641146 0.465741 0.640625 0.465741 0.634375 0.476852 0.633854 0.476852 0.629167 0.485185 0.628646 0.485185 0.627604 0.487037 0.627604 0.487963 0.628125 0.488889 0.628125 0.491667 0.628646 0.492593 0.628646 0.494444 0.629167 0.495370 0.629167 0.496296 0.629687 0.496296 0.630208 0.497222 0.631771 0.497222 0.632292 0.496296 0.632812 0.496296 0.636458 0.489815 0.636979 0.489815 0.643229 0.478704 0.643750 0.478704 0.648438 0.470370 0.648958 0.470370 0.652604 0.463889 0.653125 0.463889 0.656250 0.458333 0.656771 0.458333 0.658854 0.454630 0.659375 0.454630 0.661458 0.450926 0.661979 0.450926 0.663021 0.449074 0.663542 0.449074 0.664583 0.447222 0.665104 0.447222 0.665625 0.446296 0.666146 0.446296 0.666667 0.445370 0.667188 0.445370 0.667708 0.444444 0.671875 0.444444 0.672396 0.445370 0.672917 0.445370 0.673438 0.446296 0.673958 0.446296 0.675000 0.448148 0.675521 0.448148 0.677604 0.451852 0.678125 0.451852 0.683854 0.462037 0.684375 0.462037 0.693750 0.478704 0.693750 0.479630 0.704167 0.498148 0.704688 0.498148 0.705208 0.499074 0.705729 0.499074 0.706250 0.500000 0.707292 0.500000 0.707812 0.499074 0.708333 0.499074 0.708333 0.498148 0.708854 0.497222 0.708854 0.494444 0.708333 0.493519 0.708333 0.492593 0.707292 0.490741 0.707292 0.489815 0.705729 0.487037 0.705729 0.486111 0.704688 0.484259 0.704688 0.483333 0.703646 0.481481 0.703646 0.480556 0.702083 0.477778 0.702083 0.476852 0.701042 0.475000 0.701042 0.474074 0.699479 0.471296 0.699479 0.470370 0.695833 0.463889 0.695833 0.462963 0.688542 0.450000 0.688542 0.449074 0.686979 0.446296 0.686979 0.445370 0.685937 0.443519 0.685937 0.442593 0.684896 0.440741 0.684896 0.439815 0.683333 0.437037 0.683333 0.436111 0.682292 0.434259 0.682292 0.433333 0.681250 0.431481 0.681250 0.430556 0.680208 0.428704 0.680208 0.427778 0.678646 0.425000 0.678646 0.424074 0.677604 0.422222 0.677604 0.421296 0.676562 0.419444 0.676562 0.418519 0.675521 0.416667 0.675521 0.415741 0.672396 0.410185 0.672396 0.409259 0.669792 0.404630
0 0.362500 0.435185 0.088542 0.083333 0.403125 0.393519 0.402604 0.394444 0.402083 0.394444 0.401042 0.396296 0.400521 0.396296 0.400000 0.397222 0.399479 0.397222 0.398438 0.399074 0.397917 0.399074 0.397396 0.400000 0.396875 0.400000 0.395833 0.401852 0.395313 0.401852 0.394792 0.402778 0.394271 0.402778 0.393229 0.404630 0.392708 0.404630 0.391667 0.406481 0.391146 0.406481 0.374479 0.436111 0.373958 0.436111 0.370312 0.442593 0.369792 0.442593 0.368750 0.444444 0.367188 0.444444 0.366667 0.443519 0.366146 0.443519 0.365625 0.442593 0.365625 0.441667 0.365104 0.440741 0.365104 0.437037 0.366667 0.434259 0.366667 0.433333 0.367708 0.431481 0.366667 0.433333 0.366146 0.433333 0.365625 0.434259 0.365104 0.434259 0.364063 0.436111 0.363542 0.436111 0.362500 0.437963 0.361979 0.437963 0.361458 0.438889 0.360938 0.438889 0.359896 0.440741 0.359375 0.440741 0.358854 0.441667 0.356771 0.441667 0.355729 0.439815 0.355208 0.439815 0.335417 0.404630 0.334896 0.404630 0.330729 0.397222 0.330208 0.397222 0.329688 0.396296 0.328646 0.396296 0.328125 0.397222 0.327083 0.397222 0.326562 0.398148 0.326042 0.398148 0.325521 0.399074 0.325000 0.399074 0.324479 0.400000 0.323437 0.400000 0.322917 0.400926 0.322396 0.400926 0.321875 0.401852 0.321354 0.401852 0.320833 0.402778 0.320312 0.402778 0.319792 0.403704 0.319271 0.403704 0.318750 0.404630 0.318750 0.405556 0.318229 0.406481 0.318229 0.407407 0.318750 0.408333 0.318750 0.409259 0.320312 0.412037 0.320312 0.412963 0.356250 0.476852 0.358333 0.476852 0.358854 0.475926 0.359375 0.475926 0.360938 0.473148 0.361458 0.473148 0.362500 0.471296 0.363021 0.471296 0.364063 0.469444 0.364583 0.469444 0.365625 0.467593 0.366146 0.467593 0.367708 0.464815 0.368229 0.464815 0.369271 0.462963 0.369792 0.462963 0.370833 0.461111 0.371354 0.461111 0.397917 0.413889 0.398438 0.413889 0.399479 0.412037 0.400000 0.412037 0.401042 0.410185 0.401562 0.410185 0.402604 0.408333 0.403125 0.408333 0.404167 0.406481 0.403125 0.404630 0.403125 0.403704 0.402604 0.402778 0.402604 0.401852 0.403125 0.400926 0.403125 0.400000 0.404167 0.398148 0.404687 0.398148 0.405729 0.396296 0.406250 0.396296 0.406771 0.395370 0.406250 0.394444 0.405729 0.394444 0.405208 0.393519
0 0.444792 0.431481 0.083333 0.079630 0.482292 0.391667 0.481771 0.392593 0.481250 0.392593 0.480729 0.393519 0.480208 0.393519 0.479687 0.394444 0.479167 0.394444 0.478646 0.395370 0.478125 0.395370 0.476562 0.398148 0.476042 0.398148 0.473438 0.402778 0.472917 0.402778 0.468229 0.411111 0.467708 0.411111 0.456250 0.431481 0.455729 0.431481 0.448437 0.444444 0.446354 0.444444 0.444792 0.441667 0.444792 0.440741 0.444271 0.439815 0.444271 0.438889 0.440104 0.446296 0.439583 0.446296 0.439063 0.447222 0.438542 0.447222 0.438021 0.446296 0.437500 0.446296 0.436979 0.445370 0.436458 0.445370 0.414062 0.405556 0.413542 0.405556 0.409896 0.399074 0.409375 0.399074 0.407813 0.396296 0.406771 0.396296 0.406250 0.397222 0.405729 0.397222 0.404687 0.399074 0.404167 0.399074 0.403646 0.400000 0.403646 0.400926 0.403125 0.401852 0.403125 0.402778 0.403646 0.403704 0.403646 0.404630 0.405208 0.407407 0.405208 0.408333 0.432292 0.456481 0.432292 0.457407 0.438021 0.467593 0.438542 0.467593 0.440625 0.471296 0.442708 0.471296 0.443750 0.469444 0.444271 0.469444 0.459896 0.441667 0.460417 0.441667 0.480729 0.405556 0.480729 0.404630 0.484896 0.397222 0.484896 0.396296 0.486458 0.393519 0.486458 0.392593 0.485938 0.392593 0.485417 0.391667
0 0.531250 0.442593 0.080208 0.083333 0.571354 0.400926 0.570312 0.402778 0.569792 0.402778 0.567187 0.407407 0.566667 0.407407 0.563542 0.412963 0.563021 0.412963 0.557813 0.422222 0.557292 0.422222 0.548438 0.437963 0.547917 0.437963 0.542188 0.448148 0.541667 0.448148 0.541146 0.449074 0.540625 0.449074 0.540104 0.448148 0.539583 0.448148 0.538021 0.445370 0.538021 0.440741 0.538542 0.439815 0.538542 0.437963 0.539062 0.437037 0.539062 0.436111 0.532292 0.448148 0.531771 0.448148 0.530729 0.450000 0.528646 0.450000 0.527604 0.448148 0.527083 0.448148 0.523438 0.441667 0.523438 0.442593 0.522917 0.443519 0.522917 0.444444 0.521875 0.446296 0.519271 0.446296 0.517708 0.443519 0.517188 0.443519 0.506771 0.425000 0.506771 0.424074 0.503125 0.417593 0.502604 0.417593 0.494792 0.403704 0.494271 0.403704 0.494271 0.404630 0.492708 0.407407 0.492708 0.408333 0.491146 0.411111 0.491146 0.414815 0.491667 0.415741 0.491667 0.416667 0.499479 0.430556 0.499479 0.431481 0.528646 0.483333 0.529167 0.483333 0.529687 0.484259 0.530208 0.484259 0.530729 0.483333 0.531250 0.483333 0.532292 0.481481 0.532813 0.481481 0.539583 0.469444 0.540104 0.469444 0.550000 0.451852 0.550521 0.451852 0.560937 0.433333 0.561458 0.433333 0.569792 0.418519 0.569792 0.417593 0.570312 0.416667 0.570312 0.411111 0.570833 0.410185 0.570833 0.403704 0.571354 0.402778
0 0.627344 0.444907 0.080729 0.084259 0.586979 0.402778 0.586979 0.417593 0.588021 0.419444 0.588021 0.420370 0.594271 0.431481 0.594271 0.432407 0.612500 0.464815 0.612500 0.465741 0.623958 0.486111 0.624479 0.486111 0.625000 0.487037 0.627083 0.487037 0.628646 0.484259 0.629167 0.484259 0.633854 0.475926 0.634375 0.475926 0.640625 0.464815 0.641146 0.464815 0.647396 0.453704 0.647917 0.453704 0.654687 0.441667 0.655208 0.441667 0.661458 0.430556 0.661979 0.430556 0.667188 0.421296 0.667188 0.420370 0.667708 0.419444 0.667708 0.417593 0.667188 0.416667 0.667188 0.415741 0.666146 0.413889 0.666146 0.412963 0.665104 0.411111 0.665104 0.410185 0.664583 0.409259 0.664583 0.408333 0.663542 0.408333 0.661979 0.411111 0.661458 0.411111 0.659896 0.413889 0.659375 0.413889 0.656771 0.418519 0.656250 0.418519 0.653125 0.424074 0.652604 0.424074 0.648438 0.431481 0.647917 0.431481 0.642708 0.440741 0.642188 0.440741 0.635938 0.451852 0.635417 0.451852 0.632292 0.457407 0.630208 0.457407 0.628125 0.453704 0.628125 0.450926 0.627604 0.450000 0.627604 0.449074 0.627083 0.449074 0.626563 0.450000 0.626042 0.450000 0.625521 0.449074 0.625000 0.449074 0.617188 0.435185 0.617708 0.436111 0.617708 0.439815 0.618229 0.440741 0.618229 0.443519 0.618750 0.444444 0.618750 0.447222 0.617188 0.450000 0.616667 0.450000 0.616146 0.450926 0.615104 0.450926 0.614583 0.450000 0.614062 0.450000 0.589583 0.406481 0.589063 0.406481
0 0.720052 0.453704 0.097396 0.124074 0.729167 0.391667 0.727604 0.394444 0.727083 0.394444 0.721875 0.403704 0.721354 0.403704 0.716667 0.412037 0.716146 0.412037 0.712500 0.418519 0.711979 0.418519 0.708854 0.424074 0.708333 0.424074 0.706250 0.427778 0.705729 0.427778 0.704688 0.429630 0.704167 0.429630 0.703125 0.431481 0.702604 0.431481 0.701562 0.433333 0.700521 0.433333 0.700521 0.434259 0.701562 0.436111 0.701562 0.437037 0.703646 0.440741 0.703646 0.441667 0.705729 0.445370 0.705729 0.446296 0.708333 0.450926 0.708333 0.451852 0.708854 0.452778 0.708854 0.453704 0.709375 0.454630 0.708854 0.455556 0.708854 0.456481 0.707292 0.459259 0.705208 0.459259 0.704688 0.458333 0.704167 0.458333 0.678646 0.412963 0.678125 0.412963 0.676042 0.409259 0.675521 0.409259 0.673958 0.406481 0.673438 0.406481 0.672917 0.405556 0.672396 0.405556 0.671875 0.404630 0.671354 0.404630 0.672396 0.406481 0.672396 0.407407 0.673438 0.409259 0.673438 0.410185 0.675000 0.412963 0.675000 0.413889 0.676042 0.415741 0.676042 0.416667 0.677083 0.418519 0.677083 0.419444 0.678125 0.421296 0.678125 0.422222 0.679167 0.424074 0.679167 0.425000 0.680729 0.427778 0.680729 0.428704 0.681771 0.430556 0.681771 0.431481 0.682813 0.433333 0.682813 0.434259 0.683854 0.436111 0.683854 0.437037 0.685417 0.439815 0.685417 0.440741 0.686458 0.442593 0.686458 0.443519 0.687500 0.445370 0.687500 0.446296 0.689063 0.449074 0.689063 0.450000 0.696354 0.462963 0.696354 0.463889 0.709896 0.487963 0.709896 0.488889 0.724479 0.514815 0.725000 0.514815 0.725521 0.515741 0.727083 0.515741 0.728125 0.513889 0.728646 0.513889 0.731250 0.509259 0.731771 0.509259 0.735938 0.501852 0.736458 0.501852 0.740625 0.494444 0.741146 0.494444 0.745833 0.486111 0.746354 0.486111 0.750521 0.478704 0.751042 0.478704 0.755208 0.471296 0.755729 0.471296 0.760417 0.462963 0.760938 0.462963 0.765625 0.454630 0.766146 0.454630 0.768229 0.450926 0.768229 0.450000 0.768750 0.449074 0.768750 0.445370 0.767188 0.442593 0.766667 0.442593 0.764583 0.438889 0.764062 0.438889 0.761979 0.435185 0.761458 0.435185 0.759375 0.431481 0.758854 0.431481 0.756771 0.427778 0.756250 0.427778 0.754167 0.424074 0.753646 0.424074 0.751563 0.420370 0.751042 0.420370 0.748958 0.416667 0.748437 0.416667 0.746875 0.413889 0.746354 0.413889 0.744271 0.410185 0.743750 0.410185 0.741667 0.406481 0.741146 0.406481 0.739062 0.402778 0.738542 0.402778 0.736458 0.399074 0.735938 0.399074 0.733854 0.395370 0.733333 0.395370 0.731250 0.391667
0 0.328125 0.404167 0.084375 0.073148 0.322917 0.367593 0.322396 0.368519 0.321354 0.368519 0.320833 0.369444 0.320312 0.369444 0.305208 0.396296 0.305208 0.397222 0.289583 0.425000 0.289583 0.425926 0.286458 0.431481 0.286458 0.432407 0.285938 0.433333 0.285938 0.436111 0.287500 0.438889 0.289062 0.438889 0.289583 0.437963 0.290104 0.437963 0.290625 0.437037 0.291146 0.437037 0.300000 0.421296 0.300521 0.421296 0.301042 0.420370 0.301563 0.420370 0.302083 0.419444 0.303125 0.419444 0.303646 0.418519 0.304167 0.418519 0.304688 0.417593 0.305208 0.417593 0.305729 0.416667 0.306250 0.416667 0.306771 0.415741 0.307292 0.415741 0.307812 0.414815 0.308333 0.414815 0.308854 0.413889 0.309896 0.413889 0.310417 0.412963 0.310937 0.412963 0.311458 0.412037 0.311979 0.412037 0.312500 0.411111 0.313021 0.411111 0.313542 0.410185 0.314063 0.410185 0.314583 0.409259 0.315625 0.409259 0.316146 0.408333 0.316667 0.408333 0.317188 0.407407 0.317708 0.407407 0.317708 0.406481 0.318229 0.405556 0.318229 0.404630 0.319271 0.402778 0.319792 0.402778 0.320312 0.401852 0.320833 0.401852 0.321354 0.400926 0.321875 0.400926 0.322396 0.400000 0.322917 0.400000 0.323437 0.399074 0.324479 0.399074 0.325000 0.398148 0.325521 0.398148 0.326042 0.397222 0.326562 0.397222 0.327083 0.396296 0.328125 0.396296 0.328646 0.395370 0.329688 0.395370 0.330208 0.396296 0.330729 0.396296 0.334896 0.403704 0.335417 0.403704 0.355208 0.438889 0.355729 0.438889 0.356771 0.440741 0.358854 0.440741 0.359375 0.439815 0.359896 0.439815 0.360938 0.437963 0.361458 0.437963 0.361979 0.437037 0.362500 0.437037 0.363542 0.435185 0.364063 0.435185 0.365104 0.433333 0.365625 0.433333 0.366146 0.432407 0.366667 0.432407 0.367708 0.430556 0.368229 0.430556 0.370312 0.426852 0.369271 0.428704 0.368750 0.428704 0.368229 0.429630 0.367708 0.429630 0.366667 0.431481 0.366146 0.431481 0.365625 0.432407 0.365104 0.432407 0.364063 0.434259 0.363542 0.434259 0.363021 0.435185 0.362500 0.435185 0.361979 0.436111 0.360938 0.436111 0.359375 0.433333 0.358854 0.433333 0.335938 0.392593 0.335938 0.391667 0.323437 0.369444 0.323437 0.368519
0 0.417448 0.408796 0.103646 0.075000 0.403646 0.371296 0.403125 0.372222 0.402604 0.372222 0.402083 0.373148 0.401562 0.373148 0.400521 0.375000 0.400000 0.375000 0.367188 0.433333 0.367188 0.434259 0.365625 0.437037 0.365625 0.440741 0.366146 0.441667 0.366146 0.442593 0.366667 0.442593 0.367188 0.443519 0.368750 0.443519 0.369792 0.441667 0.370312 0.441667 0.373958 0.435185 0.374479 0.435185 0.391146 0.405556 0.391667 0.405556 0.392708 0.403704 0.393229 0.403704 0.394271 0.401852 0.394792 0.401852 0.395313 0.400926 0.395833 0.400926 0.396875 0.399074 0.397396 0.399074 0.397917 0.398148 0.398438 0.398148 0.399479 0.396296 0.400000 0.396296 0.400521 0.395370 0.401042 0.395370 0.402083 0.393519 0.402604 0.393519 0.403125 0.392593 0.405208 0.392593 0.405729 0.393519 0.406250 0.393519 0.407292 0.395370 0.407813 0.395370 0.409375 0.398148 0.409896 0.398148 0.413542 0.404630 0.414062 0.404630 0.436458 0.444444 0.436979 0.444444 0.437500 0.445370 0.438021 0.445370 0.438542 0.446296 0.439063 0.446296 0.439583 0.445370 0.440104 0.445370 0.445833 0.435185 0.445833 0.434259 0.457813 0.412963 0.458333 0.412963 0.469271 0.393519 0.469271 0.391667 0.468750 0.391667 0.461979 0.403704 0.461458 0.403704 0.451562 0.421296 0.451042 0.421296 0.443750 0.434259 0.443229 0.434259 0.442188 0.436111 0.440104 0.436111 0.436458 0.429630 0.435937 0.429630 0.434896 0.427778 0.434896 0.426852 0.404167 0.372222 0.404167 0.371296
0 0.483854 0.390278 0.078125 0.110185 0.504167 0.335185 0.503646 0.336111 0.503125 0.336111 0.498437 0.344444 0.497917 0.344444 0.483854 0.369444 0.483333 0.369444 0.458333 0.413889 0.457813 0.413889 0.446354 0.434259 0.446354 0.435185 0.444792 0.437963 0.444792 0.439815 0.445312 0.440741 0.445312 0.441667 0.446354 0.443519 0.448437 0.443519 0.455729 0.430556 0.456250 0.430556 0.467708 0.410185 0.468229 0.410185 0.472917 0.401852 0.473438 0.401852 0.476042 0.397222 0.476562 0.397222 0.478125 0.394444 0.478646 0.394444 0.479167 0.393519 0.479687 0.393519 0.480208 0.392593 0.480729 0.392593 0.481250 0.391667 0.481771 0.391667 0.482292 0.390741 0.485417 0.390741 0.485938 0.391667 0.486458 0.391667 0.486979 0.392593 0.487500 0.392593 0.488021 0.393519 0.488542 0.393519 0.490104 0.396296 0.490625 0.396296 0.493229 0.400926 0.493750 0.400926 0.502604 0.416667 0.503125 0.416667 0.507292 0.424074 0.507292 0.425000 0.517188 0.442593 0.517708 0.442593 0.519271 0.445370 0.521875 0.445370 0.522396 0.444444 0.522396 0.443519 0.522917 0.442593 0.522917 0.440741 0.515104 0.426852 0.515104 0.425926 0.492188 0.385185 0.492188 0.384259 0.490104 0.380556 0.490104 0.379630 0.489583 0.378704 0.489583 0.375926 0.490104 0.375000 0.490104 0.374074 0.495312 0.364815 0.495312 0.363889 0.500000 0.355556 0.500000 0.354630 0.505208 0.345370 0.505208 0.344444 0.507812 0.339815 0.505729 0.336111 0.505208 0.336111 0.504687 0.335185
0 0.578385 0.393056 0.079687 0.113889 0.580208 0.336111 0.579688 0.337037 0.579167 0.337037 0.577604 0.339815 0.577083 0.339815 0.573438 0.346296 0.573438 0.351852 0.572917 0.352778 0.572917 0.358333 0.572396 0.359259 0.572396 0.365741 0.571875 0.366667 0.571875 0.372222 0.571354 0.373148 0.571354 0.378704 0.570833 0.379630 0.570833 0.381481 0.569792 0.383333 0.569792 0.384259 0.565104 0.392593 0.564583 0.392593 0.552604 0.413889 0.552083 0.413889 0.540104 0.435185 0.539583 0.435185 0.539583 0.437037 0.539062 0.437963 0.539062 0.439815 0.538542 0.440741 0.538542 0.445370 0.539583 0.447222 0.540104 0.447222 0.540625 0.448148 0.541146 0.448148 0.541667 0.447222 0.542188 0.447222 0.547917 0.437037 0.548438 0.437037 0.557292 0.421296 0.557813 0.421296 0.563021 0.412037 0.563542 0.412037 0.566667 0.406481 0.567187 0.406481 0.569792 0.401852 0.570312 0.401852 0.571875 0.399074 0.572396 0.399074 0.573438 0.397222 0.573958 0.397222 0.574479 0.396296 0.575000 0.396296 0.575521 0.395370 0.576042 0.395370 0.576562 0.394444 0.578125 0.394444 0.578646 0.393519 0.579167 0.394444 0.580729 0.394444 0.581250 0.395370 0.581771 0.395370 0.582292 0.396296 0.582812 0.396296 0.583333 0.397222 0.583854 0.397222 0.585417 0.400000 0.585938 0.400000 0.589063 0.405556 0.589583 0.405556 0.614062 0.449074 0.614583 0.449074 0.615104 0.450000 0.616146 0.450000 0.616667 0.449074 0.617188 0.449074 0.618229 0.447222 0.618229 0.444444 0.617708 0.443519 0.617708 0.440741 0.617188 0.439815 0.617188 0.436111 0.616667 0.435185 0.616667 0.434259 0.609375 0.421296 0.609375 0.420370 0.592708 0.390741 0.592708 0.389815 0.588021 0.381481 0.588021 0.380556 0.586979 0.378704 0.586979 0.346296 0.581771 0.337037 0.581250 0.337037 0.580729 0.336111
0 0.668490 0.401389 0.080729 0.113889 0.654167 0.344444 0.655729 0.347222 0.655729 0.348148 0.657292 0.350926 0.657292 0.351852 0.658854 0.354630 0.658854 0.355556 0.660937 0.359259 0.660937 0.360185 0.662500 0.362963 0.662500 0.363889 0.664062 0.366667 0.664062 0.367593 0.665625 0.370370 0.665625 0.371296 0.667188 0.374074 0.667188 0.375000 0.668750 0.377778 0.668750 0.380556 0.668229 0.381481 0.668229 0.382407 0.661458 0.394444 0.660937 0.394444 0.654167 0.406481 0.653646 0.406481 0.646354 0.419444 0.645833 0.419444 0.639062 0.431481 0.638542 0.431481 0.631771 0.443519 0.631250 0.443519 0.628646 0.448148 0.628125 0.448148 0.628125 0.450000 0.628646 0.450926 0.628646 0.453704 0.630208 0.456481 0.632292 0.456481 0.635417 0.450926 0.635938 0.450926 0.642188 0.439815 0.642708 0.439815 0.647917 0.430556 0.648438 0.430556 0.652604 0.423148 0.653125 0.423148 0.656250 0.417593 0.656771 0.417593 0.659375 0.412963 0.659896 0.412963 0.661458 0.410185 0.661979 0.410185 0.663542 0.407407 0.664062 0.407407 0.664583 0.406481 0.665104 0.406481 0.666146 0.404630 0.667188 0.404630 0.667708 0.403704 0.671875 0.403704 0.672396 0.404630 0.672917 0.404630 0.673438 0.405556 0.673958 0.405556 0.675521 0.408333 0.676042 0.408333 0.678125 0.412037 0.678646 0.412037 0.704167 0.457407 0.704688 0.457407 0.705208 0.458333 0.707292 0.458333 0.708333 0.456481 0.708333 0.455556 0.708854 0.454630 0.708333 0.453704 0.708333 0.452778 0.707812 0.451852 0.707812 0.450926 0.705208 0.446296 0.705208 0.445370 0.703125 0.441667 0.703125 0.440741 0.701042 0.437037 0.701042 0.436111 0.698438 0.431481 0.698438 0.430556 0.696354 0.426852 0.696354 0.425926 0.693750 0.421296 0.693750 0.420370 0.691667 0.416667 0.691667 0.415741 0.689583 0.412037 0.689583 0.411111 0.686979 0.406481 0.686979 0.405556 0.684896 0.401852 0.684896 0.400926 0.682292 0.396296 0.682292 0.395370 0.670833 0.375000 0.670833 0.374074 0.658333 0.351852 0.658333 0.350926 0.655729 0.346296 0.655208 0.346296