0 0.275781 0.547222 0.080729 0.094444 0.302604 0.500000 0.272396 0.553704 0.271875 0.553704 0.269271 0.558333 0.266667 0.558333 0.262500 0.550926 0.261979 0.550926 0.253646 0.536111 0.253125 0.536111 0.244271 0.520370 0.243750 0.520370 0.241667 0.516667 0.240625 0.518519 0.240104 0.518519 0.235937 0.525926 0.235937 0.526852 0.235417 0.527778 0.235417 0.530556 0.235937 0.531481 0.235937 0.532407 0.236979 0.534259 0.237500 0.534259 0.240104 0.538889 0.240104 0.539815 0.240625 0.539815 0.246354 0.550000 0.246875 0.550000 0.252083 0.559259 0.252604 0.559259 0.258333 0.569444 0.258854 0.569444 0.264062 0.578704 0.264583 0.578704 0.270313 0.588889 0.270833 0.588889 0.273958 0.594444 0.274479 0.593519 0.278125 0.593519 0.278646 0.592593 0.280208 0.592593 0.306250 0.546296 0.306250 0.545370 0.314063 0.531481 0.314063 0.530556 0.315104 0.528704 0.315104 0.527778 0.316146 0.525926 0.316146 0.521296 0.315104 0.519444 0.315104 0.518519 0.314583 0.517593 0.314583 0.512963 0.314063 0.512037 0.309896 0.512037 0.309375 0.512963 0.308854 0.512963 0.308333 0.513889 0.307812 0.513889 0.306771 0.515741 0.306250 0.515741 0.305208 0.517593 0.304688 0.517593 0.302604 0.521296 0.302083 0.521296 0.297917 0.528704 0.297396 0.528704 0.286979 0.547222 0.286458 0.547222 0.276562 0.564815 0.275521 0.564815 0.273438 0.561111 0.273438 0.557407 0.285938 0.535185 0.285938 0.534259 0.304167 0.501852 0.304167 0.500000
0 0.273177 0.512963 0.091146 0.090741 0.315104 0.467593 0.314583 0.468519 0.313021 0.468519 0.312500 0.469444 0.311979 0.469444 0.311458 0.470370 0.310937 0.470370 0.309896 0.472222 0.309375 0.472222 0.307292 0.475926 0.306771 0.475926 0.298958 0.489815 0.298438 0.489815 0.286979 0.510185 0.286458 0.510185 0.280729 0.520370 0.278646 0.520370 0.277083 0.517593 0.277083 0.516667 0.276562 0.515741 0.276562 0.513889 0.277604 0.512037 0.277604 0.511111 0.295312 0.479630 0.290104 0.488889 0.289583 0.488889 0.284375 0.498148 0.283854 0.498148 0.279167 0.506481 0.278646 0.506481 0.273438 0.515741 0.272917 0.515741 0.267708 0.525000 0.267188 0.525000 0.263021 0.532407 0.262500 0.532407 0.261458 0.534259 0.260417 0.534259 0.259896 0.533333 0.259375 0.533333 0.258333 0.531481 0.257812 0.531481 0.252083 0.521296 0.251563 0.521296 0.242708 0.505556 0.242188 0.505556 0.233854 0.490741 0.233333 0.490741 0.230208 0.485185 0.229687 0.485185 0.229167 0.486111 0.228646 0.486111 0.227604 0.487963 0.227604 0.491667 0.228125 0.492593 0.228125 0.493519 0.233854 0.503704 0.234375 0.503704 0.243229 0.519444 0.243750 0.519444 0.252604 0.535185 0.253125 0.535185 0.261458 0.550000 0.261979 0.550000 0.266146 0.557407 0.266667 0.557407 0.267188 0.558333 0.269271 0.558333 0.272396 0.552778 0.272917 0.552778 0.314063 0.479630 0.314063 0.478704 0.318750 0.470370 0.318750 0.469444 0.318229 0.469444 0.317708 0.468519 0.316667 0.468519 0.316146 0.467593
0 0.269792 0.482407 0.101042 0.101852 0.314583 0.431481 0.311979 0.436111 0.311458 0.436111 0.308333 0.441667 0.307812 0.441667 0.305208 0.446296 0.304688 0.446296 0.303125 0.449074 0.302604 0.449074 0.299479 0.454630 0.298958 0.454630 0.296354 0.459259 0.295833 0.459259 0.292708 0.464815 0.292187 0.464815 0.289583 0.469444 0.289062 0.469444 0.285938 0.475000 0.285417 0.475000 0.282813 0.479630 0.282292 0.479630 0.279687 0.484259 0.279167 0.484259 0.278646 0.485185 0.278125 0.485185 0.277604 0.484259 0.277083 0.484259 0.275521 0.481481 0.275521 0.480556 0.275000 0.479630 0.275521 0.478704 0.275521 0.477778 0.276042 0.476852 0.275521 0.477778 0.275000 0.477778 0.272396 0.482407 0.271875 0.482407 0.269792 0.486111 0.269271 0.486111 0.267188 0.489815 0.266667 0.489815 0.264583 0.493519 0.264062 0.493519 0.261458 0.498148 0.260937 0.498148 0.259375 0.500926 0.258333 0.500926 0.257812 0.501852 0.257292 0.500926 0.256771 0.500926 0.255729 0.499074 0.255208 0.499074 0.250000 0.489815 0.249479 0.489815 0.241146 0.475000 0.240625 0.475000 0.232813 0.461111 0.232292 0.461111 0.227604 0.452778 0.226562 0.452778 0.225521 0.454630 0.225000 0.454630 0.224479 0.455556 0.223958 0.455556 0.222917 0.457407 0.222396 0.457407 0.221875 0.458333 0.221354 0.458333 0.220312 0.460185 0.219792 0.460185 0.219271 0.461111 0.219271 0.464815 0.220312 0.466667 0.220312 0.467593 0.223958 0.474074 0.224479 0.474074 0.233333 0.489815 0.233854 0.489815 0.242188 0.504630 0.242708 0.504630 0.251563 0.520370 0.252083 0.520370 0.257812 0.530556 0.258333 0.530556 0.259375 0.532407 0.259896 0.532407 0.260417 0.533333 0.261458 0.533333 0.262500 0.531481 0.263021 0.531481 0.267188 0.524074 0.267708 0.524074 0.272917 0.514815 0.273438 0.514815 0.278646 0.505556 0.279167 0.505556 0.283854 0.497222 0.284375 0.497222 0.289583 0.487963 0.290104 0.487963 0.295312 0.478704 0.295833 0.478704 0.312500 0.449074 0.313021 0.449074 0.317708 0.440741 0.318229 0.440741 0.319271 0.438889 0.319271 0.437963 0.320312 0.436111 0.319792 0.435185 0.319271 0.435185 0.318750 0.434259 0.318229 0.434259 0.317188 0.432407 0.316146 0.432407 0.315625 0.431481
0 0.269010 0.447685 0.104688 0.106481 0.318229 0.394444 0.317708 0.395370 0.317188 0.395370 0.315625 0.398148 0.315104 0.398148 0.313542 0.400926 0.313021 0.400926 0.311979 0.402778 0.311458 0.402778 0.309896 0.405556 0.309375 0.405556 0.307812 0.408333 0.307292 0.408333 0.305729 0.411111 0.305208 0.411111 0.304167 0.412963 0.303646 0.412963 0.302083 0.415741 0.301563 0.415741 0.300000 0.418519 0.299479 0.418519 0.297917 0.421296 0.297396 0.421296 0.296354 0.423148 0.295833 0.423148 0.294271 0.425926 0.293750 0.425926 0.292187 0.428704 0.291667 0.428704 0.288021 0.435185 0.287500 0.435185 0.285938 0.437963 0.285417 0.437963 0.283854 0.440741 0.283333 0.440741 0.281771 0.443519 0.281250 0.443519 0.280208 0.445370 0.279687 0.445370 0.279167 0.446296 0.278125 0.446296 0.277604 0.445370 0.277083 0.445370 0.276562 0.444444 0.275521 0.444444 0.274479 0.446296 0.273958 0.446296 0.272396 0.449074 0.271875 0.449074 0.270313 0.451852 0.269792 0.451852 0.268750 0.453704 0.268229 0.453704 0.266667 0.456481 0.266146 0.456481 0.265104 0.458333 0.264583 0.458333 0.263021 0.461111 0.262500 0.461111 0.261458 0.462963 0.260937 0.462963 0.259375 0.465741 0.258854 0.465741 0.257812 0.467593 0.257292 0.467593 0.255729 0.470370 0.255208 0.470370 0.254167 0.472222 0.253646 0.472222 0.252083 0.475000 0.251042 0.475000 0.250521 0.475926 0.250000 0.475000 0.249479 0.475000 0.248958 0.474074 0.248438 0.474074 0.244792 0.467593 0.244271 0.467593 0.237500 0.455556 0.236979 0.455556 0.230208 0.443519 0.229687 0.443519 0.222917 0.431481 0.222396 0.431481 0.219792 0.426852 0.218750 0.426852 0.218229 0.427778 0.217708 0.427778 0.216667 0.429630 0.216667 0.432407 0.217188 0.433333 0.217188 0.434259 0.223438 0.445370 0.223958 0.445370 0.232292 0.460185 0.232813 0.460185 0.240625 0.474074 0.241146 0.474074 0.249479 0.488889 0.250000 0.488889 0.255208 0.498148 0.255729 0.498148 0.256771 0.500000 0.257292 0.500000 0.257812 0.500926 0.258333 0.500000 0.259375 0.500000 0.260937 0.497222 0.261458 0.497222 0.264062 0.492593 0.264583 0.492593 0.266667 0.488889 0.267188 0.488889 0.269271 0.485185 0.269792 0.485185 0.271875 0.481481 0.272396 0.481481 0.275000 0.476852 0.275521 0.476852 0.296354 0.439815 0.296354 0.438889 0.310417 0.413889 0.310937 0.413889 0.315625 0.405556 0.316146 0.405556 0.317708 0.402778 0.318229 0.402778 0.319792 0.400000 0.320312 0.400000 0.321354 0.398148 0.320833 0.397222 0.320312 0.397222 0.319271 0.395370 0.318750 0.395370
0 0.266146 0.416204 0.115625 0.117593 0.323958 0.357407 0.323437 0.358333 0.322917 0.358333 0.321875 0.360185 0.321354 0.360185 0.320312 0.362037 0.319792 0.362037 0.319271 0.362963 0.318750 0.362963 0.317708 0.364815 0.317188 0.364815 0.316146 0.366667 0.315625 0.366667 0.315104 0.367593 0.314583 0.367593 0.313542 0.369444 0.313021 0.369444 0.311979 0.371296 0.311458 0.371296 0.310937 0.372222 0.310417 0.372222 0.309375 0.374074 0.308854 0.374074 0.307812 0.375926 0.307292 0.375926 0.306771 0.376852 0.306250 0.376852 0.305208 0.378704 0.304688 0.378704 0.303646 0.380556 0.303125 0.380556 0.302604 0.381481 0.302083 0.381481 0.301042 0.383333 0.300521 0.383333 0.299479 0.385185 0.298958 0.385185 0.298438 0.386111 0.297917 0.386111 0.296875 0.387963 0.296354 0.387963 0.295312 0.389815 0.294792 0.389815 0.294271 0.390741 0.293750 0.390741 0.292708 0.392593 0.292187 0.392593 0.291667 0.393519 0.291146 0.393519 0.290104 0.395370 0.289583 0.395370 0.289062 0.396296 0.288542 0.396296 0.287500 0.394444 0.286979 0.394444 0.283854 0.388889 0.283333 0.388889 0.278646 0.380556 0.278125 0.380556 0.270313 0.366667 0.269792 0.366667 0.266146 0.360185 0.265625 0.360185 0.264583 0.358333 0.263542 0.358333 0.263021 0.359259 0.262500 0.359259 0.261979 0.360185 0.261458 0.360185 0.260937 0.361111 0.259896 0.361111 0.259375 0.362037 0.258854 0.362037 0.258333 0.362963 0.257812 0.362963 0.257292 0.363889 0.256771 0.363889 0.256250 0.364815 0.255208 0.364815 0.254688 0.365741 0.254167 0.365741 0.253646 0.366667 0.253125 0.366667 0.252604 0.367593 0.252083 0.367593 0.251563 0.368519 0.250521 0.368519 0.250000 0.369444 0.249479 0.369444 0.248958 0.370370 0.248438 0.370370 0.247917 0.371296 0.247396 0.371296 0.246875 0.372222 0.245833 0.372222 0.245312 0.373148 0.244792 0.373148 0.244271 0.374074 0.243750 0.374074 0.243229 0.375000 0.242708 0.375000 0.242188 0.375926 0.241667 0.375926 0.241146 0.376852 0.240104 0.376852 0.239583 0.377778 0.239063 0.377778 0.238542 0.378704 0.238021 0.378704 0.237500 0.379630 0.236979 0.379630 0.236458 0.380556 0.235417 0.380556 0.234896 0.381481 0.234375 0.381481 0.233854 0.382407 0.233333 0.382407 0.232813 0.383333 0.232292 0.383333 0.231771 0.384259 0.230729 0.384259 0.230208 0.385185 0.229687 0.385185 0.229167 0.386111 0.228646 0.386111 0.228125 0.387037 0.227604 0.387037 0.227083 0.387963 0.226562 0.387963 0.226042 0.388889 0.225000 0.388889 0.224479 0.389815 0.223958 0.389815 0.223438 0.390741 0.222917 0.390741 0.222396 0.391667 0.221875 0.391667 0.221354 0.392593 0.220312 0.392593 0.219792 0.393519 0.219271 0.393519 0.218750 0.394444 0.218229 0.394444 0.217708 0.395370 0.217188 0.395370 0.216667 0.396296 0.215625 0.396296 0.215104 0.397222 0.214583 0.397222 0.214062 0.398148 0.213542 0.398148 0.213021 0.399074 0.212500 0.399074 0.211979 0.400000 0.210938 0.400000 0.210417 0.400926 0.209896 0.400926 0.208854 0.402778 0.208854 0.403704 0.208333 0.404630 0.208854 0.405556 0.208854 0.406481 0.209375 0.407407 0.209375 0.408333 0.215104 0.418519 0.215625 0.418519 0.222396 0.430556 0.222917 0.430556 0.229687 0.442593 0.230208 0.442593 0.236979 0.454630 0.237500 0.454630 0.244271 0.466667 0.244792 0.466667 0.248438 0.473148 0.248958 0.473148 0.249479 0.474074 0.250000 0.474074 0.250521 0.475000 0.251042 0.474074 0.252083 0.474074 0.253646 0.471296 0.254167 0.471296 0.255208 0.469444 0.255729 0.469444 0.257292 0.466667 0.257812 0.466667 0.258854 0.464815 0.259375 0.464815 0.260937 0.462037 0.261458 0.462037 0.262500 0.460185 0.263021 0.460185 0.264583 0.457407 0.265104 0.457407 0.266146 0.455556 0.266667 0.455556 0.268229 0.452778 0.268750 0.452778 0.269792 0.450926 0.270313 0.450926 0.271875 0.448148 0.272396 0.448148 0.273958 0.445370 0.274479 0.445370 0.275521 0.443519 0.276042 0.443519 0.276042 0.442593 0.275521 0.441667 0.275521 0.439815 0.276042 0.438889 0.276042 0.437963 0.284896 0.422222 0.284896 0.421296 0.312500 0.372222 0.313021 0.372222 0.314063 0.370370 0.314583 0.370370 0.315625 0.368519 0.316146 0.368519 0.316146 0.366667 0.317188 0.364815 0.317708 0.364815 0.318229 0.363889 0.318750 0.363889 0.319792 0.362037 0.320312 0.362037 0.320833 0.361111 0.321354 0.361111 0.322396 0.359259 0.322917 0.359259
0 0.364063 0.384722 0.095833 0.108333 0.349479 0.330556 0.348438 0.332407 0.347917 0.332407 0.346875 0.334259 0.346354 0.334259 0.345833 0.335185 0.345313 0.335185 0.344271 0.337037 0.343750 0.337037 0.343229 0.337963 0.342708 0.337963 0.341667 0.339815 0.341146 0.339815 0.340625 0.340741 0.340104 0.340741 0.339062 0.342593 0.338542 0.342593 0.337500 0.344444 0.336979 0.344444 0.336458 0.345370 0.335938 0.345370 0.334896 0.347222 0.334375 0.347222 0.333854 0.348148 0.333333 0.348148 0.332292 0.350000 0.331771 0.350000 0.331250 0.350926 0.330729 0.350926 0.329688 0.352778 0.329167 0.352778 0.328125 0.354630 0.327604 0.354630 0.327083 0.355556 0.326562 0.355556 0.325521 0.357407 0.325000 0.357407 0.324479 0.358333 0.323958 0.358333 0.322917 0.360185 0.322396 0.360185 0.321354 0.362037 0.320833 0.362037 0.320312 0.362963 0.319792 0.362963 0.318750 0.364815 0.318229 0.364815 0.317708 0.365741 0.317188 0.365741 0.316667 0.366667 0.316667 0.368519 0.316146 0.369444 0.316667 0.370370 0.316667 0.371296 0.318229 0.374074 0.318229 0.375000 0.322396 0.382407 0.322917 0.382407 0.339583 0.412037 0.340104 0.412037 0.353125 0.435185 0.353646 0.435185 0.355729 0.438889 0.357812 0.438889 0.359375 0.436111 0.359896 0.436111 0.392708 0.377778 0.392708 0.376852 0.395833 0.371296 0.395833 0.370370 0.398438 0.365741 0.398438 0.364815 0.400521 0.361111 0.400521 0.360185 0.402604 0.356481 0.402604 0.355556 0.405208 0.350926 0.405208 0.350000 0.407292 0.346296 0.407292 0.345370 0.409375 0.341667 0.409375 0.340741 0.411458 0.337037 0.411458 0.336111 0.411979 0.335185 0.411979 0.332407 0.410938 0.330556 0.409375 0.330556 0.394792 0.356481 0.394271 0.356481 0.388542 0.366667 0.388021 0.366667 0.385937 0.370370 0.385417 0.370370 0.384375 0.372222 0.383854 0.372222 0.383333 0.373148 0.382812 0.373148 0.382292 0.374074 0.379167 0.374074 0.378646 0.373148 0.378125 0.373148 0.377604 0.372222 0.377083 0.372222 0.375521 0.369444 0.375000 0.369444 0.372917 0.365741 0.372396 0.365741 0.367708 0.357407 0.367188 0.357407 0.353646 0.333333 0.353125 0.333333 0.351562 0.330556
0 0.439063 0.382870 0.079167 0.108333 0.416667 0.328704 0.416146 0.329630 0.415625 0.329630 0.415104 0.330556 0.415104 0.331481 0.413542 0.334259 0.413542 0.335185 0.411458 0.338889 0.411458 0.339815 0.409375 0.343519 0.409375 0.344444 0.407292 0.348148 0.407292 0.349074 0.405208 0.352778 0.405208 0.353704 0.403125 0.357407 0.403125 0.358333 0.401042 0.362037 0.401042 0.362963 0.400000 0.364815 0.400000 0.365741 0.399479 0.366667 0.399479 0.367593 0.400000 0.368519 0.400000 0.369444 0.400521 0.370370 0.400521 0.371296 0.417187 0.400926 0.417708 0.400926 0.436979 0.435185 0.437500 0.435185 0.438542 0.437037 0.440104 0.437037 0.440625 0.436111 0.441146 0.436111 0.463021 0.397222 0.463542 0.397222 0.477083 0.373148 0.477083 0.372222 0.478646 0.369444 0.478646 0.331481 0.477083 0.328704 0.476042 0.328704 0.474479 0.331481 0.473958 0.331481 0.457813 0.360185 0.457292 0.360185 0.454167 0.365741 0.453646 0.365741 0.451562 0.369444 0.451042 0.369444 0.450000 0.371296 0.448958 0.371296 0.448437 0.372222 0.445312 0.372222 0.444792 0.371296 0.444271 0.371296 0.443750 0.370370 0.443229 0.370370 0.442188 0.368519 0.441667 0.368519 0.439063 0.363889 0.438542 0.363889 0.433333 0.354630 0.432812 0.354630 0.419271 0.330556 0.418750 0.330556 0.417708 0.328704
0 0.530469 0.391667 0.083854 0.112963 0.489583 0.335185 0.488542 0.337037 0.488542 0.341667 0.489063 0.342593 0.489063 0.348148 0.489583 0.349074 0.489583 0.354630 0.490104 0.355556 0.490104 0.361111 0.490625 0.362037 0.490625 0.367593 0.491146 0.368519 0.491146 0.374074 0.491667 0.375000 0.491667 0.378704 0.492708 0.380556 0.492708 0.381481 0.529687 0.447222 0.530208 0.447222 0.530729 0.448148 0.532292 0.448148 0.533333 0.446296 0.533854 0.446296 0.544792 0.426852 0.545312 0.426852 0.565625 0.390741 0.566146 0.390741 0.570312 0.383333 0.570312 0.382407 0.571875 0.379630 0.571875 0.378704 0.572396 0.377778 0.571875 0.376852 0.571875 0.375000 0.568229 0.368519 0.568229 0.367593 0.563021 0.358333 0.563021 0.357407 0.558333 0.349074 0.558333 0.348148 0.553125 0.338889 0.553125 0.337963 0.551562 0.335185 0.550000 0.335185 0.543750 0.346296 0.543229 0.346296 0.532292 0.365741 0.531771 0.365741 0.528125 0.372222 0.527604 0.372222 0.525521 0.375926 0.525000 0.375926 0.523958 0.377778 0.523438 0.377778 0.522917 0.378704 0.522396 0.378704 0.521875 0.379630 0.518750 0.379630 0.518229 0.378704 0.517708 0.378704 0.517188 0.377778 0.516667 0.377778 0.515104 0.375000 0.514583 0.375000 0.511979 0.370370 0.511458 0.370370 0.493750 0.338889 0.493229 0.338889 0.491667 0.336111 0.491146 0.336111 0.490625 0.335185
0 0.615365 0.388889 0.100521 0.111111 0.626042 0.333333 0.625521 0.334259 0.625000 0.334259 0.617708 0.347222 0.617188 0.347222 0.608854 0.362037 0.608333 0.362037 0.604167 0.369444 0.603646 0.369444 0.601562 0.373148 0.601042 0.373148 0.600000 0.375000 0.599479 0.375000 0.598958 0.375926 0.598437 0.375926 0.597917 0.376852 0.596875 0.376852 0.596354 0.377778 0.595313 0.377778 0.594792 0.376852 0.594271 0.376852 0.592187 0.373148 0.591667 0.373148 0.585938 0.362963 0.585417 0.362963 0.579688 0.352778 0.579167 0.352778 0.573438 0.342593 0.572917 0.342593 0.568750 0.335185 0.568229 0.335185 0.567708 0.334259 0.565625 0.334259 0.565104 0.335185 0.565104 0.337963 0.565625 0.338889 0.565625 0.339815 0.572917 0.352778 0.572917 0.353704 0.623437 0.443519 0.623958 0.443519 0.624479 0.444444 0.626042 0.444444 0.626563 0.443519 0.627083 0.443519 0.631771 0.435185 0.632292 0.435185 0.644271 0.413889 0.644792 0.413889 0.656771 0.392593 0.657292 0.392593 0.665104 0.378704 0.665104 0.377778 0.665625 0.376852 0.665625 0.373148 0.664062 0.370370 0.663542 0.370370 0.663021 0.369444 0.662500 0.369444 0.661979 0.368519 0.661458 0.368519 0.660937 0.367593 0.660417 0.367593 0.659375 0.365741 0.658854 0.365741 0.658333 0.364815 0.657813 0.364815 0.657292 0.363889 0.656771 0.363889 0.656250 0.362963 0.655729 0.362963 0.654687 0.361111 0.654167 0.361111 0.653646 0.360185 0.653125 0.360185 0.652604 0.359259 0.652083 0.359259 0.651563 0.358333 0.651042 0.358333 0.650000 0.356481 0.649479 0.356481 0.648958 0.355556 0.648438 0.355556 0.647917 0.354630 0.647396 0.354630 0.646875 0.353704 0.646354 0.353704 0.645312 0.351852 0.644792 0.351852 0.644271 0.350926 0.643750 0.350926 0.643229 0.350000 0.642708 0.350000 0.642188 0.349074 0.641667 0.349074 0.640625 0.347222 0.640104 0.347222 0.639583 0.346296 0.639062 0.346296 0.638542 0.345370 0.638021 0.345370 0.636979 0.343519 0.636458 0.343519 0.635938 0.342593 0.635417 0.342593 0.634896 0.341667 0.634375 0.341667 0.633854 0.340741 0.633333 0.340741 0.632292 0.338889 0.631771 0.338889 0.631250 0.337963 0.630729 0.337963 0.630208 0.337037 0.629687 0.337037 0.629167 0.336111 0.628646 0.336111 0.627604 0.334259 0.627083 0.334259 0.626563 0.333333
0 0.355990 0.551389 0.082812 0.080556 0.397396 0.511111 0.396875 0.512037 0.396354 0.512037 0.395833 0.512963 0.395313 0.512963 0.394792 0.513889 0.394271 0.513889 0.393750 0.514815 0.393229 0.514815 0.392188 0.516667 0.391667 0.516667 0.390104 0.519444 0.389583 0.519444 0.387500 0.523148 0.386979 0.523148 0.384375 0.527778 0.383854 0.527778 0.380729 0.533333 0.380208 0.533333 0.376042 0.540741 0.375521 0.540741 0.370833 0.549074 0.370312 0.549074 0.365625 0.557407 0.365104 0.557407 0.363542 0.560185 0.363021 0.560185 0.362500 0.561111 0.361458 0.561111 0.359375 0.557407 0.359375 0.553704 0.359896 0.552778 0.359896 0.551852 0.360938 0.550000 0.360417 0.550926 0.359896 0.550926 0.356771 0.556481 0.354687 0.556481 0.354167 0.557407 0.354167 0.558333 0.353646 0.559259 0.353646 0.560185 0.352604 0.562037 0.352604 0.562963 0.351042 0.565741 0.349479 0.565741 0.348958 0.564815 0.348438 0.564815 0.347396 0.562963 0.346875 0.562963 0.338021 0.547222 0.337500 0.547222 0.329688 0.533333 0.329167 0.533333 0.324479 0.525000 0.323958 0.525000 0.321354 0.520370 0.320833 0.520370 0.319271 0.517593 0.318750 0.517593 0.317188 0.514815 0.316667 0.514815 0.316146 0.513889 0.315625 0.513889 0.315104 0.512963 0.314583 0.513889 0.314583 0.516667 0.315104 0.517593 0.315104 0.518519 0.315625 0.519444 0.315625 0.520370 0.316667 0.522222 0.316667 0.523148 0.317708 0.525000 0.317708 0.525926 0.318750 0.527778 0.318750 0.528704 0.320312 0.531481 0.320312 0.532407 0.321354 0.534259 0.321354 0.535185 0.322396 0.537037 0.322396 0.537963 0.323437 0.539815 0.323437 0.540741 0.325000 0.543519 0.325000 0.544444 0.326042 0.546296 0.326042 0.547222 0.327083 0.549074 0.327083 0.550000 0.328125 0.551852 0.328125 0.552778 0.329167 0.554630 0.329167 0.555556 0.330729 0.558333 0.330729 0.559259 0.331771 0.561111 0.331771 0.562037 0.332813 0.563889 0.332813 0.564815 0.333854 0.566667 0.333854 0.567593 0.335417 0.570370 0.335417 0.571296 0.336458 0.573148 0.336458 0.574074 0.337500 0.575926 0.337500 0.576852 0.338542 0.578704 0.338542 0.579630 0.340104 0.582407 0.340104 0.583333 0.341146 0.585185 0.341146 0.586111 0.342187 0.587963 0.342187 0.588889 0.343750 0.591667 0.350000 0.591667 0.350521 0.590741 0.351042 0.590741 0.352083 0.588889 0.352604 0.588889 0.353646 0.587037 0.354167 0.587037 0.355208 0.585185 0.355729 0.585185 0.356250 0.584259 0.356771 0.584259 0.357812 0.582407 0.358333 0.582407 0.359375 0.580556 0.359896 0.580556 0.360938 0.578704 0.361458 0.578704 0.361979 0.577778 0.362500 0.577778 0.363542 0.575926 0.364063 0.575926 0.365104 0.574074 0.365625 0.574074 0.366667 0.572222 0.367188 0.572222 0.367708 0.571296 0.368229 0.571296 0.369271 0.569444 0.369792 0.569444 0.370833 0.567593 0.371354 0.567593 0.372396 0.565741 0.372917 0.565741 0.373437 0.564815 0.373958 0.564815 0.375000 0.562963 0.375521 0.562963 0.376563 0.561111 0.377083 0.561111 0.378125 0.559259 0.378646 0.559259 0.379167 0.558333 0.379688 0.558333 0.380729 0.556481 0.381250 0.556481 0.382292 0.554630 0.382812 0.554630 0.383854 0.552778 0.384375 0.552778 0.384896 0.551852 0.385417 0.551852 0.386458 0.550000 0.386979 0.550000 0.388021 0.548148 0.388542 0.548148 0.391146 0.543519 0.391146 0.542593 0.391667 0.541667 0.391667 0.538889 0.391146 0.537963 0.391146 0.537037 0.391667 0.536111 0.391667 0.534259 0.392188 0.533333 0.392188 0.532407 0.392708 0.531481 0.392708 0.530556 0.393229 0.529630 0.393229 0.527778 0.393750 0.526852 0.393750 0.525926 0.394271 0.525000 0.394271 0.524074 0.394792 0.523148 0.394792 0.521296 0.395313 0.520370 0.395313 0.519444 0.395833 0.518519 0.395833 0.517593 0.396354 0.516667 0.396354 0.514815 0.396875 0.513889 0.396875 0.512963 0.397396 0.512037
0 0.431510 0.556481 0.079687 0.090741 0.397917 0.511111 0.397917 0.512037 0.397396 0.512963 0.397396 0.513889 0.396875 0.514815 0.396875 0.516667 0.396354 0.517593 0.396354 0.518519 0.395833 0.519444 0.395833 0.520370 0.395313 0.521296 0.395313 0.523148 0.394792 0.524074 0.394792 0.525000 0.394271 0.525926 0.394271 0.526852 0.393750 0.527778 0.393750 0.529630 0.393229 0.530556 0.393229 0.531481 0.392708 0.532407 0.392708 0.533333 0.392188 0.534259 0.392188 0.536111 0.391667 0.537037 0.391667 0.537963 0.392188 0.538889 0.392188 0.539815 0.394271 0.543519 0.394271 0.544444 0.394792 0.544444 0.405208 0.562963 0.405729 0.562963 0.414583 0.578704 0.415104 0.578704 0.424479 0.595370 0.425000 0.595370 0.428646 0.601852 0.435937 0.601852 0.470833 0.539815 0.470833 0.538889 0.471354 0.537963 0.471354 0.515741 0.470833 0.516667 0.470313 0.516667 0.466146 0.524074 0.465625 0.524074 0.457292 0.538889 0.456771 0.538889 0.448437 0.553704 0.447917 0.553704 0.446875 0.555556 0.446354 0.555556 0.445833 0.554630 0.445312 0.554630 0.443750 0.551852 0.443750 0.544444 0.444271 0.543519 0.441146 0.549074 0.440625 0.549074 0.439583 0.550926 0.438542 0.550926 0.438542 0.551852 0.438021 0.552778 0.438021 0.556481 0.437500 0.557407 0.437500 0.561111 0.436979 0.562037 0.436979 0.562963 0.435417 0.565741 0.433333 0.565741 0.431771 0.562963 0.431250 0.562963 0.428125 0.557407 0.428125 0.556481 0.406250 0.517593 0.405729 0.517593 0.404167 0.514815 0.403646 0.514815 0.402604 0.512963 0.402083 0.512963 0.401562 0.512037 0.400521 0.512037 0.400000 0.511111
0 0.528906 0.550463 0.078646 0.084259 0.489583 0.508333 0.489583 0.510185 0.490104 0.511111 0.490104 0.523148 0.490625 0.524074 0.490625 0.526852 0.491146 0.527778 0.491146 0.528704 0.525000 0.588889 0.525521 0.588889 0.527604 0.592593 0.529687 0.592593 0.531250 0.589815 0.531771 0.589815 0.538542 0.577778 0.539062 0.577778 0.548958 0.560185 0.549479 0.560185 0.559896 0.541667 0.560417 0.541667 0.567708 0.528704 0.567708 0.527778 0.568229 0.526852 0.568229 0.525000 0.567708 0.524074 0.567708 0.523148 0.567187 0.522222 0.567187 0.521296 0.566667 0.520370 0.566667 0.518519 0.566146 0.517593 0.566146 0.516667 0.565104 0.518519 0.564583 0.518519 0.560417 0.525926 0.559896 0.525926 0.553125 0.537963 0.552604 0.537963 0.542708 0.555556 0.542188 0.555556 0.540625 0.558333 0.539583 0.558333 0.539062 0.557407 0.538542 0.557407 0.537500 0.555556 0.537500 0.554630 0.536979 0.553704 0.536979 0.551852 0.536458 0.550926 0.536458 0.549074 0.533333 0.554630 0.532813 0.554630 0.530729 0.558333 0.528646 0.558333 0.526563 0.554630 0.526042 0.554630 0.521354 0.546296 0.521354 0.548148 0.521875 0.549074 0.521875 0.552778 0.520833 0.554630 0.520312 0.554630 0.519792 0.555556 0.518229 0.555556 0.517708 0.554630 0.517188 0.554630 0.500521 0.525000 0.500000 0.525000 0.493750 0.513889 0.493229 0.513889 0.490104 0.508333
0 0.620052 0.548148 0.082812 0.085185 0.578646 0.505556 0.578646 0.506481 0.579167 0.507407 0.579167 0.508333 0.579688 0.509259 0.579688 0.510185 0.580729 0.512037 0.580729 0.512963 0.581250 0.513889 0.581250 0.514815 0.581771 0.515741 0.581771 0.516667 0.582292 0.517593 0.582292 0.518519 0.582812 0.519444 0.582812 0.520370 0.583854 0.522222 0.583854 0.523148 0.584375 0.524074 0.584375 0.525000 0.584896 0.525926 0.584896 0.526852 0.588542 0.533333 0.588542 0.534259 0.619271 0.588889 0.619792 0.588889 0.620833 0.590741 0.622917 0.590741 0.623437 0.589815 0.623958 0.589815 0.628125 0.582407 0.628646 0.582407 0.636979 0.567593 0.637500 0.567593 0.645833 0.552778 0.646354 0.552778 0.655208 0.537037 0.655729 0.537037 0.660937 0.527778 0.660937 0.526852 0.661458 0.525926 0.661458 0.522222 0.658854 0.517593 0.658333 0.518519 0.657813 0.518519 0.656250 0.521296 0.655729 0.521296 0.653646 0.525000 0.653125 0.525000 0.649479 0.531481 0.648958 0.531481 0.644271 0.539815 0.643750 0.539815 0.636458 0.552778 0.635938 0.552778 0.629687 0.563889 0.629167 0.563889 0.628125 0.565741 0.627083 0.565741 0.625521 0.562963 0.625000 0.562963 0.624479 0.562037 0.623958 0.562037 0.610417 0.537963 0.610938 0.538889 0.610938 0.539815 0.611979 0.541667 0.611979 0.542593 0.613021 0.544444 0.613021 0.545370 0.614062 0.547222 0.614062 0.548148 0.615104 0.550000 0.615104 0.550926 0.615625 0.551852 0.615625 0.554630 0.614062 0.557407 0.611979 0.557407 0.611458 0.556481 0.610938 0.556481 0.608333 0.551852 0.607812 0.551852 0.603125 0.543519 0.603125 0.542593 0.597396 0.532407 0.596875 0.532407 0.588021 0.516667 0.587500 0.516667 0.584375 0.511111 0.583854 0.511111 0.582292 0.508333 0.581771 0.508333 0.581250 0.507407 0.580729 0.507407 0.580208 0.506481 0.579688 0.506481 0.579167 0.505556
0 0.701562 0.550463 0.081250 0.075000 0.663021 0.512963 0.662500 0.513889 0.661979 0.513889 0.661458 0.514815 0.660937 0.514815 0.660937 0.515741 0.680208 0.550000 0.680208 0.550926 0.701042 0.587963 0.703125 0.587963 0.703646 0.587037 0.704167 0.587037 0.707812 0.580556 0.708333 0.580556 0.715104 0.568519 0.715625 0.568519 0.722396 0.556481 0.722917 0.556481 0.730208 0.543519 0.730729 0.543519 0.737500 0.531481 0.738021 0.531481 0.741146 0.525926 0.741146 0.525000 0.742188 0.523148 0.742188 0.520370 0.741667 0.519444 0.741667 0.518519 0.740625 0.518519 0.740104 0.519444 0.739583 0.519444 0.732292 0.532407 0.731771 0.532407 0.724479 0.545370 0.723958 0.545370 0.717187 0.557407 0.716667 0.557407 0.713021 0.563889 0.712500 0.563889 0.711458 0.565741 0.709375 0.565741 0.706250 0.560185 0.705729 0.560185 0.698958 0.548148 0.698438 0.548148 0.691667 0.536111 0.691146 0.536111 0.684375 0.524074 0.683854 0.524074 0.681771 0.520370 0.697917 0.549074 0.697917 0.550000 0.702083 0.557407 0.702083 0.559259 0.702604 0.560185 0.702083 0.561111 0.702083 0.562037 0.700521 0.564815 0.698958 0.564815 0.698438 0.563889 0.697917 0.563889 0.695312 0.559259 0.694792 0.559259 0.676042 0.525926 0.675521 0.525926 0.670312 0.516667 0.669792 0.516667 0.668750 0.514815 0.668229 0.514815 0.667708 0.513889 0.667188 0.513889 0.666667 0.512963
0 0.313802 0.518056 0.080729 0.093519 0.320833 0.471296 0.305208 0.499074 0.305208 0.500000 0.286458 0.533333 0.286458 0.534259 0.273958 0.556481 0.273958 0.557407 0.273438 0.558333 0.273438 0.561111 0.275000 0.563889 0.275521 0.563889 0.276042 0.564815 0.276562 0.563889 0.277083 0.563889 0.286979 0.546296 0.287500 0.546296 0.297917 0.527778 0.298438 0.527778 0.302604 0.520370 0.303125 0.520370 0.305208 0.516667 0.305729 0.516667 0.306771 0.514815 0.307292 0.514815 0.308333 0.512963 0.308854 0.512963 0.309375 0.512037 0.310417 0.512037 0.310937 0.511111 0.313542 0.511111 0.314063 0.512037 0.315104 0.512037 0.315625 0.512963 0.316146 0.512963 0.316667 0.513889 0.317188 0.513889 0.318750 0.516667 0.319271 0.516667 0.320833 0.519444 0.321354 0.519444 0.323958 0.524074 0.324479 0.524074 0.329167 0.532407 0.329688 0.532407 0.337500 0.546296 0.338021 0.546296 0.346875 0.562037 0.347396 0.562037 0.348438 0.563889 0.348958 0.563889 0.349479 0.564815 0.351042 0.564815 0.352083 0.562963 0.352083 0.562037 0.353125 0.560185 0.353125 0.559259 0.353646 0.558333 0.353646 0.557407 0.354167 0.556481 0.352083 0.552778 0.351562 0.552778 0.338542 0.529630 0.338021 0.529630 0.322396 0.501852 0.321875 0.501852 0.316146 0.491667 0.316146 0.490741 0.314583 0.487963 0.314583 0.485185 0.321354 0.473148 0.321354 0.472222
0 0.398958 0.518981 0.078125 0.091667 0.399479 0.473148 0.399479 0.474074 0.398958 0.475000 0.398958 0.475926 0.398438 0.476852 0.398438 0.477778 0.397917 0.478704 0.397917 0.479630 0.397396 0.480556 0.397396 0.481481 0.396875 0.482407 0.396875 0.483333 0.396354 0.484259 0.396354 0.485185 0.395833 0.486111 0.395833 0.487037 0.395313 0.487963 0.395313 0.488889 0.394271 0.490741 0.394271 0.491667 0.381250 0.514815 0.380729 0.514815 0.361458 0.549074 0.361458 0.550000 0.360417 0.551852 0.360417 0.552778 0.359896 0.553704 0.359896 0.557407 0.361458 0.560185 0.362500 0.560185 0.363021 0.559259 0.363542 0.559259 0.365104 0.556481 0.365625 0.556481 0.370312 0.548148 0.370833 0.548148 0.375521 0.539815 0.376042 0.539815 0.380208 0.532407 0.380729 0.532407 0.383854 0.526852 0.384375 0.526852 0.386979 0.522222 0.387500 0.522222 0.389583 0.518519 0.390104 0.518519 0.391667 0.515741 0.392188 0.515741 0.393229 0.513889 0.393750 0.513889 0.394271 0.512963 0.394792 0.512963 0.395313 0.512037 0.395833 0.512037 0.396354 0.511111 0.396875 0.511111 0.397396 0.510185 0.400000 0.510185 0.400521 0.511111 0.401562 0.511111 0.402083 0.512037 0.402604 0.512037 0.403646 0.513889 0.404167 0.513889 0.405729 0.516667 0.406250 0.516667 0.428646 0.556481 0.428646 0.557407 0.431250 0.562037 0.431771 0.562037 0.433333 0.564815 0.435417 0.564815 0.436458 0.562963 0.436458 0.562037 0.436979 0.561111 0.436979 0.557407 0.437500 0.556481 0.437500 0.552778 0.438021 0.551852 0.438021 0.550926 0.437500 0.550000 0.436979 0.550000 0.432812 0.542593 0.432292 0.542593 0.408854 0.500926 0.408333 0.500926 0.400521 0.487037 0.400521 0.486111 0.398958 0.483333 0.398958 0.479630 0.399479 0.478704 0.399479 0.477778 0.400000 0.476852 0.400000 0.475926 0.400521 0.475000 0.400521 0.474074 0.400000 0.474074
0 0.482812 0.512500 0.077083 0.084259 0.481771 0.470370 0.481250 0.471296 0.480208 0.471296 0.479687 0.472222 0.479167 0.472222 0.478125 0.474074 0.478125 0.484259 0.477083 0.486111 0.477083 0.487037 0.471354 0.497222 0.470833 0.497222 0.453125 0.528704 0.452604 0.528704 0.444792 0.542593 0.444792 0.543519 0.444271 0.544444 0.444271 0.551852 0.445312 0.553704 0.445833 0.553704 0.446354 0.554630 0.446875 0.554630 0.447917 0.552778 0.448437 0.552778 0.456771 0.537963 0.457292 0.537963 0.465625 0.523148 0.466146 0.523148 0.470313 0.515741 0.470833 0.515741 0.473958 0.510185 0.474479 0.510185 0.476042 0.507407 0.476562 0.507407 0.477604 0.505556 0.478125 0.505556 0.479167 0.503704 0.479687 0.503704 0.480208 0.502778 0.481250 0.502778 0.481771 0.501852 0.484375 0.501852 0.484896 0.502778 0.485938 0.502778 0.486458 0.503704 0.486979 0.503704 0.488021 0.505556 0.488542 0.505556 0.489583 0.507407 0.490104 0.507407 0.493229 0.512963 0.493750 0.512963 0.500000 0.524074 0.500521 0.524074 0.517188 0.553704 0.517708 0.553704 0.518229 0.554630 0.519792 0.554630 0.520312 0.553704 0.520833 0.553704 0.521354 0.552778 0.521354 0.549074 0.520833 0.548148 0.520833 0.545370 0.491146 0.492593 0.491146 0.491667 0.490625 0.490741 0.490625 0.489815 0.490104 0.488889 0.490104 0.478704 0.489583 0.477778 0.489583 0.475000 0.488542 0.473148 0.488021 0.473148 0.486979 0.471296 0.485938 0.471296 0.485417 0.470370
0 0.576042 0.510185 0.078125 0.094444 0.576042 0.462963 0.575521 0.463889 0.573958 0.463889 0.573438 0.464815 0.572917 0.464815 0.572396 0.465741 0.571875 0.465741 0.570833 0.467593 0.570312 0.467593 0.568750 0.470370 0.568229 0.470370 0.565625 0.475000 0.566667 0.476852 0.566667 0.477778 0.567187 0.478704 0.567187 0.479630 0.567708 0.480556 0.567708 0.481481 0.568229 0.482407 0.568229 0.483333 0.569271 0.485185 0.569271 0.486111 0.569792 0.487037 0.569792 0.491667 0.557813 0.512963 0.557292 0.512963 0.544271 0.536111 0.543750 0.536111 0.536979 0.548148 0.536979 0.550926 0.537500 0.551852 0.537500 0.553704 0.538021 0.554630 0.538021 0.555556 0.538542 0.556481 0.539062 0.556481 0.539583 0.557407 0.540625 0.557407 0.542188 0.554630 0.542708 0.554630 0.552604 0.537037 0.553125 0.537037 0.559896 0.525000 0.560417 0.525000 0.564583 0.517593 0.565104 0.517593 0.567708 0.512963 0.568229 0.512963 0.570312 0.509259 0.570833 0.509259 0.571875 0.507407 0.572396 0.507407 0.572917 0.506481 0.573438 0.506481 0.573958 0.505556 0.574479 0.505556 0.575000 0.504630 0.576562 0.504630 0.577083 0.503704 0.577604 0.504630 0.579167 0.504630 0.579688 0.505556 0.580208 0.505556 0.580729 0.506481 0.581250 0.506481 0.581771 0.507407 0.582292 0.507407 0.583854 0.510185 0.584375 0.510185 0.587500 0.515741 0.588021 0.515741 0.596875 0.531481 0.597396 0.531481 0.603646 0.542593 0.603646 0.543519 0.607812 0.550926 0.608333 0.550926 0.610938 0.555556 0.611458 0.555556 0.611979 0.556481 0.614062 0.556481 0.615104 0.554630 0.615104 0.551852 0.614583 0.550926 0.614583 0.550000 0.613542 0.548148 0.613542 0.547222 0.612500 0.545370 0.612500 0.544444 0.611458 0.542593 0.611458 0.541667 0.610417 0.539815 0.610417 0.538889 0.609896 0.537963 0.609896 0.537037 0.591146 0.503704 0.591146 0.502778 0.587500 0.496296 0.587500 0.495370 0.586458 0.493519 0.586458 0.492593 0.585417 0.490741 0.585417 0.489815 0.584896 0.488889 0.584896 0.487963 0.583854 0.486111 0.583854 0.485185 0.582812 0.483333 0.582812 0.482407 0.581771 0.480556 0.581771 0.479630 0.581250 0.478704 0.581250 0.477778 0.580208 0.475926 0.580208 0.475000 0.579167 0.473148 0.579167 0.472222 0.578646 0.471296 0.578646 0.470370 0.577604 0.468519 0.577604 0.467593 0.576562 0.465741 0.576562 0.464815 0.576042 0.463889
0 0.664062 0.529630 0.076042 0.070370 0.666667 0.494444 0.666667 0.495370 0.654687 0.516667 0.654167 0.516667 0.644792 0.533333 0.644271 0.533333 0.634896 0.550000 0.634375 0.550000 0.628646 0.560185 0.628125 0.560185 0.627083 0.562037 0.626563 0.562037 0.626042 0.562963 0.627083 0.564815 0.628125 0.564815 0.629167 0.562963 0.629687 0.562963 0.635938 0.551852 0.636458 0.551852 0.643750 0.538889 0.644271 0.538889 0.648958 0.530556 0.649479 0.530556 0.653125 0.524074 0.653646 0.524074 0.655729 0.520370 0.656250 0.520370 0.657813 0.517593 0.658333 0.517593 0.659896 0.514815 0.660417 0.514815 0.660937 0.513889 0.661458 0.513889 0.661979 0.512963 0.662500 0.512963 0.663021 0.512037 0.666667 0.512037 0.667188 0.512963 0.667708 0.512963 0.668229 0.513889 0.668750 0.513889 0.669792 0.515741 0.670312 0.515741 0.675521 0.525000 0.676042 0.525000 0.694792 0.558333 0.695312 0.558333 0.697917 0.562963 0.698438 0.562963 0.698958 0.563889 0.700521 0.563889 0.701562 0.562037 0.701562 0.561111 0.702083 0.560185 0.701562 0.559259 0.701562 0.557407 0.697396 0.550000 0.697396 0.549074 0.681250 0.520370 0.681250 0.519444 0.667188 0.494444
0 0.357031 0.514352 0.083854 0.082407 0.321875 0.473148 0.315104 0.485185 0.315104 0.487963 0.316667 0.490741 0.316667 0.491667 0.321875 0.500926 0.322396 0.500926 0.338021 0.528704 0.338542 0.528704 0.351562 0.551852 0.352083 0.551852 0.354167 0.555556 0.356771 0.555556 0.359896 0.550000 0.360417 0.550000 0.380729 0.513889 0.381250 0.513889 0.393750 0.491667 0.393750 0.490741 0.394792 0.488889 0.394792 0.487963 0.395313 0.487037 0.395313 0.486111 0.395833 0.485185 0.395833 0.484259 0.396354 0.483333 0.396354 0.482407 0.396875 0.481481 0.396875 0.480556 0.397396 0.479630 0.397396 0.478704 0.397917 0.477778 0.397917 0.476852 0.398438 0.475926 0.398438 0.475000 0.398958 0.474074 0.398958 0.473148 0.397396 0.473148 0.396875 0.474074 0.395833 0.474074 0.395313 0.475000 0.394792 0.475000 0.394271 0.475926 0.393750 0.475926 0.392708 0.477778 0.392188 0.477778 0.390625 0.480556 0.390104 0.480556 0.387500 0.485185 0.386979 0.485185 0.382812 0.492593 0.382292 0.492593 0.372396 0.510185 0.371875 0.510185 0.363021 0.525926 0.362500 0.525926 0.361979 0.526852 0.361458 0.525926 0.360417 0.525926 0.359375 0.524074 0.359375 0.523148 0.358854 0.522222 0.358854 0.519444 0.359375 0.518519 0.359375 0.517593 0.360417 0.515741 0.360417 0.514815 0.361458 0.512963 0.361458 0.512037 0.362500 0.510185 0.362500 0.509259 0.363542 0.507407 0.363542 0.506481 0.364583 0.504630 0.364583 0.503704 0.365104 0.502778 0.358854 0.513889 0.358333 0.513889 0.357812 0.514815 0.356250 0.514815 0.355729 0.515741 0.355729 0.516667 0.353646 0.520370 0.351562 0.520370 0.351042 0.519444 0.350521 0.519444 0.348438 0.515741 0.347917 0.515741 0.336458 0.495370 0.335938 0.495370 0.329688 0.484259 0.329167 0.484259 0.325521 0.477778 0.325000 0.477778 0.322917 0.474074 0.322396 0.474074
0 0.438542 0.512037 0.078125 0.075926 0.401042 0.474074 0.401042 0.475000 0.400521 0.475926 0.400521 0.476852 0.400000 0.477778 0.400000 0.478704 0.399479 0.479630 0.399479 0.483333 0.401042 0.486111 0.401042 0.487037 0.408333 0.500000 0.408854 0.500000 0.432292 0.541667 0.432812 0.541667 0.436979 0.549074 0.437500 0.549074 0.438021 0.550000 0.439583 0.550000 0.440625 0.548148 0.441146 0.548148 0.452604 0.527778 0.453125 0.527778 0.470833 0.496296 0.471354 0.496296 0.476562 0.487037 0.476562 0.486111 0.477604 0.484259 0.477604 0.474074 0.476042 0.476852 0.475521 0.476852 0.473438 0.480556 0.472917 0.480556 0.468750 0.487963 0.468229 0.487963 0.461979 0.499074 0.461458 0.499074 0.449479 0.520370 0.448958 0.520370 0.447396 0.523148 0.446875 0.523148 0.446354 0.524074 0.445833 0.524074 0.445312 0.523148 0.444792 0.523148 0.443750 0.521296 0.443750 0.520370 0.443229 0.519444 0.443229 0.515741 0.443750 0.514815 0.443750 0.511111 0.444271 0.510185 0.444271 0.506481 0.444792 0.505556 0.444792 0.504630 0.441667 0.510185 0.441146 0.510185 0.440104 0.512037 0.439583 0.512037 0.439063 0.512963 0.439063 0.516667 0.438542 0.517593 0.438542 0.520370 0.438021 0.521296 0.438021 0.524074 0.436458 0.526852 0.434375 0.526852 0.433854 0.525926 0.433333 0.525926 0.426042 0.512963 0.425521 0.512963 0.412500 0.489815 0.411979 0.489815 0.407813 0.482407 0.407292 0.482407 0.405208 0.478704 0.404687 0.478704 0.403646 0.476852 0.403125 0.476852 0.402083 0.475000 0.401562 0.475000
0 0.529687 0.516204 0.079167 0.082407 0.490104 0.475000 0.490104 0.477778 0.490625 0.478704 0.490625 0.488889 0.491146 0.489815 0.491146 0.490741 0.491667 0.491667 0.491667 0.492593 0.526042 0.553704 0.526563 0.553704 0.528646 0.557407 0.530729 0.557407 0.532813 0.553704 0.533333 0.553704 0.543750 0.535185 0.544271 0.535185 0.557292 0.512037 0.557813 0.512037 0.569271 0.491667 0.569271 0.487037 0.568750 0.486111 0.568750 0.485185 0.567708 0.483333 0.567708 0.482407 0.567187 0.481481 0.567187 0.480556 0.566667 0.479630 0.566667 0.478704 0.566146 0.477778 0.566146 0.476852 0.565104 0.475000 0.561458 0.481481 0.560937 0.481481 0.553646 0.494444 0.553125 0.494444 0.542188 0.513889 0.541667 0.513889 0.540625 0.515741 0.540104 0.515741 0.539583 0.516667 0.539062 0.515741 0.538542 0.515741 0.536979 0.512963 0.536979 0.512037 0.536458 0.511111 0.536458 0.510185 0.532292 0.517593 0.531771 0.517593 0.530729 0.519444 0.529167 0.519444 0.528125 0.517593 0.527604 0.517593 0.521354 0.506481 0.521875 0.507407 0.521875 0.511111 0.522396 0.512037 0.522396 0.514815 0.522917 0.515741 0.522917 0.518519 0.523438 0.519444 0.522917 0.520370 0.522917 0.521296 0.521354 0.524074 0.519792 0.524074 0.519271 0.523148 0.518750 0.523148 0.517708 0.521296 0.517188 0.521296 0.497396 0.486111 0.496875 0.486111 0.492708 0.478704 0.492188 0.478704
0 0.621615 0.512500 0.090104 0.099074 0.576562 0.462963 0.576562 0.463889 0.577083 0.464815 0.577083 0.465741 0.578125 0.467593 0.578125 0.468519 0.579167 0.470370 0.579167 0.471296 0.579688 0.472222 0.579688 0.473148 0.580729 0.475000 0.580729 0.475926 0.581771 0.477778 0.581771 0.478704 0.582292 0.479630 0.582292 0.480556 0.583333 0.482407 0.583333 0.483333 0.584375 0.485185 0.584375 0.486111 0.585417 0.487963 0.585417 0.488889 0.585938 0.489815 0.585938 0.490741 0.586979 0.492593 0.586979 0.493519 0.588021 0.495370 0.588021 0.496296 0.591667 0.502778 0.591667 0.503704 0.623958 0.561111 0.624479 0.561111 0.625000 0.562037 0.626042 0.562037 0.626563 0.561111 0.627083 0.561111 0.628125 0.559259 0.628646 0.559259 0.634375 0.549074 0.634896 0.549074 0.644271 0.532407 0.644792 0.532407 0.654167 0.515741 0.654687 0.515741 0.666146 0.495370 0.666146 0.494444 0.666667 0.493519 0.666667 0.492593 0.666146 0.491667 0.666146 0.490741 0.664062 0.487037 0.663542 0.487037 0.662500 0.485185 0.660937 0.487963 0.660417 0.487963 0.658333 0.491667 0.657813 0.491667 0.654687 0.497222 0.654167 0.497222 0.650000 0.504630 0.649479 0.504630 0.642708 0.516667 0.642188 0.516667 0.633854 0.531481 0.633333 0.531481 0.631771 0.534259 0.629687 0.534259 0.628125 0.531481 0.628125 0.530556 0.626563 0.527778 0.626563 0.526852 0.623437 0.521296 0.622917 0.521296 0.608854 0.496296 0.608854 0.495370 0.607292 0.492593 0.608854 0.495370 0.608854 0.496296 0.610417 0.499074 0.610417 0.500000 0.611979 0.502778 0.611979 0.503704 0.613542 0.506481 0.613542 0.507407 0.614583 0.509259 0.614583 0.512037 0.614062 0.512963 0.614062 0.513889 0.613542 0.514815 0.613021 0.514815 0.612500 0.515741 0.611458 0.515741 0.610938 0.514815 0.610417 0.514815 0.609896 0.513889 0.609375 0.513889 0.588021 0.475926 0.587500 0.475926 0.584375 0.470370 0.583854 0.470370 0.581771 0.466667 0.581250 0.466667 0.580729 0.465741 0.580208 0.465741 0.579688 0.464815 0.579167 0.464815 0.578646 0.463889 0.577604 0.463889 0.577083 0.462963
0 0.707031 0.522685 0.088021 0.084259 0.667188 0.480556 0.666667 0.481481 0.666146 0.481481 0.665625 0.482407 0.665104 0.482407 0.664583 0.483333 0.664062 0.483333 0.663021 0.485185 0.663542 0.486111 0.664062 0.486111 0.666667 0.490741 0.666667 0.491667 0.667188 0.492593 0.667188 0.493519 0.683854 0.523148 0.684375 0.523148 0.691146 0.535185 0.691667 0.535185 0.698438 0.547222 0.698958 0.547222 0.705729 0.559259 0.706250 0.559259 0.709375 0.564815 0.711458 0.564815 0.712500 0.562963 0.713021 0.562963 0.716667 0.556481 0.717187 0.556481 0.723958 0.544444 0.724479 0.544444 0.731771 0.531481 0.732292 0.531481 0.739583 0.518519 0.740104 0.518519 0.747396 0.505556 0.747917 0.505556 0.750000 0.501852 0.750000 0.500926 0.751042 0.499074 0.751042 0.495370 0.750000 0.493519 0.749479 0.493519 0.748437 0.491667 0.747917 0.491667 0.746875 0.489815 0.746354 0.489815 0.745833 0.488889 0.745313 0.488889 0.744271 0.487037 0.743750 0.487037 0.743229 0.486111 0.742708 0.486111 0.738021 0.494444 0.737500 0.494444 0.729688 0.508333 0.729167 0.508333 0.721875 0.521296 0.721354 0.521296 0.716146 0.530556 0.715625 0.530556 0.714583 0.532407 0.714063 0.532407 0.713542 0.533333 0.712500 0.533333 0.710938 0.530556 0.710417 0.530556 0.707812 0.525926 0.707292 0.525926 0.704688 0.521296 0.704167 0.521296 0.701562 0.516667 0.706771 0.525926 0.706771 0.526852 0.707292 0.527778 0.707292 0.530556 0.705729 0.533333 0.705208 0.533333 0.704688 0.534259 0.704167 0.534259 0.703646 0.533333 0.703125 0.533333 0.702604 0.532407 0.702083 0.532407 0.698958 0.526852 0.698438 0.526852 0.694792 0.520370 0.694271 0.520370 0.690625 0.513889 0.690104 0.513889 0.686979 0.508333 0.686458 0.508333 0.682813 0.501852 0.682292 0.501852 0.678646 0.495370 0.678125 0.495370 0.675000 0.489815 0.674479 0.489815 0.670833 0.483333 0.670312 0.483333 0.668750 0.480556
0 0.316667 0.480556 0.079167 0.077778 0.317708 0.441667 0.313021 0.450000 0.312500 0.450000 0.278125 0.511111 0.278125 0.512037 0.277083 0.513889 0.277083 0.515741 0.277604 0.516667 0.277604 0.517593 0.278646 0.519444 0.280729 0.519444 0.286458 0.509259 0.286979 0.509259 0.298438 0.488889 0.298958 0.488889 0.306771 0.475000 0.307292 0.475000 0.309375 0.471296 0.309896 0.471296 0.310937 0.469444 0.311458 0.469444 0.311979 0.468519 0.312500 0.468519 0.313021 0.467593 0.314583 0.467593 0.315104 0.466667 0.316146 0.466667 0.316667 0.467593 0.317708 0.467593 0.318229 0.468519 0.318750 0.468519 0.319271 0.469444 0.319792 0.469444 0.320312 0.470370 0.320833 0.470370 0.322396 0.473148 0.322917 0.473148 0.325000 0.476852 0.325521 0.476852 0.329167 0.483333 0.329688 0.483333 0.335938 0.494444 0.336458 0.494444 0.347917 0.514815 0.348438 0.514815 0.350521 0.518519 0.351042 0.518519 0.351562 0.519444 0.353646 0.519444 0.355208 0.516667 0.355208 0.515741 0.356250 0.513889 0.355729 0.513889 0.354687 0.512037 0.354167 0.512037 0.343229 0.492593 0.342708 0.492593 0.325521 0.462037 0.325000 0.462037 0.318229 0.450000 0.318229 0.449074 0.316667 0.446296 0.316667 0.443519
0 0.398958 0.481019 0.079167 0.089815 0.400000 0.436111 0.399479 0.437037 0.399479 0.437963 0.398438 0.439815 0.398438 0.440741 0.397917 0.441667 0.397917 0.442593 0.397396 0.443519 0.397396 0.444444 0.396354 0.446296 0.396354 0.447222 0.395833 0.448148 0.395833 0.449074 0.371875 0.491667 0.371354 0.491667 0.365625 0.501852 0.365625 0.502778 0.365104 0.503704 0.365104 0.504630 0.364063 0.506481 0.364063 0.507407 0.363021 0.509259 0.363021 0.510185 0.361979 0.512037 0.361979 0.512963 0.360938 0.514815 0.360938 0.515741 0.359896 0.517593 0.359896 0.518519 0.359375 0.519444 0.359375 0.522222 0.359896 0.523148 0.359896 0.524074 0.360417 0.525000 0.361458 0.525000 0.361979 0.525926 0.362500 0.525000 0.363021 0.525000 0.371875 0.509259 0.372396 0.509259 0.382292 0.491667 0.382812 0.491667 0.386979 0.484259 0.387500 0.484259 0.390104 0.479630 0.390625 0.479630 0.392188 0.476852 0.392708 0.476852 0.393750 0.475000 0.394271 0.475000 0.394792 0.474074 0.395313 0.474074 0.395833 0.473148 0.396875 0.473148 0.397396 0.472222 0.399479 0.472222 0.400000 0.473148 0.401042 0.473148 0.401562 0.474074 0.402083 0.474074 0.403125 0.475926 0.403646 0.475926 0.404687 0.477778 0.405208 0.477778 0.407292 0.481481 0.407813 0.481481 0.411979 0.488889 0.412500 0.488889 0.425521 0.512037 0.426042 0.512037 0.433333 0.525000 0.433854 0.525000 0.434375 0.525926 0.436458 0.525926 0.437500 0.524074 0.437500 0.521296 0.438021 0.520370 0.438021 0.517593 0.438542 0.516667 0.438542 0.512037 0.437500 0.512037 0.429167 0.497222 0.428646 0.497222 0.400000 0.446296 0.400000 0.445370 0.399479 0.444444 0.399479 0.440741 0.400000 0.439815 0.400000 0.438889 0.400521 0.437963 0.400521 0.437037
0 0.483333 0.476852 0.079167 0.092593 0.481771 0.430556 0.481250 0.431481 0.480729 0.431481 0.480208 0.432407 0.479687 0.432407 0.479167 0.433333 0.478646 0.433333 0.478646 0.445370 0.477083 0.448148 0.477083 0.449074 0.471354 0.459259 0.470833 0.459259 0.453125 0.490741 0.452604 0.490741 0.445312 0.503704 0.445312 0.505556 0.444792 0.506481 0.444792 0.510185 0.444271 0.511111 0.444271 0.514815 0.443750 0.515741 0.443750 0.519444 0.444271 0.520370 0.444271 0.521296 0.444792 0.522222 0.445312 0.522222 0.445833 0.523148 0.446354 0.523148 0.446875 0.522222 0.447396 0.522222 0.448958 0.519444 0.449479 0.519444 0.461458 0.498148 0.461979 0.498148 0.468229 0.487037 0.468750 0.487037 0.472917 0.479630 0.473438 0.479630 0.475521 0.475926 0.476042 0.475926 0.477604 0.473148 0.478125 0.473148 0.479167 0.471296 0.479687 0.471296 0.480208 0.470370 0.481250 0.470370 0.481771 0.469444 0.485417 0.469444 0.485938 0.470370 0.486979 0.470370 0.488021 0.472222 0.488542 0.472222 0.489583 0.474074 0.490104 0.474074 0.492188 0.477778 0.492708 0.477778 0.496875 0.485185 0.497396 0.485185 0.517188 0.520370 0.517708 0.520370 0.518750 0.522222 0.519271 0.522222 0.519792 0.523148 0.521354 0.523148 0.522396 0.521296 0.522396 0.520370 0.522917 0.519444 0.522396 0.518519 0.522396 0.515741 0.521875 0.514815 0.521875 0.512037 0.521354 0.511111 0.521354 0.507407 0.520833 0.506481 0.520833 0.505556 0.491146 0.452778 0.491146 0.451852 0.490625 0.450926 0.490625 0.446296 0.490104 0.445370 0.490104 0.437037 0.489583 0.436111 0.489583 0.435185 0.488542 0.433333 0.488021 0.433333 0.487500 0.432407 0.486979 0.432407 0.486458 0.431481 0.485938 0.431481 0.485417 0.430556
0 0.575521 0.474074 0.077083 0.083333 0.576562 0.432407 0.576042 0.433333 0.575521 0.433333 0.575000 0.434259 0.574479 0.434259 0.573958 0.435185 0.573438 0.435185 0.571875 0.437963 0.571354 0.437963 0.569271 0.441667 0.568750 0.441667 0.568229 0.442593 0.568229 0.443519 0.568750 0.444444 0.568750 0.445370 0.569792 0.447222 0.569792 0.448148 0.570312 0.449074 0.570312 0.450926 0.569792 0.451852 0.569792 0.452778 0.558333 0.473148 0.557813 0.473148 0.542708 0.500000 0.542188 0.500000 0.536979 0.509259 0.536979 0.511111 0.537500 0.512037 0.537500 0.512963 0.538542 0.514815 0.539062 0.514815 0.539583 0.515741 0.540104 0.514815 0.540625 0.514815 0.541667 0.512963 0.542188 0.512963 0.553125 0.493519 0.553646 0.493519 0.560937 0.480556 0.561458 0.480556 0.565104 0.474074 0.565625 0.474074 0.568229 0.469444 0.568750 0.469444 0.570312 0.466667 0.570833 0.466667 0.571875 0.464815 0.572396 0.464815 0.572917 0.463889 0.573438 0.463889 0.573958 0.462963 0.575521 0.462963 0.576042 0.462037 0.577083 0.462037 0.577604 0.462963 0.578646 0.462963 0.579167 0.463889 0.579688 0.463889 0.580208 0.464815 0.580729 0.464815 0.581250 0.465741 0.581771 0.465741 0.583854 0.469444 0.584375 0.469444 0.587500 0.475000 0.588021 0.475000 0.609375 0.512963 0.609896 0.512963 0.610417 0.513889 0.610938 0.513889 0.611458 0.514815 0.612500 0.514815 0.613021 0.513889 0.613542 0.513889 0.613542 0.512963 0.614062 0.512037 0.614062 0.509259 0.613021 0.507407 0.613021 0.506481 0.611458 0.503704 0.611458 0.502778 0.609896 0.500000 0.609896 0.499074 0.608333 0.496296 0.608333 0.495370 0.606771 0.492593 0.606771 0.491667 0.588021 0.458333 0.588021 0.457407 0.586458 0.454630 0.586458 0.453704 0.585417 0.451852 0.585417 0.450926 0.583854 0.448148 0.583854 0.447222 0.582292 0.444444 0.582292 0.443519 0.581250 0.441667 0.581250 0.440741 0.579688 0.437963 0.579688 0.437037 0.578646 0.435185 0.578646 0.434259 0.577604 0.432407
0 0.665885 0.494444 0.081771 0.077778 0.666667 0.455556 0.665625 0.457407 0.665625 0.458333 0.661458 0.465741 0.660937 0.465741 0.650521 0.484259 0.650000 0.484259 0.640104 0.501852 0.639583 0.501852 0.630208 0.518519 0.629687 0.518519 0.627083 0.523148 0.626042 0.523148 0.625521 0.524074 0.625000 0.523148 0.627083 0.526852 0.627083 0.527778 0.628646 0.530556 0.628646 0.531481 0.629687 0.533333 0.631771 0.533333 0.633333 0.530556 0.633854 0.530556 0.642188 0.515741 0.642708 0.515741 0.649479 0.503704 0.650000 0.503704 0.654167 0.496296 0.654687 0.496296 0.657813 0.490741 0.658333 0.490741 0.660417 0.487037 0.660937 0.487037 0.662500 0.484259 0.663021 0.484259 0.664062 0.482407 0.664583 0.482407 0.665104 0.481481 0.665625 0.481481 0.666146 0.480556 0.666667 0.480556 0.667188 0.479630 0.668750 0.479630 0.670312 0.482407 0.670833 0.482407 0.674479 0.488889 0.675000 0.488889 0.678125 0.494444 0.678646 0.494444 0.682292 0.500926 0.682813 0.500926 0.686458 0.507407 0.686979 0.507407 0.690104 0.512963 0.690625 0.512963 0.694271 0.519444 0.694792 0.519444 0.698438 0.525926 0.698958 0.525926 0.702083 0.531481 0.702604 0.531481 0.703125 0.532407 0.703646 0.532407 0.704167 0.533333 0.704688 0.533333 0.705208 0.532407 0.705729 0.532407 0.706771 0.530556 0.706771 0.527778 0.706250 0.526852 0.706250 0.525926 0.701042 0.516667 0.701042 0.515741 0.686979 0.490741 0.686979 0.489815 0.669792 0.459259 0.669271 0.459259 0.667188 0.455556
0 0.358333 0.475000 0.082292 0.077778 0.396354 0.436111 0.395833 0.437037 0.395313 0.437037 0.394792 0.437963 0.394271 0.437963 0.393750 0.438889 0.393229 0.438889 0.391667 0.441667 0.391146 0.441667 0.389583 0.444444 0.389062 0.444444 0.385937 0.450000 0.385417 0.450000 0.378646 0.462037 0.378125 0.462037 0.363542 0.487963 0.363021 0.487963 0.361979 0.489815 0.360938 0.489815 0.360417 0.488889 0.359896 0.488889 0.358854 0.487037 0.358854 0.486111 0.358333 0.485185 0.358333 0.483333 0.358854 0.482407 0.358854 0.481481 0.359896 0.479630 0.359896 0.478704 0.361458 0.475926 0.361458 0.475000 0.363021 0.472222 0.363021 0.471296 0.364583 0.468519 0.364583 0.467593 0.365625 0.465741 0.356771 0.481481 0.356250 0.481481 0.355208 0.483333 0.353646 0.483333 0.352604 0.485185 0.351042 0.485185 0.350521 0.484259 0.350000 0.484259 0.347396 0.479630 0.346875 0.479630 0.335417 0.459259 0.334896 0.459259 0.328646 0.448148 0.328125 0.448148 0.324479 0.441667 0.323958 0.441667 0.321875 0.437963 0.321354 0.437963 0.320833 0.437037 0.317188 0.443519 0.317188 0.446296 0.318750 0.449074 0.318750 0.450000 0.325000 0.461111 0.325521 0.461111 0.342708 0.491667 0.343229 0.491667 0.354167 0.511111 0.354687 0.511111 0.355729 0.512963 0.356250 0.512963 0.356771 0.513889 0.357812 0.513889 0.358333 0.512963 0.358854 0.512963 0.371354 0.490741 0.371875 0.490741 0.395313 0.449074 0.395313 0.448148 0.395833 0.447222 0.395833 0.446296 0.396875 0.444444 0.396875 0.443519 0.397396 0.442593 0.397396 0.441667 0.397917 0.440741 0.397917 0.439815 0.398958 0.437963 0.398958 0.437037 0.399479 0.436111
0 0.439063 0.473148 0.078125 0.077778 0.478125 0.434259 0.477604 0.435185 0.477083 0.435185 0.475000 0.438889 0.474479 0.438889 0.471354 0.444444 0.470833 0.444444 0.465625 0.453704 0.465104 0.453704 0.449479 0.481481 0.448958 0.481481 0.447396 0.484259 0.445312 0.484259 0.443750 0.481481 0.443750 0.480556 0.443229 0.479630 0.443229 0.478704 0.443750 0.477778 0.443750 0.474074 0.444271 0.473148 0.444271 0.470370 0.444792 0.469444 0.444792 0.467593 0.443229 0.470370 0.442708 0.470370 0.440625 0.474074 0.439583 0.474074 0.439583 0.476852 0.439063 0.477778 0.439063 0.480556 0.438542 0.481481 0.438542 0.485185 0.438021 0.486111 0.438021 0.487037 0.436458 0.489815 0.434375 0.489815 0.433854 0.488889 0.433333 0.488889 0.423438 0.471296 0.422917 0.471296 0.411979 0.451852 0.411458 0.451852 0.407813 0.445370 0.407292 0.445370 0.405208 0.441667 0.404687 0.441667 0.403125 0.438889 0.402604 0.438889 0.402083 0.437963 0.401562 0.437963 0.401042 0.437037 0.401042 0.437963 0.400521 0.438889 0.400521 0.439815 0.400000 0.440741 0.400000 0.444444 0.400521 0.445370 0.400521 0.446296 0.428646 0.496296 0.429167 0.496296 0.437500 0.511111 0.438542 0.511111 0.439063 0.512037 0.439583 0.511111 0.440104 0.511111 0.441146 0.509259 0.441667 0.509259 0.452604 0.489815 0.453125 0.489815 0.470833 0.458333 0.471354 0.458333 0.476562 0.449074 0.476562 0.448148 0.478125 0.445370
0 0.529948 0.477315 0.079687 0.082407 0.490104 0.436111 0.490625 0.437037 0.490625 0.445370 0.491146 0.446296 0.491146 0.450926 0.491667 0.451852 0.491667 0.452778 0.527604 0.516667 0.528125 0.516667 0.529167 0.518519 0.530729 0.518519 0.531771 0.516667 0.532292 0.516667 0.542188 0.499074 0.542708 0.499074 0.557813 0.472222 0.558333 0.472222 0.569271 0.452778 0.569271 0.451852 0.569792 0.450926 0.569792 0.449074 0.569271 0.448148 0.569271 0.447222 0.568229 0.445370 0.568229 0.444444 0.567708 0.443519 0.565104 0.448148 0.564583 0.448148 0.558854 0.458333 0.558333 0.458333 0.546354 0.479630 0.545833 0.479630 0.542708 0.485185 0.542188 0.485185 0.541667 0.486111 0.540625 0.486111 0.538542 0.482407 0.538542 0.481481 0.538021 0.480556 0.538021 0.478704 0.537500 0.477778 0.537500 0.475926 0.536979 0.475000 0.535417 0.477778 0.534896 0.477778 0.532292 0.482407 0.531771 0.482407 0.531250 0.483333 0.529687 0.483333 0.529167 0.482407 0.528646 0.482407 0.521875 0.470370 0.521875 0.471296 0.522396 0.472222 0.522396 0.475000 0.522917 0.475926 0.522917 0.477778 0.523438 0.478704 0.523438 0.479630 0.522917 0.480556 0.522917 0.481481 0.521354 0.484259 0.519792 0.484259 0.519271 0.483333 0.518750 0.483333 0.517188 0.480556 0.516667 0.480556 0.497917 0.447222 0.497396 0.447222 0.493229 0.439815 0.492708 0.439815 0.490625 0.436111
0 0.621875 0.477315 0.088542 0.091667 0.577604 0.431481 0.579167 0.434259 0.579167 0.435185 0.580208 0.437037 0.580208 0.437963 0.581771 0.440741 0.581771 0.441667 0.582812 0.443519 0.582812 0.444444 0.584375 0.447222 0.584375 0.448148 0.585938 0.450926 0.585938 0.451852 0.586979 0.453704 0.586979 0.454630 0.588542 0.457407 0.588542 0.458333 0.609375 0.495370 0.609375 0.496296 0.622917 0.520370 0.623437 0.520370 0.624479 0.522222 0.625000 0.522222 0.625521 0.523148 0.626042 0.522222 0.627083 0.522222 0.629687 0.517593 0.630208 0.517593 0.639583 0.500926 0.640104 0.500926 0.650000 0.483333 0.650521 0.483333 0.660937 0.464815 0.661458 0.464815 0.665104 0.458333 0.665104 0.457407 0.666146 0.455556 0.666146 0.451852 0.663542 0.447222 0.663021 0.447222 0.661458 0.444444 0.660937 0.445370 0.660417 0.445370 0.658333 0.449074 0.657813 0.449074 0.655208 0.453704 0.654687 0.453704 0.650521 0.461111 0.650000 0.461111 0.643750 0.472222 0.643229 0.472222 0.633854 0.488889 0.633333 0.488889 0.630729 0.493519 0.629167 0.493519 0.624479 0.485185 0.624479 0.484259 0.622917 0.481481 0.622396 0.481481 0.611458 0.462037 0.611458 0.461111 0.598958 0.438889 0.601042 0.442593 0.601042 0.443519 0.604167 0.449074 0.604167 0.450000 0.607292 0.455556 0.607292 0.456481 0.610417 0.462037 0.610417 0.462963 0.613542 0.468519 0.613542 0.469444 0.616146 0.474074 0.616146 0.475000 0.618229 0.478704 0.618229 0.482407 0.616667 0.485185 0.614062 0.485185 0.611458 0.480556 0.610938 0.480556 0.606250 0.472222 0.606250 0.471296 0.595833 0.452778 0.595313 0.452778 0.588542 0.440741 0.588021 0.440741 0.585938 0.437037 0.585417 0.437037 0.583854 0.434259 0.583333 0.434259 0.582812 0.433333 0.582292 0.433333 0.581771 0.432407 0.581250 0.432407 0.580729 0.431481
0 0.707812 0.486574 0.091667 0.091667 0.664583 0.440741 0.664062 0.441667 0.663542 0.441667 0.662500 0.443519 0.661979 0.443519 0.661979 0.444444 0.663021 0.446296 0.663542 0.446296 0.666667 0.451852 0.666667 0.454630 0.667188 0.454630 0.669271 0.458333 0.669792 0.458333 0.687500 0.489815 0.687500 0.490741 0.704167 0.520370 0.704688 0.520370 0.707292 0.525000 0.707812 0.525000 0.710417 0.529630 0.710938 0.529630 0.712500 0.532407 0.713542 0.532407 0.714063 0.531481 0.714583 0.531481 0.715625 0.529630 0.716146 0.529630 0.721354 0.520370 0.721875 0.520370 0.729167 0.507407 0.729688 0.507407 0.737500 0.493519 0.738021 0.493519 0.745313 0.480556 0.745833 0.480556 0.753125 0.467593 0.753125 0.466667 0.753646 0.465741 0.753646 0.464815 0.753125 0.463889 0.753125 0.462963 0.752083 0.461111 0.751563 0.461111 0.751042 0.460185 0.750521 0.460185 0.745833 0.468519 0.745313 0.468519 0.737500 0.482407 0.736979 0.482407 0.729167 0.496296 0.728646 0.496296 0.723437 0.505556 0.722917 0.505556 0.721875 0.507407 0.721354 0.507407 0.720833 0.508333 0.720313 0.507407 0.719271 0.507407 0.717708 0.504630 0.717187 0.504630 0.715625 0.501852 0.715104 0.501852 0.713542 0.499074 0.713021 0.499074 0.711458 0.496296 0.710938 0.496296 0.709375 0.493519 0.708854 0.493519 0.707292 0.490741 0.706771 0.490741 0.705729 0.488889 0.705729 0.489815 0.704167 0.492593 0.701562 0.492593 0.700000 0.489815 0.699479 0.489815 0.697917 0.487037 0.697396 0.487037 0.695833 0.484259 0.695312 0.484259 0.693229 0.480556 0.692708 0.480556 0.691146 0.477778 0.690625 0.477778 0.689063 0.475000 0.688542 0.475000 0.686458 0.471296 0.685937 0.471296 0.680208 0.461111 0.679688 0.461111 0.678125 0.458333 0.677604 0.458333 0.676042 0.455556 0.675521 0.455556 0.673958 0.452778 0.673438 0.452778 0.671354 0.449074 0.670833 0.449074 0.669271 0.446296 0.668750 0.446296 0.667188 0.443519 0.666667 0.443519 0.665104 0.440741
0 0.314583 0.447685 0.078125 0.073148 0.313021 0.411111 0.310937 0.414815 0.310417 0.414815 0.296875 0.438889 0.296875 0.439815 0.276562 0.475926 0.276562 0.476852 0.276042 0.477778 0.276042 0.478704 0.275521 0.479630 0.276042 0.480556 0.276042 0.481481 0.277083 0.483333 0.277604 0.483333 0.278125 0.484259 0.278646 0.484259 0.279167 0.483333 0.279687 0.483333 0.282292 0.478704 0.282813 0.478704 0.285417 0.474074 0.285938 0.474074 0.289062 0.468519 0.289583 0.468519 0.292187 0.463889 0.292708 0.463889 0.295833 0.458333 0.296354 0.458333 0.298958 0.453704 0.299479 0.453704 0.302604 0.448148 0.303125 0.448148 0.306250 0.442593 0.306771 0.442593 0.309375 0.437963 0.309896 0.437963 0.313021 0.432407 0.313542 0.432407 0.314583 0.430556 0.315625 0.430556 0.316146 0.431481 0.317188 0.431481 0.318229 0.433333 0.318750 0.433333 0.319271 0.434259 0.319792 0.434259 0.321354 0.437037 0.321875 0.437037 0.323958 0.440741 0.324479 0.440741 0.328125 0.447222 0.328646 0.447222 0.334896 0.458333 0.335417 0.458333 0.346875 0.478704 0.347396 0.478704 0.350000 0.483333 0.350521 0.483333 0.351042 0.484259 0.352604 0.484259 0.353646 0.482407 0.353125 0.482407 0.351042 0.478704 0.350521 0.478704 0.336458 0.453704 0.335938 0.453704 0.319792 0.425000 0.319271 0.425000 0.315104 0.417593 0.315104 0.416667 0.313542 0.413889 0.313542 0.412963 0.313021 0.412037
0 0.398958 0.442593 0.080208 0.092593 0.401042 0.396296 0.401042 0.397222 0.400000 0.399074 0.400000 0.400000 0.398958 0.401852 0.398958 0.402778 0.397917 0.404630 0.397917 0.405556 0.396875 0.407407 0.396875 0.408333 0.395313 0.411111 0.395313 0.412037 0.394271 0.413889 0.394271 0.414815 0.391667 0.419444 0.391667 0.420370 0.382812 0.436111 0.382292 0.436111 0.366146 0.464815 0.366146 0.465741 0.365104 0.467593 0.365104 0.468519 0.363542 0.471296 0.363542 0.472222 0.361979 0.475000 0.361979 0.475926 0.360417 0.478704 0.360417 0.479630 0.359375 0.481481 0.359375 0.482407 0.358854 0.483333 0.358854 0.485185 0.359375 0.486111 0.359375 0.487037 0.359896 0.487963 0.360417 0.487963 0.360938 0.488889 0.361979 0.488889 0.363021 0.487037 0.363542 0.487037 0.378125 0.461111 0.378646 0.461111 0.385417 0.449074 0.385937 0.449074 0.389062 0.443519 0.389583 0.443519 0.391146 0.440741 0.391667 0.440741 0.393229 0.437963 0.393750 0.437963 0.394271 0.437037 0.394792 0.437037 0.395313 0.436111 0.395833 0.436111 0.396354 0.435185 0.400000 0.435185 0.400521 0.436111 0.401042 0.436111 0.401562 0.437037 0.402083 0.437037 0.402604 0.437963 0.403125 0.437963 0.404687 0.440741 0.405208 0.440741 0.407292 0.444444 0.407813 0.444444 0.411458 0.450926 0.411979 0.450926 0.422917 0.470370 0.423438 0.470370 0.433333 0.487963 0.433854 0.487963 0.434375 0.488889 0.436458 0.488889 0.437500 0.487037 0.437500 0.486111 0.438021 0.485185 0.438021 0.481481 0.438542 0.480556 0.438542 0.477778 0.439063 0.476852 0.439063 0.474074 0.438542 0.474074 0.438021 0.473148 0.437500 0.473148 0.429167 0.458333 0.428646 0.458333 0.400000 0.407407 0.400000 0.406481 0.399479 0.405556 0.399479 0.402778 0.400521 0.400926 0.400521 0.400000 0.401562 0.398148 0.401562 0.397222 0.402083 0.396296
0 0.483333 0.437500 0.079167 0.091667 0.482292 0.391667 0.481771 0.392593 0.480729 0.392593 0.480208 0.393519 0.479687 0.393519 0.479167 0.394444 0.479167 0.405556 0.478646 0.406481 0.478646 0.407407 0.476042 0.412037 0.476042 0.412963 0.472917 0.418519 0.472396 0.418519 0.445312 0.466667 0.445312 0.469444 0.444792 0.470370 0.444792 0.473148 0.444271 0.474074 0.444271 0.477778 0.443750 0.478704 0.443750 0.479630 0.444271 0.480556 0.444271 0.481481 0.445312 0.483333 0.447396 0.483333 0.448958 0.480556 0.449479 0.480556 0.465104 0.452778 0.465625 0.452778 0.470833 0.443519 0.471354 0.443519 0.474479 0.437963 0.475000 0.437963 0.477083 0.434259 0.477604 0.434259 0.478646 0.432407 0.479167 0.432407 0.479687 0.431481 0.480208 0.431481 0.480729 0.430556 0.481250 0.430556 0.481771 0.429630 0.485417 0.429630 0.485938 0.430556 0.486458 0.430556 0.486979 0.431481 0.487500 0.431481 0.488021 0.432407 0.488542 0.432407 0.490104 0.435185 0.490625 0.435185 0.492708 0.438889 0.493229 0.438889 0.497396 0.446296 0.497917 0.446296 0.516667 0.479630 0.517188 0.479630 0.518750 0.482407 0.519271 0.482407 0.519792 0.483333 0.521354 0.483333 0.522396 0.481481 0.522396 0.480556 0.522917 0.479630 0.522917 0.478704 0.522396 0.477778 0.522396 0.475926 0.521875 0.475000 0.521875 0.472222 0.521354 0.471296 0.521354 0.469444 0.491146 0.415741 0.491146 0.414815 0.490625 0.413889 0.490625 0.407407 0.490104 0.406481 0.490104 0.399074 0.489583 0.398148 0.489583 0.396296 0.488542 0.394444 0.488021 0.394444 0.487500 0.393519 0.486979 0.393519 0.486458 0.392593 0.485938 0.392593 0.485417 0.391667
0 0.577604 0.439815 0.080208 0.090741 0.575521 0.394444 0.575000 0.395370 0.574479 0.395370 0.573958 0.396296 0.573438 0.396296 0.571875 0.399074 0.571354 0.399074 0.568750 0.403704 0.568229 0.403704 0.568229 0.405556 0.569792 0.408333 0.569792 0.409259 0.570833 0.411111 0.570833 0.415741 0.552604 0.448148 0.552083 0.448148 0.537500 0.474074 0.537500 0.475000 0.538021 0.475926 0.538021 0.477778 0.538542 0.478704 0.538542 0.480556 0.539062 0.481481 0.539062 0.482407 0.540625 0.485185 0.541667 0.485185 0.542188 0.484259 0.542708 0.484259 0.545833 0.478704 0.546354 0.478704 0.558333 0.457407 0.558854 0.457407 0.564583 0.447222 0.565104 0.447222 0.568750 0.440741 0.569271 0.440741 0.571354 0.437037 0.571875 0.437037 0.573438 0.434259 0.573958 0.434259 0.574479 0.433333 0.575000 0.433333 0.575521 0.432407 0.576042 0.432407 0.576562 0.431481 0.577083 0.431481 0.577604 0.430556 0.580729 0.430556 0.581250 0.431481 0.581771 0.431481 0.582292 0.432407 0.582812 0.432407 0.583333 0.433333 0.583854 0.433333 0.585417 0.436111 0.585938 0.436111 0.588021 0.439815 0.588542 0.439815 0.595313 0.451852 0.595833 0.451852 0.606771 0.471296 0.606771 0.472222 0.610938 0.479630 0.611458 0.479630 0.614062 0.484259 0.616667 0.484259 0.617708 0.482407 0.617708 0.478704 0.615625 0.475000 0.615625 0.474074 0.613021 0.469444 0.613021 0.468519 0.609896 0.462963 0.609896 0.462037 0.606771 0.456481 0.606771 0.455556 0.603646 0.450000 0.603646 0.449074 0.600521 0.443519 0.600521 0.442593 0.597917 0.437963 0.597917 0.437037 0.589583 0.422222 0.589583 0.421296 0.585938 0.414815 0.585938 0.413889 0.582812 0.408333 0.582812 0.407407
0 0.664844 0.454167 0.080729 0.076852 0.665625 0.415741 0.665104 0.416667 0.665104 0.417593 0.659896 0.426852 0.659375 0.426852 0.648438 0.446296 0.647917 0.446296 0.636458 0.466667 0.635938 0.466667 0.628125 0.480556 0.627604 0.480556 0.626042 0.483333 0.624479 0.483333 0.625000 0.484259 0.625000 0.485185 0.629167 0.492593 0.630729 0.492593 0.633333 0.487963 0.633854 0.487963 0.643229 0.471296 0.643750 0.471296 0.650000 0.460185 0.650521 0.460185 0.654687 0.452778 0.655208 0.452778 0.657813 0.448148 0.658333 0.448148 0.660417 0.444444 0.660937 0.444444 0.661979 0.442593 0.662500 0.442593 0.663542 0.440741 0.664062 0.440741 0.664583 0.439815 0.665104 0.439815 0.666667 0.442593 0.667188 0.442593 0.668750 0.445370 0.669271 0.445370 0.670833 0.448148 0.671354 0.448148 0.673438 0.451852 0.673958 0.451852 0.675521 0.454630 0.676042 0.454630 0.677604 0.457407 0.678125 0.457407 0.679688 0.460185 0.680208 0.460185 0.685937 0.470370 0.686458 0.470370 0.688542 0.474074 0.689063 0.474074 0.690625 0.476852 0.691146 0.476852 0.692708 0.479630 0.693229 0.479630 0.695312 0.483333 0.695833 0.483333 0.697396 0.486111 0.697917 0.486111 0.699479 0.488889 0.700000 0.488889 0.701562 0.491667 0.704167 0.491667 0.705208 0.489815 0.705208 0.487037 0.704688 0.486111 0.704688 0.485185 0.702604 0.481481 0.702604 0.480556 0.691667 0.461111 0.691667 0.460185 0.679167 0.437963 0.679167 0.437037 0.669792 0.420370 0.669271 0.420370 0.668229 0.418519 0.667708 0.418519 0.666667 0.416667 0.666146 0.416667
0 0.357292 0.438889 0.087500 0.087037 0.396875 0.395370 0.396354 0.396296 0.395833 0.396296 0.395313 0.397222 0.394792 0.397222 0.393750 0.399074 0.393229 0.399074 0.391667 0.401852 0.391146 0.401852 0.388542 0.406481 0.388021 0.406481 0.381771 0.417593 0.381250 0.417593 0.364583 0.447222 0.364063 0.447222 0.363542 0.448148 0.361458 0.448148 0.360417 0.446296 0.360417 0.445370 0.359896 0.444444 0.359896 0.441667 0.360417 0.440741 0.360417 0.439815 0.363021 0.435185 0.363021 0.434259 0.365625 0.429630 0.365625 0.428704 0.368229 0.424074 0.368229 0.423148 0.371354 0.417593 0.371354 0.416667 0.373958 0.412037 0.359896 0.437037 0.359375 0.437037 0.357812 0.439815 0.356250 0.439815 0.355208 0.441667 0.355208 0.442593 0.353646 0.445370 0.353125 0.445370 0.352604 0.446296 0.351562 0.446296 0.351042 0.445370 0.350521 0.445370 0.349479 0.443519 0.348958 0.443519 0.341667 0.430556 0.341146 0.430556 0.331771 0.413889 0.331250 0.413889 0.326562 0.405556 0.326042 0.405556 0.323437 0.400926 0.322917 0.400926 0.321875 0.399074 0.321354 0.399074 0.320312 0.400926 0.319792 0.400926 0.318229 0.403704 0.317708 0.403704 0.316146 0.406481 0.315625 0.406481 0.313542 0.410185 0.313542 0.412037 0.314063 0.412963 0.314063 0.413889 0.315625 0.416667 0.315625 0.417593 0.319271 0.424074 0.319792 0.424074 0.335938 0.452778 0.336458 0.452778 0.350521 0.477778 0.351042 0.477778 0.353125 0.481481 0.353646 0.481481 0.354167 0.482407 0.355208 0.482407 0.356250 0.480556 0.356771 0.480556 0.382292 0.435185 0.382812 0.435185 0.391146 0.420370 0.391146 0.419444 0.393750 0.414815 0.393750 0.413889 0.394792 0.412037 0.394792 0.411111 0.396354 0.408333 0.396354 0.407407 0.397396 0.405556 0.397396 0.404630 0.398438 0.402778 0.398438 0.401852 0.399479 0.400000 0.399479 0.399074 0.400521 0.397222 0.400521 0.396296 0.401042 0.395370
0 0.439323 0.434259 0.078646 0.077778 0.478125 0.395370 0.477083 0.397222 0.476562 0.397222 0.474479 0.400926 0.473958 0.400926 0.469792 0.408333 0.469271 0.408333 0.460417 0.424074 0.459896 0.424074 0.447917 0.445370 0.447396 0.445370 0.446875 0.446296 0.445833 0.446296 0.443750 0.442593 0.443750 0.441667 0.443229 0.440741 0.443750 0.439815 0.443750 0.437037 0.444271 0.436111 0.444271 0.432407 0.444792 0.431481 0.444792 0.430556 0.441146 0.437037 0.440625 0.437037 0.440104 0.437963 0.439583 0.437963 0.439583 0.440741 0.439063 0.441667 0.439063 0.444444 0.438542 0.445370 0.438542 0.446296 0.437500 0.448148 0.434896 0.448148 0.434375 0.447222 0.433854 0.447222 0.423438 0.428704 0.422917 0.428704 0.413021 0.411111 0.412500 0.411111 0.408333 0.403704 0.407813 0.403704 0.405729 0.400000 0.405208 0.400000 0.404167 0.398148 0.403646 0.398148 0.402604 0.396296 0.402083 0.397222 0.402083 0.398148 0.401042 0.400000 0.401042 0.400926 0.400000 0.402778 0.400000 0.405556 0.400521 0.406481 0.400521 0.407407 0.428646 0.457407 0.429167 0.457407 0.437500 0.472222 0.438021 0.472222 0.438542 0.473148 0.440625 0.473148 0.442708 0.469444 0.443229 0.469444 0.472396 0.417593 0.472917 0.417593 0.475521 0.412963 0.475521 0.412037 0.478125 0.407407 0.478125 0.406481 0.478646 0.405556 0.478646 0.395370
0 0.530208 0.439815 0.080208 0.085185 0.490104 0.397222 0.490104 0.398148 0.490625 0.399074 0.490625 0.406481 0.491146 0.407407 0.491146 0.413889 0.491667 0.414815 0.491667 0.415741 0.528646 0.481481 0.529167 0.481481 0.529687 0.482407 0.531250 0.482407 0.531771 0.481481 0.532292 0.481481 0.534896 0.476852 0.535417 0.476852 0.552083 0.447222 0.552604 0.447222 0.570312 0.415741 0.570312 0.411111 0.569271 0.409259 0.569271 0.408333 0.567708 0.405556 0.567708 0.404630 0.564583 0.410185 0.564063 0.410185 0.557292 0.422222 0.556771 0.422222 0.544271 0.444444 0.543750 0.444444 0.542188 0.447222 0.540625 0.447222 0.538542 0.443519 0.538542 0.442593 0.538021 0.441667 0.538021 0.439815 0.533854 0.447222 0.533333 0.447222 0.532292 0.449074 0.530729 0.449074 0.530208 0.448148 0.529687 0.448148 0.522396 0.435185 0.522396 0.436111 0.522917 0.437037 0.522917 0.438889 0.523438 0.439815 0.523438 0.442593 0.521875 0.445370 0.519271 0.445370 0.518229 0.443519 0.517708 0.443519 0.498958 0.410185 0.498437 0.410185 0.493750 0.401852 0.493229 0.401852 0.490625 0.397222
0 0.621094 0.437500 0.089063 0.089815 0.577604 0.392593 0.577083 0.393519 0.576562 0.393519 0.577604 0.395370 0.577604 0.396296 0.580729 0.401852 0.580729 0.402778 0.583333 0.407407 0.583333 0.408333 0.586458 0.413889 0.586458 0.414815 0.590104 0.421296 0.590104 0.422222 0.611979 0.461111 0.611979 0.462037 0.622396 0.480556 0.622917 0.480556 0.623958 0.482407 0.626042 0.482407 0.627604 0.479630 0.628125 0.479630 0.635938 0.465741 0.636458 0.465741 0.647917 0.445370 0.648438 0.445370 0.659375 0.425926 0.659896 0.425926 0.664583 0.417593 0.664583 0.416667 0.665625 0.414815 0.665625 0.412963 0.665104 0.412037 0.665104 0.411111 0.664062 0.409259 0.663542 0.409259 0.662500 0.407407 0.661979 0.407407 0.660937 0.405556 0.660417 0.405556 0.659896 0.404630 0.658854 0.406481 0.658333 0.406481 0.656250 0.410185 0.655729 0.410185 0.652604 0.415741 0.652083 0.415741 0.647396 0.424074 0.646875 0.424074 0.638021 0.439815 0.637500 0.439815 0.630729 0.451852 0.630208 0.451852 0.629687 0.452778 0.629167 0.452778 0.628646 0.453704 0.628125 0.452778 0.627604 0.452778 0.600521 0.404630 0.600000 0.405556 0.600000 0.406481 0.616146 0.435185 0.616146 0.436111 0.618229 0.439815 0.618229 0.443519 0.616667 0.446296 0.616146 0.446296 0.615625 0.447222 0.615104 0.446296 0.614062 0.446296 0.611979 0.442593 0.611458 0.442593 0.606771 0.434259 0.606771 0.433333 0.593750 0.410185 0.593229 0.410185 0.588021 0.400926 0.587500 0.400926 0.585417 0.397222 0.584896 0.397222 0.583854 0.395370 0.583333 0.395370 0.582292 0.393519 0.581250 0.393519 0.580729 0.392593
0 0.710938 0.446296 0.101042 0.122222 0.703125 0.385185 0.702604 0.386111 0.702083 0.386111 0.695312 0.398148 0.694792 0.398148 0.688021 0.410185 0.687500 0.410185 0.686458 0.412037 0.686458 0.412963 0.696354 0.430556 0.696354 0.431481 0.703125 0.443519 0.703125 0.444444 0.704167 0.446296 0.704167 0.449074 0.703646 0.450000 0.703646 0.450926 0.703125 0.451852 0.702604 0.451852 0.702083 0.452778 0.700521 0.452778 0.700000 0.451852 0.699479 0.451852 0.698438 0.450000 0.697917 0.450000 0.696875 0.448148 0.696354 0.448148 0.694792 0.445370 0.694271 0.445370 0.693229 0.443519 0.692708 0.443519 0.691667 0.441667 0.691146 0.441667 0.688021 0.436111 0.687500 0.436111 0.686458 0.434259 0.685937 0.434259 0.684896 0.432407 0.684375 0.432407 0.683333 0.430556 0.682813 0.430556 0.681771 0.428704 0.681250 0.428704 0.680208 0.426852 0.679688 0.426852 0.678646 0.425000 0.678125 0.425000 0.677083 0.423148 0.676562 0.423148 0.675521 0.421296 0.675000 0.421296 0.673958 0.419444 0.673438 0.419444 0.672396 0.417593 0.671875 0.417593 0.670833 0.415741 0.670312 0.415741 0.669271 0.413889 0.668750 0.413889 0.667188 0.411111 0.666667 0.411111 0.665625 0.409259 0.665104 0.409259 0.664062 0.407407 0.663542 0.407407 0.662500 0.405556 0.661979 0.405556 0.660937 0.403704 0.660417 0.403704 0.660417 0.404630 0.660937 0.404630 0.661979 0.406481 0.662500 0.406481 0.663542 0.408333 0.664062 0.408333 0.665625 0.411111 0.665625 0.412037 0.666146 0.412963 0.666146 0.415741 0.666667 0.415741 0.667708 0.417593 0.668229 0.417593 0.669271 0.419444 0.669792 0.419444 0.679688 0.437037 0.679688 0.437963 0.692187 0.460185 0.692187 0.461111 0.703125 0.480556 0.703125 0.481481 0.705208 0.485185 0.705208 0.486111 0.705729 0.487037 0.705729 0.487963 0.706771 0.489815 0.707292 0.489815 0.708854 0.492593 0.709375 0.492593 0.710938 0.495370 0.711458 0.495370 0.713021 0.498148 0.713542 0.498148 0.715104 0.500926 0.715625 0.500926 0.717187 0.503704 0.717708 0.503704 0.719271 0.506481 0.720313 0.506481 0.720833 0.507407 0.721354 0.506481 0.721875 0.506481 0.722917 0.504630 0.723437 0.504630 0.728646 0.495370 0.729167 0.495370 0.736979 0.481481 0.737500 0.481481 0.745313 0.467593 0.745833 0.467593 0.753646 0.453704 0.754167 0.453704 0.760938 0.441667 0.760938 0.440741 0.761458 0.439815 0.761458 0.438889 0.760938 0.437963 0.760938 0.437037 0.759896 0.435185 0.759375 0.435185 0.758854 0.434259 0.758333 0.434259 0.757812 0.433333 0.757292 0.433333 0.756771 0.432407 0.756250 0.432407 0.755729 0.431481 0.755208 0.431481 0.754687 0.430556 0.754167 0.430556 0.753646 0.429630 0.753125 0.429630 0.752604 0.428704 0.752083 0.428704 0.751563 0.427778 0.751042 0.427778 0.750521 0.426852 0.750000 0.426852 0.749479 0.425926 0.748958 0.425926 0.748437 0.425000 0.747917 0.425000 0.747396 0.424074 0.746875 0.424074 0.746354 0.423148 0.745833 0.423148 0.745313 0.422222 0.744792 0.422222 0.744271 0.421296 0.743750 0.421296 0.743229 0.420370 0.742708 0.420370 0.742188 0.419444 0.741667 0.419444 0.741146 0.418519 0.740625 0.418519 0.740104 0.417593 0.739583 0.417593 0.739062 0.416667 0.738542 0.416667 0.738021 0.415741 0.737500 0.415741 0.736979 0.414815 0.736458 0.414815 0.735938 0.413889 0.735417 0.413889 0.734896 0.412963 0.734375 0.412963 0.733854 0.412037 0.733333 0.412037 0.732812 0.411111 0.732292 0.411111 0.731771 0.410185 0.731250 0.410185 0.730729 0.409259 0.730208 0.409259 0.729688 0.408333 0.729167 0.408333 0.728646 0.407407 0.728125 0.407407 0.727604 0.406481 0.727083 0.406481 0.726562 0.405556 0.726042 0.405556 0.725521 0.404630 0.725000 0.404630 0.724479 0.403704 0.723958 0.403704 0.723437 0.402778 0.722917 0.402778 0.722396 0.401852 0.721875 0.401852 0.721354 0.400926 0.720833 0.400926 0.720313 0.400000 0.719792 0.400000 0.719271 0.399074 0.718750 0.399074 0.718229 0.398148 0.717708 0.398148 0.717187 0.397222 0.716667 0.397222 0.716146 0.396296 0.715625 0.396296 0.715104 0.395370 0.714583 0.395370 0.714063 0.394444 0.713542 0.394444 0.713021 0.393519 0.712500 0.393519 0.711979 0.392593 0.711458 0.392593 0.710938 0.391667 0.710417 0.391667 0.709896 0.390741 0.709375 0.390741 0.708854 0.389815 0.708333 0.389815 0.707812 0.388889 0.707292 0.388889 0.706771 0.387963 0.706250 0.387963 0.705729 0.387037 0.705208 0.387037 0.704688 0.386111 0.704167 0.386111 0.703646 0.385185
0 0.315885 0.407407 0.079687 0.075926 0.315625 0.369444 0.314583 0.371296 0.314063 0.371296 0.313021 0.373148 0.312500 0.373148 0.285417 0.421296 0.285417 0.422222 0.276562 0.437963 0.276562 0.438889 0.276042 0.439815 0.276042 0.441667 0.276562 0.442593 0.276562 0.443519 0.277083 0.444444 0.277604 0.444444 0.278125 0.445370 0.279167 0.445370 0.279687 0.444444 0.280208 0.444444 0.281250 0.442593 0.281771 0.442593 0.283333 0.439815 0.283854 0.439815 0.285417 0.437037 0.285938 0.437037 0.287500 0.434259 0.288021 0.434259 0.291667 0.427778 0.292187 0.427778 0.293750 0.425000 0.294271 0.425000 0.295833 0.422222 0.296354 0.422222 0.297396 0.420370 0.297917 0.420370 0.299479 0.417593 0.300000 0.417593 0.301563 0.414815 0.302083 0.414815 0.303646 0.412037 0.304167 0.412037 0.305208 0.410185 0.305729 0.410185 0.307292 0.407407 0.307812 0.407407 0.309375 0.404630 0.309896 0.404630 0.311458 0.401852 0.311979 0.401852 0.313021 0.400000 0.313542 0.400000 0.315104 0.397222 0.315625 0.397222 0.317188 0.394444 0.317708 0.394444 0.318229 0.393519 0.318750 0.394444 0.319271 0.394444 0.320312 0.396296 0.320833 0.396296 0.322917 0.400000 0.323437 0.400000 0.326042 0.404630 0.326562 0.404630 0.331250 0.412963 0.331771 0.412963 0.341146 0.429630 0.341667 0.429630 0.348958 0.442593 0.349479 0.442593 0.350521 0.444444 0.351042 0.444444 0.351562 0.445370 0.352604 0.445370 0.353125 0.444444 0.353646 0.444444 0.354687 0.442593 0.354687 0.441667 0.355729 0.439815 0.353646 0.436111 0.353125 0.436111 0.340104 0.412963 0.339583 0.412963 0.322917 0.383333 0.322396 0.383333 0.317708 0.375000 0.317708 0.374074 0.316146 0.371296 0.316146 0.370370
0 0.399740 0.402778 0.078646 0.088889 0.402604 0.358333 0.398958 0.364815 0.398958 0.365741 0.396354 0.370370 0.396354 0.371296 0.393229 0.376852 0.393229 0.377778 0.374479 0.411111 0.374479 0.412037 0.371875 0.416667 0.371875 0.417593 0.368750 0.423148 0.368750 0.424074 0.366146 0.428704 0.366146 0.429630 0.363542 0.434259 0.363542 0.435185 0.360938 0.439815 0.360938 0.440741 0.360417 0.441667 0.360417 0.444444 0.360938 0.445370 0.360938 0.446296 0.361458 0.447222 0.363542 0.447222 0.364063 0.446296 0.364583 0.446296 0.381250 0.416667 0.381771 0.416667 0.388021 0.405556 0.388542 0.405556 0.391146 0.400926 0.391667 0.400926 0.393229 0.398148 0.393750 0.398148 0.394792 0.396296 0.395313 0.396296 0.395833 0.395370 0.396354 0.395370 0.396875 0.394444 0.401042 0.394444 0.401562 0.395370 0.402604 0.395370 0.403646 0.397222 0.404167 0.397222 0.405208 0.399074 0.405729 0.399074 0.407813 0.402778 0.408333 0.402778 0.412500 0.410185 0.413021 0.410185 0.422917 0.427778 0.423438 0.427778 0.433854 0.446296 0.434375 0.446296 0.434896 0.447222 0.437500 0.447222 0.438021 0.446296 0.438021 0.445370 0.438542 0.444444 0.438542 0.441667 0.439063 0.440741 0.439063 0.437963 0.438542 0.437963 0.437500 0.436111 0.436979 0.436111 0.417708 0.401852 0.417187 0.401852 0.400000 0.371296 0.400000 0.370370 0.399479 0.369444 0.399479 0.368519 0.398958 0.367593 0.398958 0.366667 0.399479 0.365741 0.399479 0.364815 0.400521 0.362963 0.400521 0.362037
0 0.483333 0.390278 0.079167 0.110185 0.481771 0.335185 0.481250 0.336111 0.480729 0.336111 0.479167 0.338889 0.479167 0.369444 0.477604 0.372222 0.477604 0.373148 0.463542 0.398148 0.463021 0.398148 0.445312 0.429630 0.445312 0.431481 0.444792 0.432407 0.444792 0.436111 0.444271 0.437037 0.444271 0.439815 0.443750 0.440741 0.444271 0.441667 0.444271 0.442593 0.445833 0.445370 0.446875 0.445370 0.447396 0.444444 0.447917 0.444444 0.459896 0.423148 0.460417 0.423148 0.469271 0.407407 0.469792 0.407407 0.473958 0.400000 0.474479 0.400000 0.476562 0.396296 0.477083 0.396296 0.478125 0.394444 0.478646 0.394444 0.479687 0.392593 0.480208 0.392593 0.480729 0.391667 0.481771 0.391667 0.482292 0.390741 0.485417 0.390741 0.485938 0.391667 0.486458 0.391667 0.486979 0.392593 0.487500 0.392593 0.488021 0.393519 0.488542 0.393519 0.490104 0.396296 0.490625 0.396296 0.493229 0.400926 0.493750 0.400926 0.498437 0.409259 0.498958 0.409259 0.517708 0.442593 0.518229 0.442593 0.519271 0.444444 0.521875 0.444444 0.522917 0.442593 0.522917 0.439815 0.522396 0.438889 0.522396 0.437037 0.521875 0.436111 0.521875 0.434259 0.492188 0.381481 0.492188 0.380556 0.491146 0.378704 0.491146 0.375000 0.490625 0.374074 0.490625 0.368519 0.490104 0.367593 0.490104 0.362037 0.489583 0.361111 0.489583 0.355556 0.489063 0.354630 0.489063 0.349074 0.488542 0.348148 0.488542 0.343519 0.484375 0.336111 0.483854 0.336111 0.483333 0.335185
0 0.578125 0.390278 0.079167 0.112037 0.558333 0.334259 0.557813 0.335185 0.557292 0.335185 0.554688 0.339815 0.554688 0.340741 0.558854 0.348148 0.558854 0.349074 0.563542 0.357407 0.563542 0.358333 0.568750 0.367593 0.568750 0.368519 0.572396 0.375000 0.572396 0.376852 0.572917 0.377778 0.572396 0.378704 0.572396 0.379630 0.570833 0.382407 0.570833 0.383333 0.566146 0.391667 0.565625 0.391667 0.545312 0.427778 0.544792 0.427778 0.538542 0.438889 0.538542 0.441667 0.539062 0.442593 0.539062 0.443519 0.540625 0.446296 0.542188 0.446296 0.543750 0.443519 0.544271 0.443519 0.556771 0.421296 0.557292 0.421296 0.564063 0.409259 0.564583 0.409259 0.568229 0.402778 0.568750 0.402778 0.571354 0.398148 0.571875 0.398148 0.573438 0.395370 0.573958 0.395370 0.574479 0.394444 0.575000 0.394444 0.575521 0.393519 0.576042 0.393519 0.576562 0.392593 0.577083 0.392593 0.577604 0.391667 0.580729 0.391667 0.581250 0.392593 0.582292 0.392593 0.583333 0.394444 0.583854 0.394444 0.584896 0.396296 0.585417 0.396296 0.587500 0.400000 0.588021 0.400000 0.593229 0.409259 0.593750 0.409259 0.607292 0.433333 0.607292 0.434259 0.611458 0.441667 0.611979 0.441667 0.614062 0.445370 0.615104 0.445370 0.615625 0.446296 0.616146 0.445370 0.616667 0.445370 0.617708 0.443519 0.617708 0.439815 0.615625 0.436111 0.615625 0.435185 0.599479 0.406481 0.599479 0.405556 0.570833 0.354630 0.570833 0.353704 0.560937 0.336111 0.560417 0.336111 0.559375 0.334259
0 0.650521 0.415278 0.106250 0.075000 0.665625 0.377778 0.665625 0.378704 0.657292 0.393519 0.656771 0.393519 0.644792 0.414815 0.644271 0.414815 0.632292 0.436111 0.631771 0.436111 0.627083 0.444444 0.626563 0.444444 0.626042 0.445370 0.624479 0.445370 0.623958 0.444444 0.623437 0.444444 0.597396 0.398148 0.627604 0.451852 0.628125 0.451852 0.628646 0.452778 0.629167 0.451852 0.629687 0.451852 0.630208 0.450926 0.630729 0.450926 0.637500 0.438889 0.638021 0.438889 0.646875 0.423148 0.647396 0.423148 0.652083 0.414815 0.652604 0.414815 0.655729 0.409259 0.656250 0.409259 0.658333 0.405556 0.658854 0.405556 0.660417 0.402778 0.660937 0.402778 0.661979 0.404630 0.662500 0.404630 0.663542 0.406481 0.664062 0.406481 0.665104 0.408333 0.665625 0.408333 0.666667 0.410185 0.667188 0.410185 0.668750 0.412963 0.669271 0.412963 0.670312 0.414815 0.670833 0.414815 0.671875 0.416667 0.672396 0.416667 0.673438 0.418519 0.673958 0.418519 0.675000 0.420370 0.675521 0.420370 0.676562 0.422222 0.677083 0.422222 0.678125 0.424074 0.678646 0.424074 0.679688 0.425926 0.680208 0.425926 0.681250 0.427778 0.681771 0.427778 0.682813 0.429630 0.683333 0.429630 0.684375 0.431481 0.684896 0.431481 0.685937 0.433333 0.686458 0.433333 0.687500 0.435185 0.688021 0.435185 0.691146 0.440741 0.691667 0.440741 0.692708 0.442593 0.693229 0.442593 0.694271 0.444444 0.694792 0.444444 0.696354 0.447222 0.696875 0.447222 0.697917 0.449074 0.698438 0.449074 0.699479 0.450926 0.700000 0.450926 0.700521 0.451852 0.702083 0.451852 0.702604 0.450926 0.703125 0.450926 0.703125 0.450000 0.703646 0.449074 0.703646 0.446296 0.702604 0.444444 0.702604 0.443519 0.695833 0.431481 0.695833 0.430556 0.684896 0.411111 0.684896 0.410185 0.673958 0.390741 0.673958 0.389815 0.669271 0.381481 0.668750 0.381481 0.667708 0.379630 0.667188 0.379630 0.666146 0.377778