1 0.294271 0.693519 0.105208 0.075926 0.338021 0.655556 0.337500 0.656481 0.337500 0.658333 0.336979 0.659259 0.336979 0.660185 0.336458 0.661111 0.336458 0.662037 0.335938 0.662963 0.335938 0.664815 0.335417 0.665741 0.335417 0.666667 0.334896 0.667593 0.334896 0.668519 0.334375 0.669444 0.334375 0.671296 0.333854 0.672222 0.333854 0.673148 0.333333 0.674074 0.333333 0.675000 0.332813 0.675926 0.332813 0.677778 0.332292 0.678704 0.332292 0.679630 0.331771 0.680556 0.331771 0.682407 0.331250 0.683333 0.331250 0.684259 0.330729 0.685185 0.330729 0.686111 0.328646 0.689815 0.328125 0.689815 0.327604 0.690741 0.327083 0.690741 0.326562 0.691667 0.323958 0.691667 0.323437 0.692593 0.318229 0.692593 0.317708 0.693519 0.298958 0.693519 0.298438 0.694444 0.272396 0.694444 0.271875 0.693519 0.246354 0.693519 0.246354 0.694444 0.245312 0.696296 0.245312 0.697222 0.244792 0.698148 0.244792 0.699074 0.244271 0.700000 0.244271 0.700926 0.243229 0.702778 0.243229 0.703704 0.242708 0.704630 0.242708 0.705556 0.242188 0.706481 0.242188 0.707407 0.241667 0.708333 0.241667 0.719444 0.242188 0.720370 0.242188 0.722222 0.244792 0.726852 0.245312 0.726852 0.245833 0.727778 0.246875 0.727778 0.247396 0.728704 0.249479 0.728704 0.250000 0.729630 0.255729 0.729630 0.256250 0.730556 0.270833 0.730556 0.271354 0.731481 0.321354 0.731481 0.321875 0.730556 0.333333 0.730556 0.333854 0.729630 0.335938 0.729630 0.336458 0.728704 0.337500 0.728704 0.338021 0.727778 0.338542 0.727778 0.339062 0.726852 0.339583 0.726852 0.340625 0.725000 0.340625 0.724074 0.341146 0.723148 0.341146 0.722222 0.341667 0.721296 0.341667 0.719444 0.342187 0.718519 0.342187 0.716667 0.342708 0.715741 0.342708 0.714815 0.343229 0.713889 0.343229 0.712037 0.343750 0.711111 0.343750 0.710185 0.344271 0.709259 0.344271 0.707407 0.344792 0.706481 0.344792 0.704630 0.345313 0.703704 0.345313 0.702778 0.345833 0.701852 0.345833 0.700000 0.346354 0.699074 0.346354 0.698148 0.346875 0.697222 0.346875 0.694444 0.346354 0.694444 0.345833 0.693519 0.345313 0.693519 0.344792 0.692593 0.344271 0.692593 0.342187 0.688889 0.342187 0.687963 0.341667 0.687037 0.341667 0.683333 0.341146 0.682407 0.341146 0.677778 0.341667 0.676852 0.341667 0.674074 0.342187 0.673148 0.342187 0.671296 0.342708 0.670370 0.342708 0.669444 0.343229 0.668519 0.343229 0.666667 0.343750 0.665741 0.343750 0.664815 0.344271 0.663889 0.344271 0.662037 0.344792 0.661111 0.344792 0.657407 0.344271 0.657407 0.343750 0.656481 0.340625 0.656481 0.340104 0.655556
1 0.598177 0.571296 0.100521 0.177778 0.553646 0.482407 0.553646 0.561111 0.554167 0.562037 0.554167 0.571296 0.553646 0.572222 0.553646 0.576852 0.553125 0.577778 0.553125 0.578704 0.552604 0.579630 0.552604 0.580556 0.550521 0.584259 0.550521 0.608333 0.550000 0.609259 0.550000 0.612037 0.549479 0.612963 0.549479 0.613889 0.547917 0.616667 0.547917 0.644444 0.548438 0.645370 0.548438 0.649074 0.548958 0.650000 0.548958 0.651852 0.550521 0.654630 0.551042 0.654630 0.551562 0.655556 0.552604 0.655556 0.553125 0.656481 0.554688 0.656481 0.555208 0.657407 0.558854 0.657407 0.559375 0.658333 0.567708 0.658333 0.568229 0.659259 0.594271 0.659259 0.594792 0.660185 0.616146 0.660185 0.616667 0.659259 0.635417 0.659259 0.635938 0.658333 0.640104 0.658333 0.640625 0.657407 0.642708 0.657407 0.643229 0.656481 0.644271 0.656481 0.644792 0.655556 0.645312 0.655556 0.647396 0.651852 0.647396 0.650926 0.647917 0.650000 0.647917 0.646296 0.648438 0.645370 0.648438 0.641667 0.647917 0.640741 0.647917 0.636111 0.647396 0.635185 0.647396 0.631481 0.646875 0.630556 0.646875 0.628704 0.640625 0.628704 0.640104 0.629630 0.579688 0.629630 0.579167 0.628704 0.568229 0.628704 0.567708 0.627778 0.564063 0.627778 0.563542 0.626852 0.560937 0.626852 0.560417 0.625926 0.559896 0.625926 0.559375 0.625000 0.558333 0.625000 0.556250 0.621296 0.556250 0.620370 0.555729 0.619444 0.555729 0.617593 0.555208 0.616667 0.555208 0.596296 0.554688 0.595370 0.554688 0.514815 0.554167 0.513889 0.554167 0.512037 0.553646 0.511111
1 0.498958 0.535185 0.101042 0.040741 0.451562 0.514815 0.451562 0.515741 0.451042 0.516667 0.451042 0.519444 0.450521 0.520370 0.450521 0.523148 0.450000 0.524074 0.450000 0.527778 0.449479 0.528704 0.449479 0.531481 0.448958 0.532407 0.448958 0.537037 0.448437 0.537963 0.448437 0.539815 0.448958 0.540741 0.448958 0.544444 0.449479 0.545370 0.449479 0.547222 0.451562 0.550926 0.452604 0.550926 0.453125 0.551852 0.454167 0.551852 0.454688 0.552778 0.457292 0.552778 0.457813 0.553704 0.463021 0.553704 0.463542 0.554630 0.477083 0.554630 0.477604 0.555556 0.529167 0.555556 0.529687 0.554630 0.538542 0.554630 0.539062 0.553704 0.542708 0.553704 0.543229 0.552778 0.544271 0.552778 0.544792 0.551852 0.545833 0.551852 0.546354 0.550926 0.546875 0.550926 0.547917 0.549074 0.547917 0.548148 0.548438 0.547222 0.548438 0.546296 0.548958 0.545370 0.548958 0.541667 0.549479 0.540741 0.549479 0.520370 0.548438 0.520370 0.547917 0.521296 0.547396 0.521296 0.546875 0.522222 0.544271 0.522222 0.543750 0.523148 0.539062 0.523148 0.538542 0.524074 0.520833 0.524074 0.520312 0.525000 0.492188 0.525000 0.491667 0.524074 0.469271 0.524074 0.468750 0.523148 0.461458 0.523148 0.460938 0.522222 0.457813 0.522222 0.457292 0.521296 0.455729 0.521296 0.455208 0.520370 0.454688 0.520370 0.454167 0.519444 0.453646 0.519444 0.451562 0.515741
1 0.396875 0.395833 0.108333 0.102778 0.448437 0.356481 0.448437 0.358333 0.447917 0.359259 0.447917 0.362037 0.447396 0.362963 0.447396 0.364815 0.446875 0.365741 0.446875 0.367593 0.446354 0.368519 0.446354 0.370370 0.445833 0.371296 0.445833 0.374074 0.445312 0.375000 0.445312 0.376852 0.444792 0.377778 0.444792 0.379630 0.444271 0.380556 0.444271 0.383333 0.443750 0.384259 0.443750 0.386111 0.443229 0.387037 0.443229 0.388889 0.442708 0.389815 0.442708 0.391667 0.442188 0.392593 0.442188 0.395370 0.441667 0.396296 0.441667 0.398148 0.441146 0.399074 0.441146 0.400926 0.440625 0.401852 0.440625 0.403704 0.440104 0.404630 0.440104 0.406481 0.439583 0.407407 0.439583 0.408333 0.436979 0.412963 0.436458 0.412963 0.435937 0.413889 0.434896 0.413889 0.434375 0.414815 0.431250 0.414815 0.430729 0.415741 0.424479 0.415741 0.423958 0.416667 0.359375 0.416667 0.358854 0.415741 0.350000 0.415741 0.349479 0.414815 0.345833 0.414815 0.345833 0.415741 0.345313 0.416667 0.345313 0.417593 0.344792 0.418519 0.344792 0.419444 0.344271 0.420370 0.344271 0.421296 0.343750 0.422222 0.343750 0.423148 0.343229 0.424074 0.343229 0.425926 0.342708 0.426852 0.342708 0.434259 0.343229 0.435185 0.343229 0.437037 0.343750 0.437963 0.343750 0.439815 0.345313 0.442593 0.346354 0.442593 0.346875 0.443519 0.347396 0.443519 0.347917 0.444444 0.350000 0.444444 0.350521 0.445370 0.353646 0.445370 0.354167 0.446296 0.363021 0.446296 0.363542 0.447222 0.427083 0.447222 0.427604 0.446296 0.433854 0.446296 0.434375 0.445370 0.437500 0.445370 0.438021 0.444444 0.439063 0.444444 0.439583 0.443519 0.440625 0.443519 0.442188 0.440741 0.442188 0.439815 0.442708 0.438889 0.442708 0.437037 0.443229 0.436111 0.443229 0.434259 0.443750 0.433333 0.443750 0.430556 0.444271 0.429630 0.444271 0.427778 0.444792 0.426852 0.444792 0.424074 0.445312 0.423148 0.445312 0.421296 0.445833 0.420370 0.445833 0.417593 0.446354 0.416667 0.446354 0.414815 0.446875 0.413889 0.446875 0.411111 0.447396 0.410185 0.447396 0.408333 0.447917 0.407407 0.447917 0.404630 0.448437 0.403704 0.447917 0.402778 0.447917 0.399074 0.447396 0.398148 0.447396 0.396296 0.447917 0.395370 0.447917 0.390741 0.448437 0.389815 0.448437 0.387963 0.448958 0.387037 0.448958 0.384259 0.449479 0.383333 0.449479 0.381481 0.450000 0.380556 0.450000 0.378704 0.450521 0.377778 0.450521 0.375000 0.451042 0.374074 0.448958 0.370370 0.448958 0.368519 0.448437 0.367593 0.448437 0.364815 0.447917 0.363889 0.447917 0.360185 0.448437 0.359259
1 0.310937 0.266667 0.150000 0.157407 0.381250 0.187963 0.380729 0.188889 0.380729 0.189815 0.379688 0.191667 0.379688 0.192593 0.378125 0.195370 0.378125 0.196296 0.377083 0.198148 0.377083 0.199074 0.376042 0.200926 0.376042 0.201852 0.374479 0.204630 0.374479 0.205556 0.373437 0.207407 0.373437 0.208333 0.372396 0.210185 0.372396 0.211111 0.370833 0.213889 0.370833 0.214815 0.369792 0.216667 0.369792 0.217593 0.368229 0.220370 0.368229 0.221296 0.367188 0.223148 0.367188 0.224074 0.366146 0.225926 0.366146 0.226852 0.364583 0.229630 0.364583 0.230556 0.363542 0.232407 0.363542 0.233333 0.361979 0.236111 0.361979 0.237037 0.360938 0.238889 0.360938 0.239815 0.359896 0.241667 0.359896 0.242593 0.358333 0.245370 0.358333 0.246296 0.357292 0.248148 0.357292 0.249074 0.355729 0.251852 0.355729 0.252778 0.354687 0.254630 0.354687 0.255556 0.353646 0.257407 0.353646 0.258333 0.352083 0.261111 0.352083 0.262037 0.351042 0.263889 0.351042 0.264815 0.349479 0.267593 0.349479 0.268519 0.348438 0.270370 0.348438 0.271296 0.347396 0.273148 0.347396 0.274074 0.345833 0.276852 0.345833 0.277778 0.344792 0.279630 0.344792 0.280556 0.343229 0.283333 0.343229 0.284259 0.342187 0.286111 0.342187 0.287037 0.341146 0.288889 0.341146 0.289815 0.339583 0.292593 0.339583 0.293519 0.338542 0.295370 0.338542 0.296296 0.337500 0.298148 0.337500 0.299074 0.334375 0.304630 0.333854 0.304630 0.333333 0.305556 0.332292 0.305556 0.331771 0.306481 0.329167 0.306481 0.328646 0.307407 0.323958 0.307407 0.323437 0.308333 0.306771 0.308333 0.306250 0.309259 0.270833 0.309259 0.270313 0.308333 0.253125 0.308333 0.252604 0.307407 0.245833 0.307407 0.245312 0.306481 0.243750 0.306481 0.236979 0.318519 0.236979 0.319444 0.236458 0.320370 0.236458 0.321296 0.235937 0.322222 0.235937 0.333333 0.236458 0.334259 0.236458 0.335185 0.236979 0.336111 0.236979 0.337037 0.238542 0.339815 0.239063 0.339815 0.239583 0.340741 0.240104 0.340741 0.240625 0.341667 0.241667 0.341667 0.242188 0.342593 0.245833 0.342593 0.246354 0.343519 0.253125 0.343519 0.253646 0.344444 0.273958 0.344444 0.274479 0.345370 0.305208 0.345370 0.305729 0.344444 0.323437 0.344444 0.323958 0.343519 0.328646 0.343519 0.329167 0.342593 0.331771 0.342593 0.332292 0.341667 0.333333 0.341667 0.333854 0.340741 0.334375 0.340741 0.336979 0.336111 0.336979 0.335185 0.338021 0.333333 0.338021 0.332407 0.339062 0.330556 0.339062 0.329630 0.340104 0.327778 0.340104 0.326852 0.341146 0.325000 0.341146 0.321296 0.341667 0.320370 0.341667 0.318519 0.342187 0.317593 0.342187 0.316667 0.343229 0.314815 0.343229 0.313889 0.344271 0.312037 0.344271 0.311111 0.345313 0.309259 0.345313 0.308333 0.346354 0.306481 0.346354 0.305556 0.347396 0.303704 0.347396 0.302778 0.348438 0.300926 0.348438 0.300000 0.349479 0.298148 0.349479 0.297222 0.350521 0.295370 0.350521 0.294444 0.351562 0.292593 0.351562 0.291667 0.352604 0.289815 0.352604 0.288889 0.353646 0.287037 0.353646 0.286111 0.354687 0.284259 0.354687 0.283333 0.355729 0.281481 0.355729 0.280556 0.356771 0.278704 0.356771 0.277778 0.357812 0.275926 0.357812 0.275000 0.358854 0.273148 0.358854 0.272222 0.359896 0.270370 0.359896 0.269444 0.360938 0.267593 0.360938 0.266667 0.361979 0.264815 0.361979 0.263889 0.363021 0.262037 0.363021 0.261111 0.364063 0.259259 0.364063 0.258333 0.365104 0.256481 0.365104 0.255556 0.366146 0.253704 0.366146 0.252778 0.367188 0.250926 0.367188 0.250000 0.368229 0.248148 0.368229 0.247222 0.369271 0.245370 0.369271 0.244444 0.370312 0.242593 0.370312 0.241667 0.371354 0.239815 0.371354 0.238889 0.372396 0.237037 0.372396 0.236111 0.373437 0.234259 0.373437 0.233333 0.374479 0.231481 0.374479 0.230556 0.375521 0.228704 0.375521 0.227778 0.376563 0.225926 0.376563 0.225000 0.377604 0.223148 0.377604 0.222222 0.378646 0.220370 0.378646 0.219444 0.379688 0.217593 0.379688 0.216667 0.380729 0.214815 0.380729 0.213889 0.381771 0.212037 0.381771 0.211111 0.382812 0.209259 0.382812 0.208333 0.383854 0.206481 0.383854 0.205556 0.384896 0.203704 0.384896 0.202778 0.385937 0.200926 0.385937 0.195370 0.385417 0.194444 0.385417 0.192593 0.383854 0.189815 0.383333 0.189815 0.382812 0.188889 0.381771 0.188889
1 0.404427 0.264352 0.125521 0.158333 0.406771 0.185185 0.406250 0.186111 0.397396 0.186111 0.396875 0.187037 0.393750 0.187037 0.393229 0.187963 0.392188 0.187963 0.391667 0.188889 0.391146 0.188889 0.389583 0.191667 0.389583 0.192593 0.388542 0.194444 0.388542 0.195370 0.387500 0.197222 0.387500 0.198148 0.386458 0.200000 0.386458 0.200926 0.385417 0.202778 0.385417 0.203704 0.384375 0.205556 0.384375 0.206481 0.383333 0.208333 0.383333 0.209259 0.382292 0.211111 0.382292 0.212037 0.381250 0.213889 0.381250 0.214815 0.380208 0.216667 0.380208 0.217593 0.379167 0.219444 0.379167 0.220370 0.378125 0.222222 0.378125 0.223148 0.377083 0.225000 0.377083 0.225926 0.376042 0.227778 0.376042 0.228704 0.375000 0.230556 0.375000 0.231481 0.373958 0.233333 0.373958 0.234259 0.372917 0.236111 0.372917 0.237037 0.371875 0.238889 0.371875 0.239815 0.370833 0.241667 0.370833 0.242593 0.369792 0.244444 0.369792 0.245370 0.368750 0.247222 0.368750 0.248148 0.367708 0.250000 0.367708 0.250926 0.366667 0.252778 0.366667 0.253704 0.365625 0.255556 0.365625 0.256481 0.364583 0.258333 0.364583 0.259259 0.363542 0.261111 0.363542 0.262037 0.362500 0.263889 0.362500 0.264815 0.361458 0.266667 0.361458 0.267593 0.360417 0.269444 0.360417 0.270370 0.359375 0.272222 0.359375 0.273148 0.358333 0.275000 0.358333 0.275926 0.357292 0.277778 0.357292 0.278704 0.356250 0.280556 0.356250 0.281481 0.355208 0.283333 0.355208 0.284259 0.354167 0.286111 0.354167 0.287037 0.353125 0.288889 0.353125 0.289815 0.352083 0.291667 0.352083 0.292593 0.351042 0.294444 0.351042 0.295370 0.350000 0.297222 0.350000 0.298148 0.348958 0.300000 0.348958 0.300926 0.347917 0.302778 0.347917 0.303704 0.346875 0.305556 0.346875 0.306481 0.345833 0.308333 0.345833 0.309259 0.344792 0.311111 0.344792 0.312037 0.343750 0.313889 0.343750 0.314815 0.342708 0.316667 0.342708 0.317593 0.342187 0.318519 0.342187 0.320370 0.341667 0.321296 0.341667 0.331481 0.342187 0.332407 0.342187 0.334259 0.344792 0.338889 0.345833 0.338889 0.346354 0.339815 0.346875 0.339815 0.347396 0.340741 0.350521 0.340741 0.351042 0.341667 0.356771 0.341667 0.357292 0.342593 0.371875 0.342593 0.372396 0.343519 0.418229 0.343519 0.418750 0.342593 0.431250 0.342593 0.431771 0.341667 0.434896 0.341667 0.435417 0.340741 0.437500 0.340741 0.438021 0.339815 0.439063 0.339815 0.439583 0.338889 0.440104 0.338889 0.441667 0.336111 0.441667 0.335185 0.442188 0.334259 0.442188 0.333333 0.442708 0.332407 0.442708 0.330556 0.443229 0.329630 0.443229 0.327778 0.443750 0.326852 0.443750 0.325000 0.444271 0.324074 0.444271 0.322222 0.444792 0.321296 0.444792 0.319444 0.445312 0.318519 0.445312 0.316667 0.445833 0.315741 0.445833 0.313889 0.446354 0.312963 0.446354 0.311111 0.446875 0.310185 0.446875 0.308333 0.447396 0.307407 0.447396 0.305556 0.447917 0.304630 0.447917 0.302778 0.448437 0.301852 0.448437 0.300000 0.448958 0.299074 0.448958 0.297222 0.449479 0.296296 0.449479 0.294444 0.450000 0.293519 0.450000 0.291667 0.450521 0.290741 0.450521 0.288889 0.451042 0.287963 0.451042 0.286111 0.451562 0.285185 0.451562 0.283333 0.452083 0.282407 0.452083 0.280556 0.452604 0.279630 0.452604 0.277778 0.453125 0.276852 0.453125 0.275000 0.453646 0.274074 0.453646 0.272222 0.454167 0.271296 0.454167 0.269444 0.454688 0.268519 0.454688 0.266667 0.455208 0.265741 0.455208 0.263889 0.455729 0.262963 0.455729 0.261111 0.456250 0.260185 0.456250 0.258333 0.456771 0.257407 0.456771 0.255556 0.457292 0.254630 0.457292 0.252778 0.457813 0.251852 0.457813 0.250000 0.458333 0.249074 0.458333 0.247222 0.458854 0.246296 0.458854 0.244444 0.459375 0.243519 0.459375 0.242593 0.459896 0.241667 0.459896 0.239815 0.460417 0.238889 0.460417 0.237037 0.460938 0.236111 0.460938 0.234259 0.461458 0.233333 0.461458 0.231481 0.461979 0.230556 0.461979 0.228704 0.462500 0.227778 0.462500 0.225926 0.463021 0.225000 0.463021 0.223148 0.463542 0.222222 0.463542 0.220370 0.464062 0.219444 0.464062 0.217593 0.464583 0.216667 0.464583 0.214815 0.465104 0.213889 0.465104 0.212037 0.465625 0.211111 0.465625 0.209259 0.466146 0.208333 0.466146 0.206481 0.466667 0.205556 0.466667 0.203704 0.467187 0.202778 0.467187 0.194444 0.466667 0.193519 0.466667 0.191667 0.465104 0.188889 0.464583 0.188889 0.464062 0.187963 0.463021 0.187963 0.462500 0.187037 0.458854 0.187037 0.458333 0.186111 0.446875 0.186111 0.446354 0.185185
1 0.498698 0.267130 0.102604 0.160185 0.497396 0.187037 0.496875 0.187963 0.480729 0.187963 0.480208 0.188889 0.476562 0.188889 0.476042 0.189815 0.475000 0.189815 0.474479 0.190741 0.473438 0.190741 0.471875 0.193519 0.471875 0.195370 0.471354 0.196296 0.471354 0.197222 0.470833 0.198148 0.470833 0.200000 0.470313 0.200926 0.470313 0.203704 0.469792 0.204630 0.469792 0.206481 0.469271 0.207407 0.469271 0.209259 0.468750 0.210185 0.468750 0.212037 0.468229 0.212963 0.468229 0.214815 0.467708 0.215741 0.467708 0.217593 0.467187 0.218519 0.467187 0.220370 0.466667 0.221296 0.466667 0.223148 0.466146 0.224074 0.466146 0.225926 0.465625 0.226852 0.465625 0.228704 0.465104 0.229630 0.465104 0.231481 0.464583 0.232407 0.464583 0.234259 0.464062 0.235185 0.464062 0.237963 0.463542 0.238889 0.463542 0.240741 0.463021 0.241667 0.463021 0.243519 0.462500 0.244444 0.462500 0.246296 0.461979 0.247222 0.461979 0.249074 0.461458 0.250000 0.461458 0.251852 0.460938 0.252778 0.460938 0.254630 0.460417 0.255556 0.460417 0.257407 0.459896 0.258333 0.459896 0.260185 0.459375 0.261111 0.459375 0.262963 0.458854 0.263889 0.458854 0.265741 0.458333 0.266667 0.458333 0.268519 0.457813 0.269444 0.457813 0.271296 0.457292 0.272222 0.457292 0.275000 0.456771 0.275926 0.456771 0.277778 0.456250 0.278704 0.456250 0.280556 0.455729 0.281481 0.455729 0.283333 0.455208 0.284259 0.455208 0.286111 0.454688 0.287037 0.454688 0.288889 0.454167 0.289815 0.454167 0.291667 0.453646 0.292593 0.453646 0.294444 0.453125 0.295370 0.453125 0.297222 0.452604 0.298148 0.452604 0.300000 0.452083 0.300926 0.452083 0.302778 0.451562 0.303704 0.451562 0.305556 0.451042 0.306481 0.451042 0.308333 0.450521 0.309259 0.450521 0.312037 0.450000 0.312963 0.450000 0.314815 0.449479 0.315741 0.449479 0.317593 0.448958 0.318519 0.448958 0.320370 0.448437 0.321296 0.448437 0.323148 0.447917 0.324074 0.447917 0.327778 0.447396 0.328704 0.447396 0.332407 0.447917 0.333333 0.447917 0.336111 0.448437 0.337037 0.448437 0.338889 0.450521 0.342593 0.451042 0.342593 0.451562 0.343519 0.452604 0.343519 0.453125 0.344444 0.455208 0.344444 0.455729 0.345370 0.459375 0.345370 0.459896 0.346296 0.469792 0.346296 0.470313 0.347222 0.530208 0.347222 0.530729 0.346296 0.539062 0.346296 0.539583 0.345370 0.543229 0.345370 0.543750 0.344444 0.544792 0.344444 0.545312 0.343519 0.546354 0.343519 0.548958 0.338889 0.548958 0.337037 0.549479 0.336111 0.549479 0.331481 0.550000 0.330556 0.550000 0.198148 0.549479 0.197222 0.549479 0.195370 0.548958 0.194444 0.548958 0.193519 0.547396 0.190741 0.546354 0.190741 0.545833 0.189815 0.544271 0.189815 0.543750 0.188889 0.539062 0.188889 0.538542 0.187963 0.521354 0.187963 0.520833 0.187037
1 0.604167 0.264352 0.102083 0.158333 0.567187 0.185185 0.566667 0.186111 0.559896 0.186111 0.559375 0.187037 0.557292 0.187037 0.556771 0.187963 0.555729 0.187963 0.555208 0.188889 0.554688 0.188889 0.554688 0.189815 0.553646 0.191667 0.553646 0.192593 0.553125 0.193519 0.553125 0.273148 0.553646 0.274074 0.553646 0.329630 0.554167 0.330556 0.554167 0.332407 0.554688 0.333333 0.554688 0.335185 0.556250 0.337963 0.556771 0.337963 0.557292 0.338889 0.558333 0.338889 0.558854 0.339815 0.560417 0.339815 0.560937 0.340741 0.564063 0.340741 0.564583 0.341667 0.572396 0.341667 0.572917 0.342593 0.601042 0.342593 0.601562 0.343519 0.613021 0.343519 0.613542 0.342593 0.639583 0.342593 0.640104 0.341667 0.645833 0.341667 0.646354 0.340741 0.649479 0.340741 0.650000 0.339815 0.650521 0.339815 0.651042 0.338889 0.652083 0.338889 0.654167 0.335185 0.654167 0.334259 0.654687 0.333333 0.654687 0.331481 0.655208 0.330556 0.655208 0.322222 0.654687 0.321296 0.654687 0.319444 0.654167 0.318519 0.654167 0.316667 0.653646 0.315741 0.653646 0.313889 0.653125 0.312963 0.653125 0.311111 0.652604 0.310185 0.652604 0.308333 0.652083 0.307407 0.652083 0.305556 0.651563 0.304630 0.651563 0.302778 0.651042 0.301852 0.651042 0.300000 0.650521 0.299074 0.650521 0.297222 0.650000 0.296296 0.650000 0.294444 0.649479 0.293519 0.649479 0.291667 0.648958 0.290741 0.648958 0.288889 0.648438 0.287963 0.648438 0.286111 0.647917 0.285185 0.647917 0.283333 0.647396 0.282407 0.647396 0.280556 0.646875 0.279630 0.646875 0.277778 0.646354 0.276852 0.646354 0.275000 0.645833 0.274074 0.645833 0.272222 0.645312 0.271296 0.645312 0.269444 0.644792 0.268519 0.644792 0.266667 0.644271 0.265741 0.644271 0.263889 0.643750 0.262963 0.643750 0.261111 0.643229 0.260185 0.643229 0.258333 0.642708 0.257407 0.642708 0.255556 0.642188 0.254630 0.642188 0.252778 0.641667 0.251852 0.641667 0.250000 0.641146 0.249074 0.641146 0.247222 0.640625 0.246296 0.640625 0.244444 0.640104 0.243519 0.640104 0.241667 0.639583 0.240741 0.639583 0.238889 0.639062 0.237963 0.639062 0.236111 0.638542 0.235185 0.638542 0.233333 0.638021 0.232407 0.638021 0.230556 0.637500 0.229630 0.637500 0.227778 0.636979 0.226852 0.636979 0.225000 0.636458 0.224074 0.636458 0.222222 0.635938 0.221296 0.635938 0.219444 0.635417 0.218519 0.635417 0.216667 0.634896 0.215741 0.634896 0.213889 0.634375 0.212963 0.634375 0.211111 0.633854 0.210185 0.633854 0.208333 0.633333 0.207407 0.633333 0.205556 0.632812 0.204630 0.632812 0.202778 0.632292 0.201852 0.632292 0.200000 0.631771 0.199074 0.631771 0.197222 0.631250 0.196296 0.631250 0.194444 0.630729 0.193519 0.630729 0.191667 0.629167 0.188889 0.628646 0.188889 0.628125 0.187963 0.627604 0.187963 0.627083 0.187037 0.623958 0.187037 0.623437 0.186111 0.616146 0.186111 0.615625 0.185185
1 0.310937 0.232870 0.150000 0.150926 0.327604 0.157407 0.327083 0.158333 0.316146 0.158333 0.315625 0.159259 0.311979 0.159259 0.311458 0.160185 0.310417 0.160185 0.309896 0.161111 0.309375 0.161111 0.304167 0.170370 0.303646 0.170370 0.296354 0.183333 0.295833 0.183333 0.288542 0.196296 0.288021 0.196296 0.280729 0.209259 0.280208 0.209259 0.273438 0.221296 0.272917 0.221296 0.265625 0.234259 0.265104 0.234259 0.257812 0.247222 0.257292 0.247222 0.250000 0.260185 0.249479 0.260185 0.242188 0.273148 0.241667 0.273148 0.236458 0.282407 0.236458 0.284259 0.235937 0.285185 0.235937 0.296296 0.236458 0.297222 0.236458 0.298148 0.236979 0.299074 0.236979 0.300000 0.239063 0.303704 0.240104 0.303704 0.240625 0.304630 0.241667 0.304630 0.242188 0.305556 0.245312 0.305556 0.245833 0.306481 0.252604 0.306481 0.253125 0.307407 0.270313 0.307407 0.270833 0.308333 0.306250 0.308333 0.306771 0.307407 0.323437 0.307407 0.323958 0.306481 0.328646 0.306481 0.329167 0.305556 0.331771 0.305556 0.332292 0.304630 0.333333 0.304630 0.333854 0.303704 0.334375 0.303704 0.336979 0.299074 0.336979 0.298148 0.338021 0.296296 0.338021 0.295370 0.339062 0.293519 0.339062 0.292593 0.340625 0.289815 0.340625 0.288889 0.341667 0.287037 0.341667 0.286111 0.342708 0.284259 0.342708 0.283333 0.344271 0.280556 0.344271 0.279630 0.345313 0.277778 0.345313 0.276852 0.346875 0.274074 0.346875 0.273148 0.347917 0.271296 0.347917 0.270370 0.348958 0.268519 0.348958 0.267593 0.350521 0.264815 0.350521 0.263889 0.351562 0.262037 0.351562 0.261111 0.353125 0.258333 0.353125 0.257407 0.354167 0.255556 0.354167 0.254630 0.355208 0.252778 0.355208 0.251852 0.356771 0.249074 0.356771 0.248148 0.357812 0.246296 0.357812 0.245370 0.359375 0.242593 0.359375 0.241667 0.360417 0.239815 0.360417 0.238889 0.361458 0.237037 0.361458 0.236111 0.363021 0.233333 0.363021 0.232407 0.364063 0.230556 0.364063 0.229630 0.365625 0.226852 0.365625 0.225926 0.366667 0.224074 0.366667 0.223148 0.367708 0.221296 0.367708 0.220370 0.369271 0.217593 0.369271 0.216667 0.370312 0.214815 0.370312 0.213889 0.371875 0.211111 0.371875 0.210185 0.372917 0.208333 0.372917 0.207407 0.373958 0.205556 0.373958 0.204630 0.375521 0.201852 0.375521 0.200926 0.376563 0.199074 0.376563 0.198148 0.377604 0.196296 0.377604 0.195370 0.379167 0.192593 0.379167 0.191667 0.380208 0.189815 0.380208 0.188889 0.381771 0.186111 0.381771 0.185185 0.382812 0.183333 0.382812 0.182407 0.383854 0.180556 0.383854 0.179630 0.384896 0.177778 0.384896 0.176852 0.385417 0.175926 0.385417 0.173148 0.385937 0.172222 0.385937 0.169444 0.385417 0.168519 0.385417 0.165741 0.384896 0.164815 0.384896 0.163889 0.383333 0.161111 0.382812 0.161111 0.382292 0.160185 0.380729 0.160185 0.380208 0.159259 0.377083 0.159259 0.376563 0.158333 0.363542 0.158333 0.363021 0.157407
1 0.401042 0.687500 0.104167 0.075000 0.445833 0.650000 0.445833 0.653704 0.445312 0.654630 0.445312 0.658333 0.444792 0.659259 0.444792 0.662963 0.444271 0.663889 0.444271 0.666667 0.443750 0.667593 0.443750 0.671296 0.443229 0.672222 0.443229 0.675926 0.442708 0.676852 0.442708 0.680556 0.442188 0.681481 0.442188 0.684259 0.441667 0.685185 0.441667 0.687963 0.441146 0.688889 0.441146 0.689815 0.438542 0.694444 0.437500 0.694444 0.436979 0.695370 0.436458 0.695370 0.435937 0.696296 0.432812 0.696296 0.432292 0.697222 0.425000 0.697222 0.424479 0.698148 0.367708 0.698148 0.367188 0.697222 0.355208 0.697222 0.354687 0.696296 0.350521 0.696296 0.350521 0.698148 0.350000 0.699074 0.350000 0.700000 0.349479 0.700926 0.349479 0.702778 0.348958 0.703704 0.348958 0.712963 0.349479 0.713889 0.349479 0.715741 0.350000 0.716667 0.350000 0.717593 0.351042 0.719444 0.351562 0.719444 0.352083 0.720370 0.352604 0.720370 0.353125 0.721296 0.354167 0.721296 0.354687 0.722222 0.357812 0.722222 0.358333 0.723148 0.364063 0.723148 0.364583 0.724074 0.378646 0.724074 0.379167 0.725000 0.429167 0.725000 0.429688 0.724074 0.438021 0.724074 0.438542 0.723148 0.442188 0.723148 0.442708 0.722222 0.443750 0.722222 0.444271 0.721296 0.445312 0.721296 0.446875 0.718519 0.446875 0.717593 0.447396 0.716667 0.447396 0.715741 0.447917 0.714815 0.447917 0.712037 0.448437 0.711111 0.448437 0.707407 0.448958 0.706481 0.448958 0.701852 0.449479 0.700926 0.449479 0.697222 0.450000 0.696296 0.450000 0.692593 0.450521 0.691667 0.450521 0.687963 0.451042 0.687037 0.451042 0.683333 0.451562 0.682407 0.451562 0.673148 0.452083 0.672222 0.452083 0.667593 0.452604 0.666667 0.452604 0.662037 0.453125 0.661111 0.453125 0.657407 0.452604 0.656481 0.450521 0.656481 0.450000 0.655556 0.449479 0.655556 0.448958 0.654630 0.448437 0.654630
1 0.500521 0.707870 0.100000 0.045370 0.453125 0.685185 0.453125 0.688889 0.452604 0.689815 0.452604 0.693519 0.452083 0.694444 0.452083 0.699074 0.451562 0.700000 0.451562 0.703704 0.451042 0.704630 0.451042 0.708333 0.450521 0.709259 0.450521 0.718519 0.451042 0.719444 0.451042 0.720370 0.451562 0.721296 0.451562 0.722222 0.453646 0.725926 0.454167 0.725926 0.454688 0.726852 0.455729 0.726852 0.456250 0.727778 0.458854 0.727778 0.459375 0.728704 0.464583 0.728704 0.465104 0.729630 0.478125 0.729630 0.478646 0.730556 0.532813 0.730556 0.533333 0.729630 0.540625 0.729630 0.541146 0.728704 0.544792 0.728704 0.545312 0.727778 0.545833 0.727778 0.546354 0.726852 0.547396 0.726852 0.549479 0.723148 0.549479 0.722222 0.550000 0.721296 0.550000 0.719444 0.550521 0.718519 0.550521 0.686111 0.549479 0.687963 0.548958 0.687963 0.548438 0.688889 0.547396 0.688889 0.546875 0.689815 0.545312 0.689815 0.544792 0.690741 0.541146 0.690741 0.540625 0.691667 0.526563 0.691667 0.526042 0.692593 0.489583 0.692593 0.489063 0.691667 0.470313 0.691667 0.469792 0.690741 0.462500 0.690741 0.461979 0.689815 0.458854 0.689815 0.458333 0.688889 0.457292 0.688889 0.456771 0.687963 0.455729 0.687963 0.455208 0.687037 0.454688 0.687037 0.453646 0.685185
1 0.605469 0.708333 0.099479 0.037037 0.653125 0.689815 0.651042 0.693519 0.650521 0.693519 0.650000 0.694444 0.648958 0.694444 0.648438 0.695370 0.645833 0.695370 0.645312 0.696296 0.640104 0.696296 0.639583 0.697222 0.576042 0.697222 0.575521 0.696296 0.565625 0.696296 0.565104 0.695370 0.561979 0.695370 0.561458 0.694444 0.558854 0.694444 0.558333 0.693519 0.557813 0.693519 0.557292 0.692593 0.556250 0.692593 0.555729 0.691667 0.555729 0.714815 0.556250 0.715741 0.556250 0.716667 0.556771 0.717593 0.556771 0.718519 0.558333 0.721296 0.558854 0.721296 0.559375 0.722222 0.559896 0.722222 0.560417 0.723148 0.561979 0.723148 0.562500 0.724074 0.566146 0.724074 0.566667 0.725000 0.574479 0.725000 0.575000 0.725926 0.597396 0.725926 0.597917 0.726852 0.627083 0.726852 0.627604 0.725926 0.643750 0.725926 0.644271 0.725000 0.647917 0.725000 0.648438 0.724074 0.650000 0.724074 0.650521 0.723148 0.651563 0.723148 0.652083 0.722222 0.652604 0.722222 0.654167 0.719444 0.654167 0.718519 0.654687 0.717593 0.654687 0.716667 0.655208 0.715741 0.655208 0.704630 0.654687 0.703704 0.654687 0.700000 0.654167 0.699074 0.654167 0.695370 0.653646 0.694444 0.653646 0.690741
1 0.284896 0.668519 0.106250 0.050000 0.334375 0.643519 0.334375 0.644444 0.333854 0.645370 0.333854 0.647222 0.331771 0.650926 0.331250 0.650926 0.330729 0.651852 0.329688 0.651852 0.329167 0.652778 0.327083 0.652778 0.326562 0.653704 0.322396 0.653704 0.321875 0.654630 0.303125 0.654630 0.302604 0.655556 0.280729 0.655556 0.280208 0.654630 0.254688 0.654630 0.254167 0.653704 0.245833 0.653704 0.245312 0.652778 0.242188 0.652778 0.241667 0.651852 0.240104 0.651852 0.239583 0.650926 0.239063 0.650926 0.238021 0.652778 0.238021 0.653704 0.236979 0.655556 0.236979 0.656481 0.236458 0.657407 0.236458 0.658333 0.235417 0.660185 0.235417 0.661111 0.234375 0.662963 0.234375 0.663889 0.233854 0.664815 0.233854 0.665741 0.232813 0.667593 0.232813 0.668519 0.232292 0.669444 0.232292 0.671296 0.231771 0.672222 0.231771 0.681481 0.232292 0.682407 0.232292 0.684259 0.232813 0.685185 0.232813 0.686111 0.234375 0.688889 0.235417 0.688889 0.235937 0.689815 0.236458 0.689815 0.236979 0.690741 0.239583 0.690741 0.240104 0.691667 0.243750 0.691667 0.244271 0.692593 0.255208 0.692593 0.255729 0.693519 0.315625 0.693519 0.316146 0.692593 0.322396 0.692593 0.322917 0.691667 0.326042 0.691667 0.326562 0.690741 0.327083 0.690741 0.327604 0.689815 0.328646 0.689815 0.330208 0.687037 0.330208 0.686111 0.330729 0.685185 0.330729 0.684259 0.331250 0.683333 0.331250 0.682407 0.331771 0.681481 0.331771 0.679630 0.332292 0.678704 0.332292 0.677778 0.332813 0.676852 0.332813 0.675000 0.333333 0.674074 0.333333 0.673148 0.333854 0.672222 0.333854 0.671296 0.334375 0.670370 0.334375 0.668519 0.334896 0.667593 0.334896 0.666667 0.335417 0.665741 0.335417 0.664815 0.335938 0.663889 0.335938 0.662037 0.336458 0.661111 0.336458 0.660185 0.336979 0.659259 0.336979 0.658333 0.337500 0.657407 0.337500 0.655556 0.338021 0.654630 0.337500 0.654630 0.335938 0.651852 0.335938 0.650926 0.335417 0.650000 0.335417 0.649074 0.334896 0.648148 0.334896 0.644444
1 0.397917 0.623611 0.113542 0.147222 0.450521 0.550000 0.450521 0.551852 0.450000 0.552778 0.450000 0.556481 0.449479 0.557407 0.449479 0.560185 0.448958 0.561111 0.448958 0.564815 0.448437 0.565741 0.448437 0.568519 0.447917 0.569444 0.447917 0.572222 0.447396 0.573148 0.447396 0.576852 0.446875 0.577778 0.446875 0.580556 0.446354 0.581481 0.446354 0.583333 0.445833 0.584259 0.445833 0.586111 0.444271 0.588889 0.444271 0.592593 0.443750 0.593519 0.443750 0.596296 0.443229 0.597222 0.443229 0.600000 0.442708 0.600926 0.442708 0.604630 0.442188 0.605556 0.442188 0.608333 0.441667 0.609259 0.441667 0.612963 0.441146 0.613889 0.441146 0.615741 0.440625 0.616667 0.440625 0.618519 0.438542 0.622222 0.438542 0.625000 0.438021 0.625926 0.438021 0.628704 0.437500 0.629630 0.437500 0.632407 0.436979 0.633333 0.436979 0.637037 0.436458 0.637963 0.436458 0.640741 0.435937 0.641667 0.435937 0.644444 0.435417 0.645370 0.435417 0.648148 0.434896 0.649074 0.434896 0.650926 0.431771 0.656481 0.430729 0.656481 0.430208 0.657407 0.428646 0.657407 0.428125 0.658333 0.424479 0.658333 0.423958 0.659259 0.413542 0.659259 0.413021 0.660185 0.368750 0.660185 0.368229 0.659259 0.352083 0.659259 0.351562 0.658333 0.345313 0.658333 0.345313 0.660185 0.344792 0.661111 0.344792 0.662037 0.344271 0.662963 0.344271 0.664815 0.343750 0.665741 0.343750 0.666667 0.343229 0.667593 0.343229 0.669444 0.342708 0.670370 0.342708 0.671296 0.342187 0.672222 0.342187 0.674074 0.341667 0.675000 0.341667 0.677778 0.341146 0.678704 0.341146 0.681481 0.341667 0.682407 0.341667 0.686111 0.342187 0.687037 0.342187 0.688889 0.344271 0.692593 0.345313 0.692593 0.345833 0.693519 0.346354 0.693519 0.346875 0.694444 0.349479 0.694444 0.350000 0.695370 0.354687 0.695370 0.355208 0.696296 0.367188 0.696296 0.367708 0.697222 0.424479 0.697222 0.425000 0.696296 0.432292 0.696296 0.432812 0.695370 0.435937 0.695370 0.436458 0.694444 0.436979 0.694444 0.437500 0.693519 0.438542 0.693519 0.440625 0.689815 0.440625 0.688889 0.441146 0.687963 0.441146 0.685185 0.441667 0.684259 0.441667 0.681481 0.442188 0.680556 0.442188 0.676852 0.442708 0.675926 0.442708 0.672222 0.443229 0.671296 0.443229 0.667593 0.443750 0.666667 0.443750 0.663889 0.444271 0.662963 0.444271 0.659259 0.444792 0.658333 0.444792 0.654630 0.445312 0.653704 0.445312 0.650000 0.445833 0.649074 0.445833 0.648148 0.445312 0.647222 0.445312 0.636111 0.445833 0.635185 0.445833 0.632407 0.446354 0.631481 0.446354 0.627778 0.446875 0.626852 0.446875 0.623148 0.447396 0.622222 0.447396 0.618519 0.447917 0.617593 0.447917 0.614815 0.448437 0.613889 0.448437 0.610185 0.448958 0.609259 0.448958 0.605556 0.449479 0.604630 0.449479 0.600926 0.450000 0.600000 0.450000 0.596296 0.450521 0.595370 0.450521 0.592593 0.451042 0.591667 0.451042 0.587963 0.451562 0.587037 0.451562 0.583333 0.452083 0.582407 0.452083 0.579630 0.452604 0.578704 0.452604 0.575000 0.453125 0.574074 0.453125 0.572222 0.452604 0.571296 0.452604 0.569444 0.453125 0.568519 0.453125 0.563889 0.453646 0.562963 0.453646 0.559259 0.454167 0.558333 0.454167 0.554630 0.454688 0.553704 0.454167 0.552778 0.453125 0.552778 0.452604 0.551852 0.451562 0.551852
1 0.502083 0.654630 0.100000 0.074074 0.547396 0.617593 0.546875 0.618519 0.546354 0.618519 0.546354 0.644444 0.545833 0.645370 0.545833 0.649074 0.545312 0.650000 0.545312 0.650926 0.542708 0.655556 0.542188 0.655556 0.541667 0.656481 0.540625 0.656481 0.540104 0.657407 0.538021 0.657407 0.537500 0.658333 0.532813 0.658333 0.532292 0.659259 0.513021 0.659259 0.512500 0.660185 0.492708 0.660185 0.492188 0.659259 0.465625 0.659259 0.465104 0.658333 0.456771 0.658333 0.456250 0.657407 0.453646 0.657407 0.453646 0.661111 0.453125 0.662037 0.453125 0.666667 0.452604 0.667593 0.452604 0.672222 0.452083 0.673148 0.452083 0.676852 0.452604 0.677778 0.452604 0.680556 0.453125 0.681481 0.453125 0.683333 0.454688 0.686111 0.455208 0.686111 0.455729 0.687037 0.456771 0.687037 0.457292 0.687963 0.458333 0.687963 0.458854 0.688889 0.461979 0.688889 0.462500 0.689815 0.469792 0.689815 0.470313 0.690741 0.489063 0.690741 0.489583 0.691667 0.526042 0.691667 0.526563 0.690741 0.540625 0.690741 0.541146 0.689815 0.544792 0.689815 0.545312 0.688889 0.546875 0.688889 0.547396 0.687963 0.548438 0.687963 0.548958 0.687037 0.549479 0.687037 0.550521 0.685185 0.550521 0.684259 0.551042 0.683333 0.551042 0.682407 0.551562 0.681481 0.551562 0.677778 0.552083 0.676852 0.552083 0.656481 0.551562 0.656481 0.551042 0.655556 0.550521 0.655556 0.548438 0.651852 0.548438 0.650000 0.547917 0.649074 0.547917 0.645370 0.547396 0.644444
1 0.603906 0.662037 0.100521 0.068519 0.647396 0.627778 0.647396 0.630556 0.647917 0.631481 0.647917 0.635185 0.648438 0.636111 0.648438 0.640741 0.648958 0.641667 0.648958 0.645370 0.648438 0.646296 0.648438 0.650000 0.647917 0.650926 0.647917 0.651852 0.645312 0.656481 0.644792 0.656481 0.644271 0.657407 0.643229 0.657407 0.642708 0.658333 0.640625 0.658333 0.640104 0.659259 0.635938 0.659259 0.635417 0.660185 0.616667 0.660185 0.616146 0.661111 0.594792 0.661111 0.594271 0.660185 0.568229 0.660185 0.567708 0.659259 0.559375 0.659259 0.558854 0.658333 0.555208 0.658333 0.554688 0.657407 0.553646 0.657407 0.553646 0.682407 0.554167 0.683333 0.554167 0.686111 0.554688 0.687037 0.554688 0.687963 0.555208 0.688889 0.555208 0.689815 0.556250 0.691667 0.557292 0.691667 0.557813 0.692593 0.558333 0.692593 0.558854 0.693519 0.561458 0.693519 0.561979 0.694444 0.565104 0.694444 0.565625 0.695370 0.575521 0.695370 0.576042 0.696296 0.639583 0.696296 0.640104 0.695370 0.645312 0.695370 0.645833 0.694444 0.648438 0.694444 0.648958 0.693519 0.650000 0.693519 0.650521 0.692593 0.651042 0.692593 0.653125 0.688889 0.653125 0.687963 0.653646 0.687037 0.653646 0.684259 0.654167 0.683333 0.654167 0.677778 0.653646 0.676852 0.653646 0.672222 0.653125 0.671296 0.653125 0.667593 0.652604 0.666667 0.652604 0.662963 0.652083 0.662037 0.652083 0.658333 0.651563 0.657407 0.651563 0.654630 0.651042 0.653704 0.651042 0.650000 0.650521 0.649074 0.650521 0.645370 0.650000 0.644444 0.650000 0.640741 0.649479 0.639815 0.649479 0.636111 0.648958 0.635185 0.648958 0.631481 0.648438 0.630556 0.648438 0.627778
1 0.287500 0.631944 0.105208 0.045370 0.340104 0.609259 0.340104 0.610185 0.339583 0.611111 0.339583 0.612037 0.339062 0.612963 0.339062 0.613889 0.338542 0.614815 0.338542 0.616667 0.338021 0.617593 0.338021 0.618519 0.335417 0.623148 0.334896 0.623148 0.334375 0.624074 0.333333 0.624074 0.332813 0.625000 0.330729 0.625000 0.330208 0.625926 0.325521 0.625926 0.325000 0.626852 0.305208 0.626852 0.304688 0.627778 0.285417 0.627778 0.284896 0.626852 0.257812 0.626852 0.257292 0.625926 0.249479 0.625926 0.248958 0.625000 0.245312 0.625000 0.244792 0.624074 0.243229 0.624074 0.242708 0.623148 0.241667 0.623148 0.241146 0.622222 0.240625 0.622222 0.239583 0.620370 0.239063 0.620370 0.238542 0.621296 0.238542 0.622222 0.237500 0.624074 0.237500 0.625000 0.236458 0.626852 0.236458 0.627778 0.235937 0.628704 0.235937 0.629630 0.235417 0.630556 0.235417 0.632407 0.234896 0.633333 0.234896 0.640741 0.235417 0.641667 0.235417 0.643519 0.235937 0.644444 0.235937 0.646296 0.237500 0.649074 0.238021 0.649074 0.238542 0.650000 0.239583 0.650000 0.240104 0.650926 0.241667 0.650926 0.242188 0.651852 0.245312 0.651852 0.245833 0.652778 0.254167 0.652778 0.254688 0.653704 0.280208 0.653704 0.280729 0.654630 0.302604 0.654630 0.303125 0.653704 0.321875 0.653704 0.322396 0.652778 0.326562 0.652778 0.327083 0.651852 0.329167 0.651852 0.329688 0.650926 0.330729 0.650926 0.331250 0.650000 0.331771 0.650000 0.333333 0.647222 0.333333 0.645370 0.333854 0.644444 0.333854 0.643519 0.334375 0.642593 0.334375 0.640741 0.334896 0.639815 0.334896 0.636111 0.335417 0.635185 0.335417 0.634259 0.335938 0.633333 0.335938 0.632407 0.336458 0.631481 0.336458 0.629630 0.336979 0.628704 0.336979 0.627778 0.337500 0.626852 0.337500 0.625926 0.338021 0.625000 0.338021 0.623148 0.338542 0.622222 0.338542 0.621296 0.339062 0.620370 0.339062 0.619444 0.339583 0.618519 0.339583 0.617593 0.340104 0.616667
1 0.386458 0.637037 0.103125 0.044444 0.340625 0.614815 0.340625 0.616667 0.340104 0.617593 0.340104 0.618519 0.339583 0.619444 0.339583 0.620370 0.339062 0.621296 0.339062 0.622222 0.338542 0.623148 0.338542 0.625000 0.338021 0.625926 0.338021 0.626852 0.337500 0.627778 0.337500 0.628704 0.336979 0.629630 0.336979 0.631481 0.336458 0.632407 0.336458 0.633333 0.335938 0.634259 0.335938 0.635185 0.335417 0.636111 0.335417 0.639815 0.334896 0.640741 0.334896 0.643519 0.335417 0.644444 0.335417 0.648148 0.335938 0.649074 0.335938 0.650000 0.336458 0.650926 0.336458 0.651852 0.337500 0.653704 0.338021 0.653704 0.338542 0.654630 0.339583 0.654630 0.340104 0.655556 0.340625 0.655556 0.341146 0.656481 0.344792 0.656481 0.345313 0.657407 0.351562 0.657407 0.352083 0.658333 0.368229 0.658333 0.368750 0.659259 0.413021 0.659259 0.413542 0.658333 0.423958 0.658333 0.424479 0.657407 0.428125 0.657407 0.428646 0.656481 0.430208 0.656481 0.430729 0.655556 0.431771 0.655556 0.434375 0.650926 0.434375 0.649074 0.434896 0.648148 0.434896 0.645370 0.435417 0.644444 0.435417 0.641667 0.435937 0.640741 0.435937 0.637963 0.436458 0.637037 0.436458 0.633333 0.436979 0.632407 0.436979 0.629630 0.437500 0.628704 0.437500 0.625926 0.438021 0.625000 0.438021 0.623148 0.436979 0.623148 0.436458 0.624074 0.435417 0.624074 0.434896 0.625000 0.431771 0.625000 0.431250 0.625926 0.424479 0.625926 0.423958 0.626852 0.365104 0.626852 0.364583 0.625926 0.353646 0.625926 0.353125 0.625000 0.348958 0.625000 0.348438 0.624074 0.346354 0.624074 0.345833 0.623148 0.344792 0.623148 0.344271 0.622222 0.343229 0.622222 0.341667 0.619444 0.341667 0.618519 0.341146 0.617593 0.341146 0.616667 0.340625 0.615741
1 0.495833 0.632407 0.100000 0.053704 0.449479 0.605556 0.449479 0.609259 0.448958 0.610185 0.448958 0.613889 0.448437 0.614815 0.448437 0.617593 0.447917 0.618519 0.447917 0.622222 0.447396 0.623148 0.447396 0.626852 0.446875 0.627778 0.446875 0.631481 0.446354 0.632407 0.446354 0.635185 0.445833 0.636111 0.445833 0.647222 0.446354 0.648148 0.446354 0.650000 0.448437 0.653704 0.448958 0.653704 0.449479 0.654630 0.450000 0.654630 0.450521 0.655556 0.452604 0.655556 0.453125 0.656481 0.456250 0.656481 0.456771 0.657407 0.465104 0.657407 0.465625 0.658333 0.492188 0.658333 0.492708 0.659259 0.512500 0.659259 0.513021 0.658333 0.532292 0.658333 0.532813 0.657407 0.537500 0.657407 0.538021 0.656481 0.540104 0.656481 0.540625 0.655556 0.541667 0.655556 0.542188 0.654630 0.542708 0.654630 0.544792 0.650926 0.544792 0.650000 0.545312 0.649074 0.545312 0.645370 0.545833 0.644444 0.545833 0.619444 0.544792 0.619444 0.544271 0.620370 0.541146 0.620370 0.540625 0.621296 0.533854 0.621296 0.533333 0.622222 0.472917 0.622222 0.472396 0.621296 0.461979 0.621296 0.461458 0.620370 0.458333 0.620370 0.457813 0.619444 0.455208 0.619444 0.454688 0.618519 0.454167 0.618519 0.453646 0.617593 0.452604 0.617593 0.450521 0.613889 0.450521 0.612037 0.450000 0.611111 0.450000 0.609259 0.449479 0.608333
1 0.291667 0.602315 0.107292 0.049074 0.344792 0.577778 0.344792 0.578704 0.344271 0.579630 0.344271 0.581481 0.343750 0.582407 0.343750 0.583333 0.343229 0.584259 0.343229 0.585185 0.340625 0.589815 0.339583 0.589815 0.339062 0.590741 0.338021 0.590741 0.337500 0.591667 0.334375 0.591667 0.333854 0.592593 0.326042 0.592593 0.325521 0.593519 0.269271 0.593519 0.268750 0.592593 0.256771 0.592593 0.256250 0.591667 0.252083 0.591667 0.251563 0.590741 0.248958 0.590741 0.248438 0.589815 0.247396 0.589815 0.246875 0.588889 0.245833 0.588889 0.244792 0.587037 0.244271 0.587037 0.243750 0.587963 0.243750 0.588889 0.242708 0.590741 0.242708 0.591667 0.241667 0.593519 0.241667 0.594444 0.240625 0.596296 0.240625 0.597222 0.239583 0.599074 0.239583 0.600000 0.239063 0.600926 0.239063 0.601852 0.238542 0.602778 0.238542 0.604630 0.238021 0.605556 0.238021 0.612963 0.238542 0.613889 0.238542 0.615741 0.239063 0.616667 0.239063 0.618519 0.240625 0.621296 0.241146 0.621296 0.241667 0.622222 0.242708 0.622222 0.243229 0.623148 0.244792 0.623148 0.245312 0.624074 0.248958 0.624074 0.249479 0.625000 0.257292 0.625000 0.257812 0.625926 0.284896 0.625926 0.285417 0.626852 0.304688 0.626852 0.305208 0.625926 0.325000 0.625926 0.325521 0.625000 0.330208 0.625000 0.330729 0.624074 0.332813 0.624074 0.333333 0.623148 0.334375 0.623148 0.334896 0.622222 0.335417 0.622222 0.337500 0.618519 0.337500 0.617593 0.338021 0.616667 0.338021 0.614815 0.338542 0.613889 0.338542 0.612963 0.339062 0.612037 0.339062 0.611111 0.339583 0.610185 0.339583 0.609259 0.340104 0.608333 0.340104 0.604630 0.340625 0.603704 0.340625 0.602778 0.341146 0.601852 0.341146 0.600000 0.341667 0.599074 0.341667 0.598148 0.342187 0.597222 0.342187 0.596296 0.342708 0.595370 0.342708 0.593519 0.343229 0.592593 0.343229 0.591667 0.343750 0.590741 0.343750 0.589815 0.344271 0.588889 0.344271 0.587963 0.344792 0.587037 0.344792 0.585185 0.345313 0.584259 0.345313 0.579630 0.344792 0.578704
1 0.392188 0.604630 0.103125 0.042593 0.345833 0.583333 0.345833 0.584259 0.345313 0.585185 0.345313 0.587037 0.344792 0.587963 0.344792 0.588889 0.344271 0.589815 0.344271 0.590741 0.343750 0.591667 0.343750 0.592593 0.343229 0.593519 0.343229 0.595370 0.342708 0.596296 0.342708 0.597222 0.342187 0.598148 0.342187 0.599074 0.341667 0.600000 0.341667 0.601852 0.341146 0.602778 0.341146 0.603704 0.340625 0.604630 0.340625 0.613889 0.341146 0.614815 0.341146 0.615741 0.341667 0.616667 0.341667 0.617593 0.342187 0.618519 0.342187 0.619444 0.343229 0.621296 0.344271 0.621296 0.344792 0.622222 0.345833 0.622222 0.346354 0.623148 0.348438 0.623148 0.348958 0.624074 0.353125 0.624074 0.353646 0.625000 0.364583 0.625000 0.365104 0.625926 0.423958 0.625926 0.424479 0.625000 0.431250 0.625000 0.431771 0.624074 0.434896 0.624074 0.435417 0.623148 0.436458 0.623148 0.436979 0.622222 0.438021 0.622222 0.440104 0.618519 0.440104 0.616667 0.440625 0.615741 0.440625 0.613889 0.441146 0.612963 0.441146 0.609259 0.441667 0.608333 0.441667 0.605556 0.442188 0.604630 0.442188 0.600926 0.442708 0.600000 0.442708 0.597222 0.443229 0.596296 0.443229 0.593519 0.443750 0.592593 0.443750 0.589815 0.443229 0.590741 0.442188 0.590741 0.441667 0.591667 0.440625 0.591667 0.440104 0.592593 0.436979 0.592593 0.436458 0.593519 0.428646 0.593519 0.428125 0.594444 0.372396 0.594444 0.371875 0.593519 0.359375 0.593519 0.358854 0.592593 0.354687 0.592593 0.354167 0.591667 0.351042 0.591667 0.350521 0.590741 0.350000 0.590741 0.349479 0.589815 0.348438 0.589815 0.345833 0.585185
1 0.500000 0.598148 0.100000 0.046296 0.453125 0.575000 0.453125 0.578704 0.452604 0.579630 0.452604 0.582407 0.452083 0.583333 0.452083 0.587037 0.451562 0.587963 0.451562 0.591667 0.451042 0.592593 0.451042 0.595370 0.450521 0.596296 0.450521 0.600000 0.450000 0.600926 0.450000 0.608333 0.450521 0.609259 0.450521 0.611111 0.451042 0.612037 0.451042 0.613889 0.452604 0.616667 0.453646 0.616667 0.454167 0.617593 0.454688 0.617593 0.455208 0.618519 0.457813 0.618519 0.458333 0.619444 0.461458 0.619444 0.461979 0.620370 0.472396 0.620370 0.472917 0.621296 0.533333 0.621296 0.533854 0.620370 0.540625 0.620370 0.541146 0.619444 0.544271 0.619444 0.544792 0.618519 0.545833 0.618519 0.546354 0.617593 0.546875 0.617593 0.548958 0.613889 0.548958 0.612963 0.549479 0.612037 0.549479 0.609259 0.550000 0.608333 0.550000 0.584259 0.549479 0.584259 0.548958 0.585185 0.547917 0.585185 0.547396 0.586111 0.544271 0.586111 0.543750 0.587037 0.535937 0.587037 0.535417 0.587963 0.478125 0.587963 0.477604 0.587037 0.466146 0.587037 0.465625 0.586111 0.461458 0.586111 0.460938 0.585185 0.458854 0.585185 0.458333 0.584259 0.457292 0.584259 0.456771 0.583333 0.456250 0.583333 0.453646 0.578704 0.453646 0.576852 0.453125 0.575926
1 0.605729 0.572685 0.101042 0.112037 0.555208 0.516667 0.555208 0.595370 0.555729 0.596296 0.555729 0.616667 0.556250 0.617593 0.556250 0.619444 0.556771 0.620370 0.556771 0.621296 0.558333 0.624074 0.559375 0.624074 0.559896 0.625000 0.560417 0.625000 0.560937 0.625926 0.563542 0.625926 0.564063 0.626852 0.567708 0.626852 0.568229 0.627778 0.579167 0.627778 0.579688 0.628704 0.640104 0.628704 0.640625 0.627778 0.646875 0.627778 0.647396 0.626852 0.650521 0.626852 0.651042 0.625926 0.652083 0.625926 0.652604 0.625000 0.653646 0.625000 0.655208 0.622222 0.655208 0.621296 0.655729 0.620370 0.655729 0.618519 0.656250 0.617593 0.656250 0.607407 0.655729 0.606481 0.655729 0.602778 0.655208 0.601852 0.655208 0.599074 0.654687 0.598148 0.654687 0.594444 0.654167 0.593519 0.654167 0.590741 0.653646 0.589815 0.653646 0.587963 0.651563 0.587963 0.651042 0.588889 0.640104 0.588889 0.639583 0.589815 0.595313 0.589815 0.594792 0.588889 0.579167 0.588889 0.578646 0.587963 0.571875 0.587963 0.571354 0.587037 0.568229 0.587037 0.567708 0.586111 0.566667 0.586111 0.566146 0.585185 0.565625 0.585185 0.565104 0.584259 0.564583 0.584259 0.563021 0.581481 0.563021 0.580556 0.562500 0.579630 0.562500 0.578704 0.561979 0.577778 0.561979 0.573148 0.561458 0.572222 0.561458 0.551852 0.559375 0.548148 0.559375 0.546296 0.558854 0.545370 0.558854 0.544444 0.558333 0.543519 0.558333 0.520370 0.557813 0.519444 0.556771 0.519444
1 0.296615 0.565278 0.106771 0.054630 0.340104 0.537963 0.340104 0.538889 0.339583 0.539815 0.339583 0.540741 0.339062 0.541667 0.339062 0.542593 0.338542 0.543519 0.338542 0.544444 0.335938 0.549074 0.334896 0.549074 0.334375 0.550000 0.333333 0.550000 0.332813 0.550926 0.329688 0.550926 0.329167 0.551852 0.322396 0.551852 0.321875 0.552778 0.261979 0.552778 0.261458 0.551852 0.251042 0.551852 0.250521 0.550926 0.249479 0.552778 0.249479 0.553704 0.247917 0.556481 0.247917 0.557407 0.246875 0.559259 0.246875 0.560185 0.245833 0.562037 0.245833 0.562963 0.244792 0.564815 0.244792 0.565741 0.244271 0.566667 0.244271 0.567593 0.243750 0.568519 0.243750 0.569444 0.243229 0.570370 0.243229 0.580556 0.243750 0.581481 0.243750 0.583333 0.244271 0.584259 0.244271 0.585185 0.245833 0.587963 0.246875 0.587963 0.247396 0.588889 0.248438 0.588889 0.248958 0.589815 0.251563 0.589815 0.252083 0.590741 0.256250 0.590741 0.256771 0.591667 0.268750 0.591667 0.269271 0.592593 0.325521 0.592593 0.326042 0.591667 0.333854 0.591667 0.334375 0.590741 0.337500 0.590741 0.338021 0.589815 0.339062 0.589815 0.339583 0.588889 0.340625 0.588889 0.342708 0.585185 0.342708 0.584259 0.343229 0.583333 0.343229 0.582407 0.343750 0.581481 0.343750 0.579630 0.344271 0.578704 0.344271 0.577778 0.344792 0.576852 0.344792 0.575000 0.345313 0.574074 0.345313 0.570370 0.345833 0.569444 0.345833 0.568519 0.346354 0.567593 0.346354 0.566667 0.346875 0.565741 0.346875 0.563889 0.347396 0.562963 0.347396 0.562037 0.347917 0.561111 0.347917 0.560185 0.348438 0.559259 0.348438 0.558333 0.348958 0.557407 0.348958 0.555556 0.349479 0.554630 0.349479 0.553704 0.350000 0.552778 0.350000 0.551852 0.347917 0.551852 0.347396 0.550926 0.345833 0.550926 0.345313 0.550000 0.344271 0.550000 0.343750 0.549074 0.343229 0.549074 0.341667 0.546296 0.341667 0.545370 0.341146 0.544444 0.341146 0.543519 0.340625 0.542593 0.340625 0.539815 0.340104 0.538889
1 0.399219 0.536574 0.107813 0.113889 0.450000 0.479630 0.450000 0.480556 0.449479 0.481481 0.449479 0.484259 0.448958 0.485185 0.448958 0.487963 0.448437 0.488889 0.448437 0.491667 0.447917 0.492593 0.447917 0.495370 0.447396 0.496296 0.447396 0.499074 0.446875 0.500000 0.446875 0.502778 0.446354 0.503704 0.446354 0.506481 0.445833 0.507407 0.445833 0.510185 0.445312 0.511111 0.445312 0.513889 0.444792 0.514815 0.444792 0.517593 0.444271 0.518519 0.444271 0.521296 0.443750 0.522222 0.443750 0.525000 0.443229 0.525926 0.443229 0.528704 0.442708 0.529630 0.442708 0.532407 0.442188 0.533333 0.442188 0.536111 0.441667 0.537037 0.441667 0.539815 0.441146 0.540741 0.441146 0.542593 0.440625 0.543519 0.440625 0.545370 0.438021 0.550000 0.437500 0.550000 0.436979 0.550926 0.435937 0.550926 0.435417 0.551852 0.432812 0.551852 0.432292 0.552778 0.427604 0.552778 0.427083 0.553704 0.406771 0.553704 0.406250 0.554630 0.389062 0.554630 0.388542 0.553704 0.360938 0.553704 0.360417 0.552778 0.352083 0.552778 0.351562 0.551852 0.350521 0.551852 0.350521 0.552778 0.350000 0.553704 0.350000 0.554630 0.349479 0.555556 0.349479 0.557407 0.348958 0.558333 0.348958 0.559259 0.348438 0.560185 0.348438 0.561111 0.347917 0.562037 0.347917 0.562963 0.347396 0.563889 0.347396 0.565741 0.346875 0.566667 0.346875 0.567593 0.346354 0.568519 0.346354 0.569444 0.345833 0.570370 0.345833 0.574074 0.345313 0.575000 0.345313 0.578704 0.345833 0.579630 0.345833 0.582407 0.346354 0.583333 0.346354 0.585185 0.348438 0.588889 0.349479 0.588889 0.350000 0.589815 0.350521 0.589815 0.351042 0.590741 0.354167 0.590741 0.354687 0.591667 0.358854 0.591667 0.359375 0.592593 0.371875 0.592593 0.372396 0.593519 0.428125 0.593519 0.428646 0.592593 0.436458 0.592593 0.436979 0.591667 0.440104 0.591667 0.440625 0.590741 0.441667 0.590741 0.442188 0.589815 0.443229 0.589815 0.445312 0.586111 0.445312 0.584259 0.445833 0.583333 0.445833 0.581481 0.446354 0.580556 0.446354 0.577778 0.446875 0.576852 0.446875 0.573148 0.447396 0.572222 0.447396 0.569444 0.447917 0.568519 0.447917 0.565741 0.448437 0.564815 0.448437 0.561111 0.448958 0.560185 0.448958 0.557407 0.449479 0.556481 0.449479 0.552778 0.450000 0.551852 0.450000 0.549074 0.448958 0.547222 0.448958 0.545370 0.448437 0.544444 0.448437 0.540741 0.447917 0.539815 0.447917 0.537963 0.448437 0.537037 0.448437 0.532407 0.448958 0.531481 0.448958 0.528704 0.449479 0.527778 0.449479 0.524074 0.450000 0.523148 0.450000 0.520370 0.450521 0.519444 0.450521 0.516667 0.451042 0.515741 0.451042 0.512037 0.450521 0.511111 0.450521 0.501852 0.451042 0.500926 0.451042 0.498148 0.451562 0.497222 0.451562 0.494444 0.452083 0.493519 0.452083 0.490741 0.452604 0.489815 0.452604 0.487037 0.453125 0.486111 0.453125 0.482407 0.452604 0.482407 0.452083 0.481481 0.451042 0.481481
1 0.503385 0.486111 0.100521 0.201852 0.552604 0.385185 0.552604 0.512037 0.552083 0.512963 0.552083 0.514815 0.551562 0.515741 0.551562 0.516667 0.550000 0.519444 0.550000 0.540741 0.549479 0.541667 0.549479 0.545370 0.548958 0.546296 0.548958 0.547222 0.548438 0.548148 0.548438 0.549074 0.546875 0.551852 0.546354 0.551852 0.545833 0.552778 0.544792 0.552778 0.544271 0.553704 0.543229 0.553704 0.542708 0.554630 0.539062 0.554630 0.538542 0.555556 0.529687 0.555556 0.529167 0.556481 0.477604 0.556481 0.477083 0.555556 0.463542 0.555556 0.463021 0.554630 0.457813 0.554630 0.457292 0.553704 0.455208 0.553704 0.454688 0.554630 0.454688 0.558333 0.454167 0.559259 0.454167 0.562963 0.453646 0.563889 0.453646 0.568519 0.453125 0.569444 0.453125 0.571296 0.453646 0.572222 0.453646 0.575926 0.454167 0.576852 0.454167 0.578704 0.456250 0.582407 0.456771 0.582407 0.457292 0.583333 0.458333 0.583333 0.458854 0.584259 0.460938 0.584259 0.461458 0.585185 0.465625 0.585185 0.466146 0.586111 0.477604 0.586111 0.478125 0.587037 0.535417 0.587037 0.535937 0.586111 0.543750 0.586111 0.544271 0.585185 0.547396 0.585185 0.547917 0.584259 0.548958 0.584259 0.549479 0.583333 0.550521 0.583333 0.552083 0.580556 0.552083 0.579630 0.552604 0.578704 0.552604 0.577778 0.553125 0.576852 0.553125 0.572222 0.553646 0.571296 0.553646 0.562037 0.553125 0.561111 0.553125 0.425000 0.552604 0.424074
1 0.612240 0.567593 0.100521 0.042593 0.659375 0.546296 0.659375 0.547222 0.658854 0.548148 0.658854 0.549074 0.656771 0.552778 0.655729 0.552778 0.655208 0.553704 0.654167 0.553704 0.653646 0.554630 0.650521 0.554630 0.650000 0.555556 0.642708 0.555556 0.642188 0.556481 0.582292 0.556481 0.581771 0.555556 0.571354 0.555556 0.570833 0.554630 0.567187 0.554630 0.566667 0.553704 0.564063 0.553704 0.563542 0.552778 0.563021 0.552778 0.562500 0.551852 0.561979 0.551852 0.561979 0.572222 0.562500 0.573148 0.562500 0.577778 0.563021 0.578704 0.563021 0.579630 0.563542 0.580556 0.563542 0.581481 0.564583 0.583333 0.565104 0.583333 0.565625 0.584259 0.566146 0.584259 0.566667 0.585185 0.567708 0.585185 0.568229 0.586111 0.571354 0.586111 0.571875 0.587037 0.578646 0.587037 0.579167 0.587963 0.594792 0.587963 0.595313 0.588889 0.639583 0.588889 0.640104 0.587963 0.651042 0.587963 0.651563 0.587037 0.655208 0.587037 0.655729 0.586111 0.657292 0.586111 0.657813 0.585185 0.658854 0.585185 0.659375 0.584259 0.659896 0.584259 0.661458 0.581481 0.661458 0.580556 0.661979 0.579630 0.661979 0.578704 0.662500 0.577778 0.662500 0.567593 0.661979 0.566667 0.661979 0.563889 0.661458 0.562963 0.661458 0.560185 0.660937 0.559259 0.660937 0.556481 0.660417 0.555556 0.660417 0.552778 0.659896 0.551852 0.659896 0.549074 0.659375 0.548148
1 0.292187 0.527315 0.106250 0.049074 0.343229 0.502778 0.343229 0.503704 0.342708 0.504630 0.342708 0.506481 0.342187 0.507407 0.342187 0.508333 0.341667 0.509259 0.341667 0.510185 0.341146 0.511111 0.341146 0.512037 0.340625 0.512963 0.340625 0.513889 0.337500 0.519444 0.336979 0.519444 0.336458 0.520370 0.335417 0.520370 0.334896 0.521296 0.331771 0.521296 0.331250 0.522222 0.325000 0.522222 0.324479 0.523148 0.260937 0.523148 0.260417 0.522222 0.251563 0.522222 0.251042 0.521296 0.247396 0.521296 0.246875 0.520370 0.245312 0.520370 0.244792 0.519444 0.243750 0.519444 0.243229 0.518519 0.242188 0.520370 0.242188 0.521296 0.241146 0.523148 0.241146 0.524074 0.239583 0.526852 0.239583 0.528704 0.239063 0.529630 0.239063 0.540741 0.239583 0.541667 0.239583 0.542593 0.240104 0.543519 0.240104 0.544444 0.241667 0.547222 0.242188 0.547222 0.242708 0.548148 0.243750 0.548148 0.244271 0.549074 0.246354 0.549074 0.246875 0.550000 0.250521 0.550000 0.251042 0.550926 0.261458 0.550926 0.261979 0.551852 0.321875 0.551852 0.322396 0.550926 0.329167 0.550926 0.329688 0.550000 0.332813 0.550000 0.333333 0.549074 0.334375 0.549074 0.334896 0.548148 0.335938 0.548148 0.338021 0.544444 0.338021 0.543519 0.338542 0.542593 0.338542 0.541667 0.339062 0.540741 0.339062 0.539815 0.339583 0.538889 0.339583 0.537963 0.340104 0.537037 0.340104 0.533333 0.340625 0.532407 0.340625 0.529630 0.341146 0.528704 0.341146 0.527778 0.341667 0.526852 0.341667 0.525926 0.342187 0.525000 0.342187 0.524074 0.342708 0.523148 0.342708 0.522222 0.343229 0.521296 0.343229 0.520370 0.343750 0.519444 0.343750 0.518519 0.344271 0.517593 0.344271 0.516667 0.344792 0.515741 0.344792 0.514815 0.345313 0.513889 0.344271 0.512037 0.344271 0.511111 0.343750 0.510185 0.343750 0.508333 0.343229 0.507407
1 0.395052 0.514815 0.108854 0.077778 0.448958 0.475926 0.448958 0.476852 0.448437 0.477778 0.448437 0.480556 0.447917 0.481481 0.447917 0.484259 0.447396 0.485185 0.447396 0.487963 0.446875 0.488889 0.446875 0.491667 0.446354 0.492593 0.446354 0.495370 0.445833 0.496296 0.445833 0.499074 0.445312 0.500000 0.445312 0.502778 0.444792 0.503704 0.444792 0.506481 0.444271 0.507407 0.444271 0.509259 0.443750 0.510185 0.443750 0.511111 0.443229 0.512037 0.443229 0.512963 0.441667 0.515741 0.441146 0.515741 0.440625 0.516667 0.439583 0.516667 0.439063 0.517593 0.438021 0.517593 0.437500 0.518519 0.433854 0.518519 0.433333 0.519444 0.423958 0.519444 0.423438 0.520370 0.373437 0.520370 0.372917 0.519444 0.358854 0.519444 0.358333 0.518519 0.353125 0.518519 0.352604 0.517593 0.349479 0.517593 0.348958 0.516667 0.347917 0.516667 0.347396 0.515741 0.346875 0.515741 0.346354 0.514815 0.345313 0.514815 0.345313 0.515741 0.344792 0.516667 0.344792 0.517593 0.344271 0.518519 0.344271 0.519444 0.343750 0.520370 0.343750 0.521296 0.343229 0.522222 0.343229 0.523148 0.342708 0.524074 0.342708 0.525000 0.342187 0.525926 0.342187 0.526852 0.341667 0.527778 0.341667 0.528704 0.341146 0.529630 0.341146 0.532407 0.340625 0.533333 0.340625 0.538889 0.341146 0.539815 0.341146 0.542593 0.341667 0.543519 0.341667 0.544444 0.342187 0.545370 0.342187 0.546296 0.343229 0.548148 0.343750 0.548148 0.344271 0.549074 0.345313 0.549074 0.345833 0.550000 0.347396 0.550000 0.347917 0.550926 0.351562 0.550926 0.352083 0.551852 0.360417 0.551852 0.360938 0.552778 0.388542 0.552778 0.389062 0.553704 0.406250 0.553704 0.406771 0.552778 0.427083 0.552778 0.427604 0.551852 0.432292 0.551852 0.432812 0.550926 0.435417 0.550926 0.435937 0.550000 0.436979 0.550000 0.437500 0.549074 0.438021 0.549074 0.440104 0.545370 0.440104 0.543519 0.440625 0.542593 0.440625 0.540741 0.441146 0.539815 0.441146 0.537037 0.441667 0.536111 0.441667 0.533333 0.442188 0.532407 0.442188 0.529630 0.442708 0.528704 0.442708 0.525926 0.443229 0.525000 0.443229 0.522222 0.443750 0.521296 0.443750 0.518519 0.444271 0.517593 0.444271 0.514815 0.444792 0.513889 0.444792 0.511111 0.445312 0.510185 0.445312 0.507407 0.445833 0.506481 0.445833 0.503704 0.446354 0.502778 0.446354 0.500000 0.446875 0.499074 0.446875 0.496296 0.447396 0.495370 0.447396 0.492593 0.447917 0.491667 0.447917 0.488889 0.448437 0.487963 0.448437 0.485185 0.448958 0.484259 0.448958 0.481481 0.449479 0.480556 0.449479 0.478704 0.448958 0.477778
1 0.609375 0.531481 0.101042 0.048148 0.655729 0.507407 0.655729 0.512037 0.655208 0.512963 0.655208 0.513889 0.654687 0.514815 0.654687 0.515741 0.652083 0.520370 0.651042 0.520370 0.650521 0.521296 0.650000 0.521296 0.649479 0.522222 0.645833 0.522222 0.645312 0.523148 0.638542 0.523148 0.638021 0.524074 0.577604 0.524074 0.577083 0.523148 0.566667 0.523148 0.566146 0.522222 0.562500 0.522222 0.561979 0.521296 0.559375 0.521296 0.558854 0.520370 0.558854 0.543519 0.559375 0.544444 0.559375 0.545370 0.559896 0.546296 0.559896 0.548148 0.561458 0.550926 0.562500 0.550926 0.563021 0.551852 0.563542 0.551852 0.564063 0.552778 0.566667 0.552778 0.567187 0.553704 0.570833 0.553704 0.571354 0.554630 0.581771 0.554630 0.582292 0.555556 0.642188 0.555556 0.642708 0.554630 0.650000 0.554630 0.650521 0.553704 0.653646 0.553704 0.654167 0.552778 0.655208 0.552778 0.655729 0.551852 0.656771 0.551852 0.658333 0.549074 0.658333 0.548148 0.658854 0.547222 0.658854 0.546296 0.659375 0.545370 0.659375 0.540741 0.659896 0.539815 0.659375 0.538889 0.659375 0.533333 0.658854 0.532407 0.658854 0.529630 0.658333 0.528704 0.658333 0.525926 0.657813 0.525000 0.657813 0.522222 0.657292 0.521296 0.657292 0.518519 0.656771 0.517593 0.656771 0.514815 0.656250 0.513889 0.656250 0.511111 0.655729 0.510185
1 0.294531 0.482870 0.109896 0.078704 0.345833 0.443519 0.345313 0.444444 0.345313 0.445370 0.344792 0.446296 0.344792 0.447222 0.344271 0.448148 0.344271 0.449074 0.343750 0.450000 0.343750 0.450926 0.343229 0.451852 0.343229 0.452778 0.342708 0.453704 0.342708 0.454630 0.342187 0.455556 0.342187 0.456481 0.341146 0.458333 0.341146 0.459259 0.340625 0.460185 0.340625 0.461111 0.340104 0.462037 0.340104 0.462963 0.339583 0.463889 0.339583 0.464815 0.339062 0.465741 0.339062 0.466667 0.338542 0.467593 0.338542 0.468519 0.337500 0.470370 0.337500 0.471296 0.336979 0.472222 0.336979 0.473148 0.336458 0.474074 0.336458 0.475000 0.333854 0.479630 0.332813 0.479630 0.332292 0.480556 0.331250 0.480556 0.330729 0.481481 0.327083 0.481481 0.326562 0.482407 0.317708 0.482407 0.317188 0.483333 0.263542 0.483333 0.263021 0.482407 0.250521 0.482407 0.250000 0.481481 0.247396 0.481481 0.246354 0.483333 0.246354 0.484259 0.244792 0.487037 0.244792 0.487963 0.243229 0.490741 0.243229 0.491667 0.241667 0.494444 0.241667 0.495370 0.240625 0.497222 0.240625 0.498148 0.240104 0.499074 0.240104 0.501852 0.239583 0.502778 0.239583 0.507407 0.240104 0.508333 0.240104 0.511111 0.240625 0.512037 0.240625 0.513889 0.242708 0.517593 0.243229 0.517593 0.243750 0.518519 0.244792 0.518519 0.245312 0.519444 0.246875 0.519444 0.247396 0.520370 0.251042 0.520370 0.251563 0.521296 0.260417 0.521296 0.260937 0.522222 0.324479 0.522222 0.325000 0.521296 0.331250 0.521296 0.331771 0.520370 0.334896 0.520370 0.335417 0.519444 0.336458 0.519444 0.336979 0.518519 0.337500 0.518519 0.340104 0.513889 0.340104 0.512963 0.340625 0.512037 0.340625 0.511111 0.341146 0.510185 0.341146 0.509259 0.341667 0.508333 0.341667 0.507407 0.342187 0.506481 0.342187 0.504630 0.342708 0.503704 0.342708 0.502778 0.343229 0.501852 0.343229 0.497222 0.343750 0.496296 0.343750 0.494444 0.344271 0.493519 0.344271 0.492593 0.344792 0.491667 0.344792 0.490741 0.345313 0.489815 0.345313 0.488889 0.345833 0.487963 0.345833 0.487037 0.346354 0.486111 0.346354 0.485185 0.346875 0.484259 0.346875 0.483333 0.347396 0.482407 0.347396 0.481481 0.345313 0.477778 0.345313 0.476852 0.344792 0.475926 0.344792 0.475000 0.344271 0.474074 0.344271 0.463889 0.344792 0.462963 0.344792 0.461111 0.345313 0.460185 0.345313 0.459259 0.345833 0.458333 0.345833 0.457407 0.346354 0.456481 0.346354 0.455556 0.346875 0.454630 0.346875 0.453704 0.347917 0.451852 0.347917 0.450926 0.348438 0.450000 0.348438 0.449074 0.348958 0.448148 0.348958 0.447222 0.349479 0.446296 0.349479 0.445370 0.347917 0.445370 0.347396 0.444444 0.346875 0.444444 0.346354 0.443519
1 0.397135 0.482870 0.106771 0.073148 0.450000 0.446296 0.450000 0.447222 0.449479 0.448148 0.449479 0.450926 0.448958 0.451852 0.448958 0.454630 0.448437 0.455556 0.448437 0.457407 0.447917 0.458333 0.447917 0.461111 0.447396 0.462037 0.447396 0.464815 0.446875 0.465741 0.446875 0.468519 0.446354 0.469444 0.446354 0.472222 0.445833 0.473148 0.445833 0.475000 0.445312 0.475926 0.445312 0.477778 0.442708 0.482407 0.442188 0.482407 0.441667 0.483333 0.440625 0.483333 0.440104 0.484259 0.438542 0.484259 0.438021 0.485185 0.434375 0.485185 0.433854 0.486111 0.420312 0.486111 0.419792 0.487037 0.378125 0.487037 0.377604 0.486111 0.361458 0.486111 0.360938 0.485185 0.354687 0.485185 0.354167 0.484259 0.351042 0.484259 0.350521 0.483333 0.349479 0.483333 0.348958 0.482407 0.347917 0.482407 0.347396 0.483333 0.347396 0.484259 0.346875 0.485185 0.346875 0.486111 0.346354 0.487037 0.346354 0.487963 0.345833 0.488889 0.345833 0.489815 0.345313 0.490741 0.345313 0.491667 0.344792 0.492593 0.344792 0.493519 0.344271 0.494444 0.344271 0.496296 0.343750 0.497222 0.343750 0.507407 0.344271 0.508333 0.344271 0.510185 0.344792 0.511111 0.344792 0.512037 0.345833 0.513889 0.346354 0.513889 0.346875 0.514815 0.347396 0.514815 0.347917 0.515741 0.348958 0.515741 0.349479 0.516667 0.352604 0.516667 0.353125 0.517593 0.358333 0.517593 0.358854 0.518519 0.372917 0.518519 0.373437 0.519444 0.423438 0.519444 0.423958 0.518519 0.433333 0.518519 0.433854 0.517593 0.437500 0.517593 0.438021 0.516667 0.439063 0.516667 0.439583 0.515741 0.440625 0.515741 0.441146 0.514815 0.441667 0.514815 0.442708 0.512963 0.442708 0.512037 0.443229 0.511111 0.443229 0.510185 0.443750 0.509259 0.443750 0.507407 0.444271 0.506481 0.444271 0.503704 0.444792 0.502778 0.444792 0.500000 0.445312 0.499074 0.445312 0.496296 0.445833 0.495370 0.445833 0.492593 0.446354 0.491667 0.446354 0.488889 0.446875 0.487963 0.446875 0.485185 0.447396 0.484259 0.447396 0.481481 0.447917 0.480556 0.447917 0.477778 0.448437 0.476852 0.448437 0.473148 0.447917 0.472222 0.447917 0.465741 0.448437 0.464815 0.448437 0.461111 0.448958 0.460185 0.448958 0.457407 0.449479 0.456481 0.449479 0.453704 0.450000 0.452778 0.450000 0.450000 0.450521 0.449074 0.450521 0.446296
1 0.501563 0.427315 0.101042 0.193519 0.550521 0.330556 0.550521 0.364815 0.550000 0.365741 0.550000 0.472222 0.549479 0.473148 0.549479 0.475926 0.548958 0.476852 0.548958 0.477778 0.546354 0.482407 0.545312 0.482407 0.544792 0.483333 0.543750 0.483333 0.543229 0.484259 0.540104 0.484259 0.539583 0.485185 0.532813 0.485185 0.532292 0.486111 0.469792 0.486111 0.469271 0.485185 0.460417 0.485185 0.459896 0.484259 0.456250 0.484259 0.455729 0.483333 0.453646 0.483333 0.453646 0.486111 0.453125 0.487037 0.453125 0.489815 0.452604 0.490741 0.452604 0.493519 0.452083 0.494444 0.452083 0.497222 0.451562 0.498148 0.451562 0.500926 0.451042 0.501852 0.451042 0.511111 0.451562 0.512037 0.451562 0.513889 0.452083 0.514815 0.452083 0.515741 0.453646 0.518519 0.454167 0.518519 0.454688 0.519444 0.455208 0.519444 0.455729 0.520370 0.457292 0.520370 0.457813 0.521296 0.460938 0.521296 0.461458 0.522222 0.468750 0.522222 0.469271 0.523148 0.491667 0.523148 0.492188 0.524074 0.520312 0.524074 0.520833 0.523148 0.538542 0.523148 0.539062 0.522222 0.543750 0.522222 0.544271 0.521296 0.546875 0.521296 0.547396 0.520370 0.547917 0.520370 0.548438 0.519444 0.549479 0.519444 0.551042 0.516667 0.551042 0.515741 0.551562 0.514815 0.551562 0.512963 0.552083 0.512037 0.552083 0.374074 0.551562 0.373148 0.551562 0.334259 0.551042 0.333333 0.551042 0.331481
1 0.604167 0.445370 0.102083 0.155556 0.553646 0.372222 0.553646 0.481481 0.554167 0.482407 0.554167 0.511111 0.554688 0.512037 0.554688 0.513889 0.555208 0.514815 0.555208 0.515741 0.556771 0.518519 0.557813 0.518519 0.558333 0.519444 0.558854 0.519444 0.559375 0.520370 0.561979 0.520370 0.562500 0.521296 0.566146 0.521296 0.566667 0.522222 0.577083 0.522222 0.577604 0.523148 0.638021 0.523148 0.638542 0.522222 0.645312 0.522222 0.645833 0.521296 0.649479 0.521296 0.650000 0.520370 0.650521 0.520370 0.651042 0.519444 0.652083 0.519444 0.654167 0.515741 0.654167 0.514815 0.654687 0.513889 0.654687 0.512963 0.655208 0.512037 0.655208 0.501852 0.654687 0.500926 0.654687 0.498148 0.654167 0.497222 0.654167 0.494444 0.653646 0.493519 0.653646 0.490741 0.653125 0.489815 0.653125 0.487037 0.652604 0.486111 0.652604 0.483333 0.652083 0.482407 0.652083 0.481481 0.651563 0.482407 0.648438 0.482407 0.647917 0.483333 0.640625 0.483333 0.640104 0.484259 0.579167 0.484259 0.578646 0.483333 0.568750 0.483333 0.568229 0.482407 0.564583 0.482407 0.564063 0.481481 0.561979 0.481481 0.561458 0.480556 0.560937 0.480556 0.560417 0.479630 0.559375 0.479630 0.557292 0.475926 0.557292 0.474074 0.556771 0.473148 0.556771 0.471296 0.556250 0.470370 0.556250 0.430556 0.555729 0.429630 0.555729 0.387963 0.555208 0.387037 0.555208 0.376852 0.553646 0.374074
1 0.291146 0.448148 0.109375 0.068519 0.344271 0.413889 0.344271 0.414815 0.343229 0.416667 0.343229 0.417593 0.342708 0.418519 0.342708 0.419444 0.342187 0.420370 0.342187 0.421296 0.341146 0.423148 0.341146 0.424074 0.340625 0.425000 0.340625 0.425926 0.340104 0.426852 0.340104 0.427778 0.339583 0.428704 0.339583 0.429630 0.338542 0.431481 0.338542 0.432407 0.338021 0.433333 0.338021 0.434259 0.337500 0.435185 0.337500 0.436111 0.336458 0.437963 0.336458 0.438889 0.335938 0.439815 0.335938 0.440741 0.334375 0.443519 0.333854 0.443519 0.333333 0.444444 0.332292 0.444444 0.331771 0.445370 0.330729 0.445370 0.330208 0.446296 0.326562 0.446296 0.326042 0.447222 0.318229 0.447222 0.317708 0.448148 0.261458 0.448148 0.260937 0.447222 0.248958 0.447222 0.248438 0.446296 0.244792 0.446296 0.244271 0.445370 0.242708 0.445370 0.242188 0.446296 0.242188 0.447222 0.240104 0.450926 0.240104 0.451852 0.238021 0.455556 0.238021 0.456481 0.237500 0.457407 0.237500 0.458333 0.236979 0.459259 0.236979 0.461111 0.236458 0.462037 0.236458 0.467593 0.236979 0.468519 0.236979 0.471296 0.237500 0.472222 0.237500 0.474074 0.239583 0.477778 0.240625 0.477778 0.241146 0.478704 0.241667 0.478704 0.242188 0.479630 0.244792 0.479630 0.245312 0.480556 0.250000 0.480556 0.250521 0.481481 0.263021 0.481481 0.263542 0.482407 0.317188 0.482407 0.317708 0.481481 0.326562 0.481481 0.327083 0.480556 0.330729 0.480556 0.331250 0.479630 0.332292 0.479630 0.332813 0.478704 0.333854 0.478704 0.335938 0.475000 0.335938 0.474074 0.336458 0.473148 0.336458 0.472222 0.336979 0.471296 0.336979 0.470370 0.338021 0.468519 0.338021 0.467593 0.338542 0.466667 0.338542 0.465741 0.339062 0.464815 0.339062 0.463889 0.339583 0.462963 0.339583 0.462037 0.340104 0.461111 0.340104 0.460185 0.340625 0.459259 0.340625 0.458333 0.341667 0.456481 0.341667 0.455556 0.342187 0.454630 0.342187 0.453704 0.342708 0.452778 0.342708 0.451852 0.343229 0.450926 0.343229 0.450000 0.343750 0.449074 0.343750 0.448148 0.344271 0.447222 0.344271 0.446296 0.344792 0.445370 0.344792 0.444444 0.345313 0.443519 0.343229 0.439815 0.343229 0.437963 0.342708 0.437037 0.342708 0.435185 0.342187 0.434259 0.342187 0.426852 0.342708 0.425926 0.342708 0.424074 0.343229 0.423148 0.343229 0.422222 0.343750 0.421296 0.343750 0.420370 0.344271 0.419444 0.344271 0.418519 0.344792 0.417593 0.344792 0.416667 0.345313 0.415741 0.345313 0.414815 0.345833 0.413889
1 0.397135 0.445370 0.104688 0.081481 0.448437 0.404630 0.448437 0.407407 0.447917 0.408333 0.447917 0.410185 0.447396 0.411111 0.447396 0.413889 0.446875 0.414815 0.446875 0.416667 0.446354 0.417593 0.446354 0.420370 0.445833 0.421296 0.445833 0.423148 0.445312 0.424074 0.445312 0.426852 0.444792 0.427778 0.444792 0.429630 0.444271 0.430556 0.444271 0.433333 0.443750 0.434259 0.443750 0.436111 0.443229 0.437037 0.443229 0.438889 0.442708 0.439815 0.442708 0.440741 0.440625 0.444444 0.439583 0.444444 0.439063 0.445370 0.438021 0.445370 0.437500 0.446296 0.434375 0.446296 0.433854 0.447222 0.427604 0.447222 0.427083 0.448148 0.363542 0.448148 0.363021 0.447222 0.354167 0.447222 0.353646 0.446296 0.350521 0.446296 0.350000 0.445370 0.350000 0.446296 0.349479 0.447222 0.349479 0.448148 0.348958 0.449074 0.348958 0.450000 0.348438 0.450926 0.348438 0.451852 0.347396 0.453704 0.347396 0.454630 0.346875 0.455556 0.346875 0.456481 0.346354 0.457407 0.346354 0.458333 0.345833 0.459259 0.345833 0.460185 0.345313 0.461111 0.345313 0.462963 0.344792 0.463889 0.344792 0.474074 0.345313 0.475000 0.345313 0.475926 0.345833 0.476852 0.345833 0.477778 0.347917 0.481481 0.348958 0.481481 0.349479 0.482407 0.350521 0.482407 0.351042 0.483333 0.354167 0.483333 0.354687 0.484259 0.360938 0.484259 0.361458 0.485185 0.377604 0.485185 0.378125 0.486111 0.419792 0.486111 0.420312 0.485185 0.433854 0.485185 0.434375 0.484259 0.438021 0.484259 0.438542 0.483333 0.440104 0.483333 0.440625 0.482407 0.441667 0.482407 0.442188 0.481481 0.442708 0.481481 0.444792 0.477778 0.444792 0.475926 0.445312 0.475000 0.445312 0.473148 0.445833 0.472222 0.445833 0.469444 0.446354 0.468519 0.446354 0.465741 0.446875 0.464815 0.446875 0.462037 0.447396 0.461111 0.447396 0.458333 0.447917 0.457407 0.447917 0.455556 0.448437 0.454630 0.448437 0.451852 0.448958 0.450926 0.448958 0.448148 0.449479 0.447222 0.449479 0.446296 0.448958 0.445370 0.448437 0.445370 0.446354 0.441667 0.446354 0.439815 0.445833 0.438889 0.445833 0.436111 0.445312 0.435185 0.445312 0.430556 0.445833 0.429630 0.445833 0.425926 0.446354 0.425000 0.446354 0.422222 0.446875 0.421296 0.446875 0.419444 0.447396 0.418519 0.447396 0.415741 0.447917 0.414815 0.447917 0.412963 0.448437 0.412037 0.448437 0.409259 0.448958 0.408333 0.448958 0.406481 0.448437 0.405556
1 0.498958 0.442130 0.101042 0.086111 0.549479 0.399074 0.549479 0.403704 0.548958 0.404630 0.548958 0.405556 0.548438 0.406481 0.548438 0.407407 0.547396 0.409259 0.547396 0.437963 0.546875 0.438889 0.546875 0.440741 0.546354 0.441667 0.546354 0.442593 0.544271 0.446296 0.543229 0.446296 0.542708 0.447222 0.541667 0.447222 0.541146 0.448148 0.539062 0.448148 0.538542 0.449074 0.533854 0.449074 0.533333 0.450000 0.515104 0.450000 0.514583 0.450926 0.486458 0.450926 0.485938 0.450000 0.464062 0.450000 0.463542 0.449074 0.456250 0.449074 0.455729 0.448148 0.452604 0.448148 0.452083 0.447222 0.451042 0.447222 0.451042 0.449074 0.450521 0.450000 0.450521 0.452778 0.450000 0.453704 0.450000 0.456481 0.449479 0.457407 0.449479 0.460185 0.448958 0.461111 0.448958 0.464815 0.448437 0.465741 0.448437 0.472222 0.448958 0.473148 0.448958 0.475000 0.449479 0.475926 0.449479 0.477778 0.451042 0.480556 0.452083 0.480556 0.452604 0.481481 0.453125 0.481481 0.453646 0.482407 0.455729 0.482407 0.456250 0.483333 0.459896 0.483333 0.460417 0.484259 0.469271 0.484259 0.469792 0.485185 0.532292 0.485185 0.532813 0.484259 0.539583 0.484259 0.540104 0.483333 0.543229 0.483333 0.543750 0.482407 0.544792 0.482407 0.545312 0.481481 0.546354 0.481481 0.548438 0.477778 0.548438 0.476852 0.548958 0.475926 0.548958 0.473148 0.549479 0.472222
1 0.607031 0.443519 0.101562 0.079630 0.556250 0.403704 0.556250 0.429630 0.556771 0.430556 0.556771 0.470370 0.557292 0.471296 0.557292 0.473148 0.557813 0.474074 0.557813 0.475926 0.559375 0.478704 0.560417 0.478704 0.560937 0.479630 0.561458 0.479630 0.561979 0.480556 0.564063 0.480556 0.564583 0.481481 0.568229 0.481481 0.568750 0.482407 0.578646 0.482407 0.579167 0.483333 0.640104 0.483333 0.640625 0.482407 0.647917 0.482407 0.648438 0.481481 0.651563 0.481481 0.652083 0.480556 0.653125 0.480556 0.653646 0.479630 0.654687 0.479630 0.656250 0.476852 0.656250 0.475926 0.656771 0.475000 0.656771 0.474074 0.657292 0.473148 0.657292 0.469444 0.657813 0.468519 0.657813 0.465741 0.657292 0.464815 0.657292 0.461111 0.656771 0.460185 0.656771 0.457407 0.656250 0.456481 0.656250 0.453704 0.655729 0.452778 0.655729 0.450926 0.654687 0.450926 0.654167 0.451852 0.651042 0.451852 0.650521 0.452778 0.642708 0.452778 0.642188 0.453704 0.582292 0.453704 0.581771 0.452778 0.570833 0.452778 0.570312 0.451852 0.567187 0.451852 0.566667 0.450926 0.564583 0.450926 0.564063 0.450000 0.563021 0.450000 0.562500 0.449074 0.561458 0.449074 0.559896 0.446296 0.559896 0.445370 0.559375 0.444444 0.559375 0.443519 0.558854 0.442593 0.558854 0.440741 0.558333 0.439815 0.558333 0.414815 0.557813 0.413889 0.557813 0.409259 0.556771 0.407407 0.556771 0.406481 0.556250 0.405556
1 0.289844 0.424074 0.107813 0.046296 0.338542 0.400926 0.338542 0.401852 0.337500 0.403704 0.337500 0.404630 0.336979 0.405556 0.336979 0.406481 0.334896 0.410185 0.334896 0.411111 0.334375 0.412037 0.333333 0.412037 0.332813 0.412963 0.332292 0.412963 0.331771 0.413889 0.329688 0.413889 0.329167 0.414815 0.325521 0.414815 0.325000 0.415741 0.312500 0.415741 0.311979 0.416667 0.267708 0.416667 0.267188 0.415741 0.251563 0.415741 0.251042 0.414815 0.245312 0.414815 0.244792 0.413889 0.241667 0.413889 0.241146 0.412963 0.241146 0.413889 0.238021 0.419444 0.238021 0.420370 0.236979 0.422222 0.236979 0.423148 0.236458 0.424074 0.236458 0.428704 0.235937 0.429630 0.235937 0.431481 0.236458 0.432407 0.236458 0.436111 0.236979 0.437037 0.236979 0.437963 0.237500 0.438889 0.237500 0.439815 0.239063 0.442593 0.240104 0.442593 0.240625 0.443519 0.241146 0.443519 0.241667 0.444444 0.244271 0.444444 0.244792 0.445370 0.248438 0.445370 0.248958 0.446296 0.260937 0.446296 0.261458 0.447222 0.317708 0.447222 0.318229 0.446296 0.326042 0.446296 0.326562 0.445370 0.330208 0.445370 0.330729 0.444444 0.331771 0.444444 0.332292 0.443519 0.333333 0.443519 0.333854 0.442593 0.334375 0.442593 0.335417 0.440741 0.335417 0.439815 0.335938 0.438889 0.335938 0.437963 0.336979 0.436111 0.336979 0.435185 0.337500 0.434259 0.337500 0.433333 0.338021 0.432407 0.338021 0.431481 0.339062 0.429630 0.339062 0.428704 0.339583 0.427778 0.339583 0.426852 0.340104 0.425926 0.340104 0.425000 0.340625 0.424074 0.340625 0.423148 0.341667 0.421296 0.341667 0.420370 0.342187 0.419444 0.342187 0.418519 0.342708 0.417593 0.342708 0.416667 0.343750 0.414815 0.343750 0.412963 0.342708 0.412963 0.342187 0.412037 0.341667 0.412037 0.339062 0.407407 0.339062 0.405556 0.338542 0.404630
1 0.496354 0.428704 0.101042 0.042593 0.449479 0.407407 0.449479 0.408333 0.448958 0.409259 0.448958 0.412037 0.448437 0.412963 0.448437 0.414815 0.447917 0.415741 0.447917 0.418519 0.447396 0.419444 0.447396 0.421296 0.446875 0.422222 0.446875 0.425000 0.446354 0.425926 0.446354 0.429630 0.445833 0.430556 0.445833 0.435185 0.446354 0.436111 0.446354 0.438889 0.446875 0.439815 0.446875 0.441667 0.448437 0.444444 0.448958 0.444444 0.449479 0.445370 0.450521 0.445370 0.451042 0.446296 0.452083 0.446296 0.452604 0.447222 0.455729 0.447222 0.456250 0.448148 0.463542 0.448148 0.464062 0.449074 0.485938 0.449074 0.486458 0.450000 0.514583 0.450000 0.515104 0.449074 0.533333 0.449074 0.533854 0.448148 0.538542 0.448148 0.539062 0.447222 0.541146 0.447222 0.541667 0.446296 0.542708 0.446296 0.543229 0.445370 0.544271 0.445370 0.545833 0.442593 0.545833 0.441667 0.546354 0.440741 0.546354 0.438889 0.546875 0.437963 0.546875 0.410185 0.546354 0.410185 0.545833 0.411111 0.544792 0.411111 0.544271 0.412037 0.543229 0.412037 0.542708 0.412963 0.539062 0.412963 0.538542 0.413889 0.530729 0.413889 0.530208 0.414815 0.471875 0.414815 0.471354 0.413889 0.460417 0.413889 0.459896 0.412963 0.456250 0.412963 0.455729 0.412037 0.453646 0.412037 0.453125 0.411111 0.452083 0.411111 0.451562 0.410185 0.451042 0.410185
1 0.609375 0.430556 0.102083 0.044444 0.656250 0.408333 0.654687 0.411111 0.654167 0.411111 0.653646 0.412037 0.652604 0.412037 0.652083 0.412963 0.650521 0.412963 0.650000 0.413889 0.646354 0.413889 0.645833 0.414815 0.636458 0.414815 0.635938 0.415741 0.585417 0.415741 0.584896 0.414815 0.570833 0.414815 0.570312 0.413889 0.565104 0.413889 0.564583 0.412963 0.561979 0.412963 0.561458 0.412037 0.560417 0.412037 0.559896 0.411111 0.558854 0.411111 0.558333 0.410185 0.558333 0.413889 0.558854 0.414815 0.558854 0.439815 0.559375 0.440741 0.559375 0.442593 0.559896 0.443519 0.559896 0.444444 0.560417 0.445370 0.560417 0.446296 0.561458 0.448148 0.562500 0.448148 0.563021 0.449074 0.564063 0.449074 0.564583 0.450000 0.566667 0.450000 0.567187 0.450926 0.570312 0.450926 0.570833 0.451852 0.581771 0.451852 0.582292 0.452778 0.642188 0.452778 0.642708 0.451852 0.650521 0.451852 0.651042 0.450926 0.654167 0.450926 0.654687 0.450000 0.655729 0.450000 0.656250 0.449074 0.657292 0.449074 0.659375 0.445370 0.659375 0.444444 0.659896 0.443519 0.659896 0.442593 0.660417 0.441667 0.660417 0.431481 0.659896 0.430556 0.659896 0.428704 0.659375 0.427778 0.659375 0.425000 0.658854 0.424074 0.658854 0.422222 0.658333 0.421296 0.658333 0.419444 0.657813 0.418519 0.657813 0.415741 0.657292 0.414815 0.657292 0.412963 0.656771 0.412037 0.656771 0.409259
1 0.289844 0.390278 0.108854 0.050926 0.340104 0.364815 0.340104 0.365741 0.339062 0.367593 0.339062 0.368519 0.338542 0.369444 0.338542 0.370370 0.337500 0.372222 0.337500 0.373148 0.335417 0.376852 0.334896 0.376852 0.334375 0.377778 0.333333 0.377778 0.332813 0.378704 0.330729 0.378704 0.330208 0.379630 0.327083 0.379630 0.326562 0.380556 0.314063 0.380556 0.313542 0.381481 0.267708 0.381481 0.267188 0.380556 0.252083 0.380556 0.251563 0.379630 0.246354 0.379630 0.245833 0.378704 0.242188 0.378704 0.240104 0.382407 0.240104 0.383333 0.236458 0.389815 0.236458 0.391667 0.235937 0.392593 0.235937 0.396296 0.235417 0.397222 0.235417 0.400000 0.235937 0.400926 0.235937 0.404630 0.236458 0.405556 0.236458 0.406481 0.236979 0.407407 0.236979 0.408333 0.238021 0.410185 0.238542 0.410185 0.239063 0.411111 0.239583 0.411111 0.240104 0.412037 0.241146 0.412037 0.241667 0.412963 0.244792 0.412963 0.245312 0.413889 0.251042 0.413889 0.251563 0.414815 0.267188 0.414815 0.267708 0.415741 0.311979 0.415741 0.312500 0.414815 0.325000 0.414815 0.325521 0.413889 0.329167 0.413889 0.329688 0.412963 0.331771 0.412963 0.332292 0.412037 0.332813 0.412037 0.333333 0.411111 0.334375 0.411111 0.334375 0.410185 0.336458 0.406481 0.336458 0.405556 0.336979 0.404630 0.336979 0.403704 0.338021 0.401852 0.338021 0.398148 0.338542 0.397222 0.338542 0.393519 0.339062 0.392593 0.339062 0.390741 0.339583 0.389815 0.339583 0.388889 0.340625 0.387037 0.340625 0.386111 0.341146 0.385185 0.341146 0.384259 0.342187 0.382407 0.342187 0.381481 0.342708 0.380556 0.342708 0.379630 0.343750 0.377778 0.343750 0.376852 0.344271 0.375926 0.343750 0.375926 0.341146 0.371296 0.341146 0.370370 0.340625 0.369444 0.340625 0.366667 0.340104 0.365741
1 0.394531 0.376389 0.111979 0.078704 0.447917 0.337037 0.447396 0.337963 0.447396 0.340741 0.446875 0.341667 0.446875 0.343519 0.446354 0.344444 0.446354 0.346296 0.445833 0.347222 0.445833 0.349074 0.445312 0.350000 0.445312 0.351852 0.444792 0.352778 0.444792 0.354630 0.444271 0.355556 0.444271 0.357407 0.443750 0.358333 0.443750 0.361111 0.443229 0.362037 0.443229 0.363889 0.442708 0.364815 0.442708 0.366667 0.442188 0.367593 0.442188 0.369444 0.441667 0.370370 0.441667 0.371296 0.440625 0.373148 0.440625 0.374074 0.439583 0.375926 0.439063 0.375926 0.438542 0.376852 0.437500 0.376852 0.436979 0.377778 0.435417 0.377778 0.434896 0.378704 0.431250 0.378704 0.430729 0.379630 0.421354 0.379630 0.420833 0.380556 0.369271 0.380556 0.368750 0.379630 0.355208 0.379630 0.354687 0.378704 0.350000 0.378704 0.349479 0.377778 0.346354 0.377778 0.345833 0.376852 0.345313 0.376852 0.344792 0.375926 0.344271 0.376852 0.344271 0.377778 0.343229 0.379630 0.343229 0.380556 0.342708 0.381481 0.342708 0.382407 0.341667 0.384259 0.341667 0.385185 0.341146 0.386111 0.341146 0.387037 0.340104 0.388889 0.340104 0.389815 0.339583 0.390741 0.339583 0.392593 0.339062 0.393519 0.339062 0.397222 0.338542 0.398148 0.338542 0.400000 0.339062 0.400926 0.339062 0.404630 0.339583 0.405556 0.339583 0.407407 0.341667 0.411111 0.342187 0.411111 0.342708 0.412037 0.343750 0.412037 0.344271 0.412963 0.345833 0.412963 0.346354 0.413889 0.349479 0.413889 0.350000 0.414815 0.358854 0.414815 0.359375 0.415741 0.423958 0.415741 0.424479 0.414815 0.430729 0.414815 0.431250 0.413889 0.434375 0.413889 0.434896 0.412963 0.435937 0.412963 0.436458 0.412037 0.436979 0.412037 0.439063 0.408333 0.439063 0.407407 0.439583 0.406481 0.439583 0.404630 0.440104 0.403704 0.440104 0.401852 0.440625 0.400926 0.440625 0.399074 0.441146 0.398148 0.441146 0.396296 0.441667 0.395370 0.441667 0.392593 0.442188 0.391667 0.442188 0.389815 0.442708 0.388889 0.442708 0.387037 0.443229 0.386111 0.443229 0.384259 0.443750 0.383333 0.443750 0.380556 0.444271 0.379630 0.444271 0.377778 0.444792 0.376852 0.444792 0.375000 0.445312 0.374074 0.445312 0.371296 0.445833 0.370370 0.445833 0.368519 0.446354 0.367593 0.446354 0.365741 0.446875 0.364815 0.446875 0.362963 0.447396 0.362037 0.447396 0.359259 0.447917 0.358333 0.447917 0.356481 0.448437 0.355556 0.448437 0.353704 0.448958 0.352778 0.448958 0.350926 0.449479 0.350000 0.449479 0.347222 0.450000 0.346296 0.450000 0.344444 0.450521 0.343519 0.447917 0.338889
1 0.498698 0.391667 0.101562 0.044444 0.549479 0.369444 0.549479 0.371296 0.547396 0.375000 0.546875 0.375000 0.546354 0.375926 0.545312 0.375926 0.544792 0.376852 0.543229 0.376852 0.542708 0.377778 0.539062 0.377778 0.538542 0.378704 0.529687 0.378704 0.529167 0.379630 0.475000 0.379630 0.474479 0.378704 0.461979 0.378704 0.461458 0.377778 0.457292 0.377778 0.456771 0.376852 0.454167 0.376852 0.453646 0.375926 0.452604 0.375926 0.452083 0.375000 0.451042 0.375000 0.451042 0.377778 0.450521 0.378704 0.450521 0.380556 0.450000 0.381481 0.450000 0.383333 0.449479 0.384259 0.449479 0.387037 0.448958 0.387963 0.448958 0.389815 0.448437 0.390741 0.448437 0.395370 0.447917 0.396296 0.447917 0.398148 0.448437 0.399074 0.448437 0.402778 0.448958 0.403704 0.448958 0.405556 0.451042 0.409259 0.451562 0.409259 0.452083 0.410185 0.453125 0.410185 0.453646 0.411111 0.455729 0.411111 0.456250 0.412037 0.459896 0.412037 0.460417 0.412963 0.471354 0.412963 0.471875 0.413889 0.530208 0.413889 0.530729 0.412963 0.538542 0.412963 0.539062 0.412037 0.542708 0.412037 0.543229 0.411111 0.544271 0.411111 0.544792 0.410185 0.545833 0.410185 0.546354 0.409259 0.546875 0.409259 0.547917 0.407407 0.547917 0.406481 0.548438 0.405556 0.548438 0.404630 0.548958 0.403704 0.548958 0.399074 0.549479 0.398148
1 0.606510 0.395833 0.101562 0.037963 0.654167 0.376852 0.653125 0.378704 0.652604 0.378704 0.652083 0.379630 0.651563 0.379630 0.651042 0.380556 0.650000 0.380556 0.649479 0.381481 0.646354 0.381481 0.645833 0.382407 0.640104 0.382407 0.639583 0.383333 0.606771 0.383333 0.606250 0.384259 0.603646 0.384259 0.603125 0.383333 0.573438 0.383333 0.572917 0.382407 0.564583 0.382407 0.564063 0.381481 0.560417 0.381481 0.559896 0.380556 0.558333 0.380556 0.557813 0.379630 0.557292 0.379630 0.556771 0.378704 0.556250 0.378704 0.555729 0.377778 0.555729 0.387037 0.556250 0.387963 0.556250 0.402778 0.556771 0.403704 0.556771 0.405556 0.557292 0.406481 0.557292 0.407407 0.558854 0.410185 0.559896 0.410185 0.560417 0.411111 0.561458 0.411111 0.561979 0.412037 0.564583 0.412037 0.565104 0.412963 0.570312 0.412963 0.570833 0.413889 0.584896 0.413889 0.585417 0.414815 0.635938 0.414815 0.636458 0.413889 0.645833 0.413889 0.646354 0.412963 0.650000 0.412963 0.650521 0.412037 0.652083 0.412037 0.652604 0.411111 0.653646 0.411111 0.654167 0.410185 0.654687 0.410185 0.656250 0.407407 0.656250 0.406481 0.656771 0.405556 0.656771 0.404630 0.657292 0.403704 0.657292 0.393519 0.656771 0.392593 0.656771 0.389815 0.656250 0.388889 0.656250 0.387037 0.655729 0.386111 0.655729 0.384259 0.655208 0.383333 0.655208 0.380556 0.654687 0.379630 0.654687 0.377778
1 0.291146 0.353241 0.109375 0.054630 0.341146 0.325926 0.340625 0.326852 0.340625 0.327778 0.339583 0.329630 0.339583 0.330556 0.338542 0.332407 0.338542 0.333333 0.337500 0.335185 0.337500 0.336111 0.334375 0.341667 0.333854 0.341667 0.333333 0.342593 0.332292 0.342593 0.331771 0.343519 0.329167 0.343519 0.328646 0.344444 0.323958 0.344444 0.323437 0.345370 0.305729 0.345370 0.305208 0.346296 0.274479 0.346296 0.273958 0.345370 0.253646 0.345370 0.253125 0.344444 0.246354 0.344444 0.245833 0.343519 0.243229 0.343519 0.243229 0.344444 0.237500 0.354630 0.237500 0.356481 0.236979 0.357407 0.236979 0.360185 0.236458 0.361111 0.236458 0.364815 0.236979 0.365741 0.236979 0.369444 0.237500 0.370370 0.237500 0.371296 0.238021 0.372222 0.238021 0.373148 0.239063 0.375000 0.239583 0.375000 0.240104 0.375926 0.240625 0.375926 0.241146 0.376852 0.242188 0.376852 0.242708 0.377778 0.245833 0.377778 0.246354 0.378704 0.251563 0.378704 0.252083 0.379630 0.267188 0.379630 0.267708 0.380556 0.313542 0.380556 0.314063 0.379630 0.326562 0.379630 0.327083 0.378704 0.330208 0.378704 0.330729 0.377778 0.332813 0.377778 0.333333 0.376852 0.334375 0.376852 0.334896 0.375926 0.335417 0.375926 0.336979 0.373148 0.336979 0.372222 0.338021 0.370370 0.338021 0.369444 0.338542 0.368519 0.338542 0.367593 0.339583 0.365741 0.339583 0.364815 0.340104 0.363889 0.340104 0.358333 0.340625 0.357407 0.340625 0.355556 0.341146 0.354630 0.341146 0.353704 0.341667 0.352778 0.341667 0.351852 0.342708 0.350000 0.342708 0.349074 0.343750 0.347222 0.343750 0.346296 0.344271 0.345370 0.344271 0.344444 0.345313 0.342593 0.345313 0.341667 0.345833 0.340741 0.345833 0.339815 0.344792 0.339815 0.341667 0.334259 0.341667 0.332407 0.341146 0.331481
1 0.403385 0.298611 0.125521 0.162037 0.464583 0.217593 0.464583 0.219444 0.464062 0.220370 0.464062 0.222222 0.463542 0.223148 0.463542 0.225000 0.463021 0.225926 0.463021 0.227778 0.462500 0.228704 0.462500 0.230556 0.461979 0.231481 0.461979 0.233333 0.461458 0.234259 0.461458 0.236111 0.460938 0.237037 0.460938 0.238889 0.460417 0.239815 0.460417 0.241667 0.459896 0.242593 0.459896 0.243519 0.459375 0.244444 0.459375 0.246296 0.458854 0.247222 0.458854 0.249074 0.458333 0.250000 0.458333 0.251852 0.457813 0.252778 0.457813 0.254630 0.457292 0.255556 0.457292 0.257407 0.456771 0.258333 0.456771 0.260185 0.456250 0.261111 0.456250 0.262963 0.455729 0.263889 0.455729 0.265741 0.455208 0.266667 0.455208 0.268519 0.454688 0.269444 0.454688 0.271296 0.454167 0.272222 0.454167 0.274074 0.453646 0.275000 0.453646 0.276852 0.453125 0.277778 0.453125 0.279630 0.452604 0.280556 0.452604 0.282407 0.452083 0.283333 0.452083 0.285185 0.451562 0.286111 0.451562 0.287963 0.451042 0.288889 0.451042 0.290741 0.450521 0.291667 0.450521 0.293519 0.450000 0.294444 0.450000 0.296296 0.449479 0.297222 0.449479 0.299074 0.448958 0.300000 0.448958 0.301852 0.448437 0.302778 0.448437 0.304630 0.447917 0.305556 0.447917 0.307407 0.447396 0.308333 0.447396 0.310185 0.446875 0.311111 0.446875 0.312963 0.446354 0.313889 0.446354 0.315741 0.445833 0.316667 0.445833 0.318519 0.445312 0.319444 0.445312 0.321296 0.444792 0.322222 0.444792 0.324074 0.444271 0.325000 0.444271 0.326852 0.443750 0.327778 0.443750 0.329630 0.443229 0.330556 0.443229 0.332407 0.442708 0.333333 0.442708 0.334259 0.442188 0.335185 0.442188 0.336111 0.440104 0.339815 0.439583 0.339815 0.439063 0.340741 0.438021 0.340741 0.437500 0.341667 0.435417 0.341667 0.434896 0.342593 0.431771 0.342593 0.431250 0.343519 0.418750 0.343519 0.418229 0.344444 0.372396 0.344444 0.371875 0.343519 0.357292 0.343519 0.356771 0.342593 0.351042 0.342593 0.350521 0.341667 0.347396 0.341667 0.346875 0.340741 0.346354 0.340741 0.345833 0.341667 0.345833 0.342593 0.344792 0.344444 0.344792 0.345370 0.344271 0.346296 0.344271 0.347222 0.343229 0.349074 0.343229 0.350000 0.342187 0.351852 0.342187 0.352778 0.341667 0.353704 0.341667 0.354630 0.341146 0.355556 0.341146 0.357407 0.340625 0.358333 0.340625 0.365741 0.341146 0.366667 0.341146 0.369444 0.341667 0.370370 0.341667 0.371296 0.343750 0.375000 0.344792 0.375000 0.345313 0.375926 0.345833 0.375926 0.346354 0.376852 0.349479 0.376852 0.350000 0.377778 0.354687 0.377778 0.355208 0.378704 0.368750 0.378704 0.369271 0.379630 0.420833 0.379630 0.421354 0.378704 0.430729 0.378704 0.431250 0.377778 0.434896 0.377778 0.435417 0.376852 0.436979 0.376852 0.437500 0.375926 0.438542 0.375926 0.439063 0.375000 0.439583 0.375000 0.440104 0.374074 0.440104 0.373148 0.441146 0.371296 0.441146 0.370370 0.441667 0.369444 0.441667 0.367593 0.442188 0.366667 0.442188 0.364815 0.442708 0.363889 0.442708 0.362037 0.443229 0.361111 0.443229 0.358333 0.443750 0.357407 0.443750 0.355556 0.444271 0.354630 0.444271 0.352778 0.444792 0.351852 0.444792 0.350000 0.445312 0.349074 0.445312 0.347222 0.445833 0.346296 0.445833 0.344444 0.446354 0.343519 0.446354 0.341667 0.446875 0.340741 0.446875 0.337963 0.447396 0.337037 0.447396 0.333333 0.446875 0.332407 0.446875 0.328704 0.447396 0.327778 0.447396 0.324074 0.447917 0.323148 0.447917 0.321296 0.448437 0.320370 0.448437 0.318519 0.448958 0.317593 0.448958 0.315741 0.449479 0.314815 0.449479 0.312963 0.450000 0.312037 0.450000 0.309259 0.450521 0.308333 0.450521 0.306481 0.451042 0.305556 0.451042 0.303704 0.451562 0.302778 0.451562 0.300926 0.452083 0.300000 0.452083 0.298148 0.452604 0.297222 0.452604 0.295370 0.453125 0.294444 0.453125 0.292593 0.453646 0.291667 0.453646 0.289815 0.454167 0.288889 0.454167 0.287037 0.454688 0.286111 0.454688 0.284259 0.455208 0.283333 0.455208 0.281481 0.455729 0.280556 0.455729 0.278704 0.456250 0.277778 0.456250 0.275926 0.456771 0.275000 0.456771 0.272222 0.457292 0.271296 0.457292 0.269444 0.457813 0.268519 0.457813 0.266667 0.458333 0.265741 0.458333 0.263889 0.458854 0.262963 0.458854 0.261111 0.459375 0.260185 0.459375 0.258333 0.459896 0.257407 0.459896 0.255556 0.460417 0.254630 0.460417 0.252778 0.460938 0.251852 0.460938 0.250000 0.461458 0.249074 0.461458 0.247222 0.461979 0.246296 0.461979 0.244444 0.462500 0.243519 0.462500 0.241667 0.463021 0.240741 0.463021 0.238889 0.463542 0.237963 0.463542 0.235185 0.464062 0.234259 0.464062 0.232407 0.464583 0.231481 0.464583 0.229630 0.465104 0.228704 0.465104 0.226852 0.465625 0.225926 0.465625 0.224074 0.466146 0.223148 0.466146 0.220370
1 0.499219 0.355093 0.101562 0.047222 0.550000 0.331481 0.550000 0.336111 0.549479 0.337037 0.549479 0.338889 0.546354 0.344444 0.545312 0.344444 0.544792 0.345370 0.543750 0.345370 0.543229 0.346296 0.539583 0.346296 0.539062 0.347222 0.530729 0.347222 0.530208 0.348148 0.470313 0.348148 0.469792 0.347222 0.459896 0.347222 0.459375 0.346296 0.455729 0.346296 0.455208 0.345370 0.453125 0.345370 0.452604 0.344444 0.451562 0.344444 0.451042 0.343519 0.451042 0.345370 0.450521 0.346296 0.450521 0.348148 0.450000 0.349074 0.450000 0.351852 0.449479 0.352778 0.449479 0.354630 0.448958 0.355556 0.448958 0.359259 0.448437 0.360185 0.448437 0.363889 0.448958 0.364815 0.448958 0.367593 0.449479 0.368519 0.449479 0.370370 0.451562 0.374074 0.452083 0.374074 0.452604 0.375000 0.453646 0.375000 0.454167 0.375926 0.456771 0.375926 0.457292 0.376852 0.461458 0.376852 0.461979 0.377778 0.474479 0.377778 0.475000 0.378704 0.529167 0.378704 0.529687 0.377778 0.538542 0.377778 0.539062 0.376852 0.542708 0.376852 0.543229 0.375926 0.544792 0.375926 0.545312 0.375000 0.546354 0.375000 0.546875 0.374074 0.547396 0.374074 0.548958 0.371296 0.548958 0.369444 0.549479 0.368519 0.549479 0.365741 0.550000 0.364815
1 0.603906 0.304630 0.102604 0.157407 0.553125 0.274074 0.553125 0.366667 0.553646 0.367593 0.553646 0.371296 0.554167 0.372222 0.554167 0.374074 0.556250 0.377778 0.556771 0.377778 0.557292 0.378704 0.557813 0.378704 0.558333 0.379630 0.559896 0.379630 0.560417 0.380556 0.564063 0.380556 0.564583 0.381481 0.572917 0.381481 0.573438 0.382407 0.603125 0.382407 0.603646 0.383333 0.606250 0.383333 0.606771 0.382407 0.639583 0.382407 0.640104 0.381481 0.645833 0.381481 0.646354 0.380556 0.649479 0.380556 0.650000 0.379630 0.651042 0.379630 0.651563 0.378704 0.652083 0.378704 0.652604 0.377778 0.653125 0.377778 0.654167 0.375926 0.654167 0.375000 0.654687 0.374074 0.654687 0.372222 0.655208 0.371296 0.655208 0.361111 0.654687 0.360185 0.654687 0.357407 0.654167 0.356481 0.654167 0.354630 0.653646 0.353704 0.653646 0.351852 0.653125 0.350926 0.653125 0.349074 0.652604 0.348148 0.652604 0.346296 0.652083 0.345370 0.652083 0.342593 0.651563 0.341667 0.651563 0.339815 0.651042 0.339815 0.650521 0.340741 0.650000 0.340741 0.649479 0.341667 0.646354 0.341667 0.645833 0.342593 0.640104 0.342593 0.639583 0.343519 0.613542 0.343519 0.613021 0.344444 0.601562 0.344444 0.601042 0.343519 0.572917 0.343519 0.572396 0.342593 0.564583 0.342593 0.564063 0.341667 0.560937 0.341667 0.560417 0.340741 0.558854 0.340741 0.558333 0.339815 0.557292 0.339815 0.556771 0.338889 0.556250 0.338889 0.554167 0.335185 0.554167 0.333333 0.553646 0.332407 0.553646 0.330556 0.553125 0.329630